Scalar DZ under Static for NODALGROUP 2: NODENUMBER X0  Y0  Z0  RESULT-1 RESULT-2 ... RESULT-N
936
   0.0000E+00
         936  0.0000E+00  0.0000E+00  5.0050E-01  5.0000E-04
         937  2.0000E-02  0.0000E+00  5.0050E-01  5.0000E-04
         938  0.0000E+00  2.0000E-02  5.0050E-01  5.0000E-04
         939  2.0000E-02  2.0000E-02  5.0050E-01  5.0000E-04
         940  0.0000E+00  0.0000E+00  5.2050E-01  4.8000E-04
         941  2.0000E-02  0.0000E+00  5.2050E-01  4.8000E-04
         942  0.0000E+00  2.0000E-02  5.2050E-01  4.8000E-04
         943  2.0000E-02  2.0000E-02  5.2050E-01  4.8000E-04
         944  0.0000E+00  0.0000E+00  5.4050E-01  4.6000E-04
         945  2.0000E-02  0.0000E+00  5.4050E-01  4.6000E-04
         946  0.0000E+00  2.0000E-02  5.4050E-01  4.6000E-04
         947  2.0000E-02  2.0000E-02  5.4050E-01  4.6000E-04
         948  0.0000E+00  0.0000E+00  5.6050E-01  4.4000E-04
         949  2.0000E-02  0.0000E+00  5.6050E-01  4.4000E-04
         950  0.0000E+00  2.0000E-02  5.6050E-01  4.4000E-04
         951  2.0000E-02  2.0000E-02  5.6050E-01  4.4000E-04
         952  0.0000E+00  0.0000E+00  5.8050E-01  4.2000E-04
         953  2.0000E-02  0.0000E+00  5.8050E-01  4.2000E-04
         954  0.0000E+00  2.0000E-02  5.8050E-01  4.2000E-04
         955  2.0000E-02  2.0000E-02  5.8050E-01  4.2000E-04
         956  0.0000E+00  0.0000E+00  6.0050E-01  4.0000E-04
         957  2.0000E-02  0.0000E+00  6.0050E-01  4.0000E-04
         958  0.0000E+00  2.0000E-02  6.0050E-01  4.0000E-04
         959  2.0000E-02  2.0000E-02  6.0050E-01  4.0000E-04
         960  0.0000E+00  0.0000E+00  6.2050E-01  3.8000E-04
         961  2.0000E-02  0.0000E+00  6.2050E-01  3.8000E-04
         962  0.0000E+00  2.0000E-02  6.2050E-01  3.8000E-04
         963  2.0000E-02  2.0000E-02  6.2050E-01  3.8000E-04
         964  0.0000E+00  0.0000E+00  6.4050E-01  3.6000E-04
         965  2.0000E-02  0.0000E+00  6.4050E-01  3.6000E-04
         966  0.0000E+00  2.0000E-02  6.4050E-01  3.6000E-04
         967  2.0000E-02  2.0000E-02  6.4050E-01  3.6000E-04
         968  0.0000E+00  0.0000E+00  6.6050E-01  3.4000E-04
         969  2.0000E-02  0.0000E+00  6.6050E-01  3.4000E-04
         970  0.0000E+00  2.0000E-02  6.6050E-01  3.4000E-04
         971  2.0000E-02  2.0000E-02  6.6050E-01  3.4000E-04
         972  0.0000E+00  0.0000E+00  6.8050E-01  3.2000E-04
         973  2.0000E-02  0.0000E+00  6.8050E-01  3.2000E-04
         974  0.0000E+00  2.0000E-02  6.8050E-01  3.2000E-04
         975  2.0000E-02  2.0000E-02  6.8050E-01  3.2000E-04
         976  0.0000E+00  0.0000E+00  7.0050E-01  3.0000E-04
         977  2.0000E-02  0.0000E+00  7.0050E-01  3.0000E-04
         978  0.0000E+00  2.0000E-02  7.0050E-01  3.0000E-04
         979  2.0000E-02  2.0000E-02  7.0050E-01  3.0000E-04
         980  0.0000E+00  0.0000E+00  7.2050E-01  2.8000E-04
         981  2.0000E-02  0.0000E+00  7.2050E-01  2.8000E-04
         982  0.0000E+00  2.0000E-02  7.2050E-01  2.8000E-04
         983  2.0000E-02  2.0000E-02  7.2050E-01  2.8000E-04
         984  0.0000E+00  0.0000E+00  7.4050E-01  2.6000E-04
         985  2.0000E-02  0.0000E+00  7.4050E-01  2.6000E-04
         986  0.0000E+00  2.0000E-02  7.4050E-01  2.6000E-04
         987  2.0000E-02  2.0000E-02  7.4050E-01  2.6000E-04
         988  0.0000E+00  0.0000E+00  7.6050E-01  2.4000E-04
         989  2.0000E-02  0.0000E+00  7.6050E-01  2.4000E-04
         990  0.0000E+00  2.0000E-02  7.6050E-01  2.4000E-04
         991  2.0000E-02  2.0000E-02  7.6050E-01  2.4000E-04
         992  0.0000E+00  0.0000E+00  7.8050E-01  2.2000E-04
         993  2.0000E-02  0.0000E+00  7.8050E-01  2.2000E-04
         994  0.0000E+00  2.0000E-02  7.8050E-01  2.2000E-04
         995  2.0000E-02  2.0000E-02  7.8050E-01  2.2000E-04
         996  0.0000E+00  0.0000E+00  8.0050E-01  2.0000E-04
         997  2.0000E-02  0.0000E+00  8.0050E-01  2.0000E-04
         998  0.0000E+00  2.0000E-02  8.0050E-01  2.0000E-04
         999  2.0000E-02  2.0000E-02  8.0050E-01  2.0000E-04
        1000  0.0000E+00  0.0000E+00  8.2050E-01  1.8000E-04
        1001  2.0000E-02  0.0000E+00  8.2050E-01  1.8000E-04
        1002  0.0000E+00  2.0000E-02  8.2050E-01  1.8000E-04
        1003  2.0000E-02  2.0000E-02  8.2050E-01  1.8000E-04
        1004  0.0000E+00  0.0000E+00  8.4050E-01  1.6000E-04
        1005  2.0000E-02  0.0000E+00  8.4050E-01  1.6000E-04
        1006  0.0000E+00  2.0000E-02  8.4050E-01  1.6000E-04
        1007  2.0000E-02  2.0000E-02  8.4050E-01  1.6000E-04
        1008  0.0000E+00  0.0000E+00  8.6050E-01  1.4000E-04
        1009  2.0000E-02  0.0000E+00  8.6050E-01  1.4000E-04
        1010  0.0000E+00  2.0000E-02  8.6050E-01  1.4000E-04
        1011  2.0000E-02  2.0000E-02  8.6050E-01  1.4000E-04
        1012  0.0000E+00  0.0000E+00  8.8050E-01  1.2000E-04
        1013  2.0000E-02  0.0000E+00  8.8050E-01  1.2000E-04
        1014  0.0000E+00  2.0000E-02  8.8050E-01  1.2000E-04
        1015  2.0000E-02  2.0000E-02  8.8050E-01  1.2000E-04
        1016  0.0000E+00  0.0000E+00  9.0050E-01  1.0000E-04
        1017  2.0000E-02  0.0000E+00  9.0050E-01  1.0000E-04
        1018  0.0000E+00  2.0000E-02  9.0050E-01  1.0000E-04
        1019  2.0000E-02  2.0000E-02  9.0050E-01  1.0000E-04
        1020  0.0000E+00  0.0000E+00  9.2050E-01  8.0000E-05
        1021  2.0000E-02  0.0000E+00  9.2050E-01  8.0000E-05
        1022  0.0000E+00  2.0000E-02  9.2050E-01  8.0000E-05
        1023  2.0000E-02  2.0000E-02  9.2050E-01  8.0000E-05
        1024  0.0000E+00  0.0000E+00  9.4050E-01  6.0000E-05
        1025  2.0000E-02  0.0000E+00  9.4050E-01  6.0000E-05
        1026  0.0000E+00  2.0000E-02  9.4050E-01  6.0000E-05
        1027  2.0000E-02  2.0000E-02  9.4050E-01  6.0000E-05
        1028  0.0000E+00  0.0000E+00  9.6050E-01  4.0000E-05
        1029  2.0000E-02  0.0000E+00  9.6050E-01  4.0000E-05
        1030  0.0000E+00  2.0000E-02  9.6050E-01  4.0000E-05
        1031  2.0000E-02  2.0000E-02  9.6050E-01  4.0000E-05
        1032  0.0000E+00  0.0000E+00  9.8050E-01  2.0000E-05
        1033  2.0000E-02  0.0000E+00  9.8050E-01  2.0000E-05
        1034  0.0000E+00  2.0000E-02  9.8050E-01  2.0000E-05
        1035  2.0000E-02  2.0000E-02  9.8050E-01  2.0000E-05
        1036  0.0000E+00  0.0000E+00  1.0005E+00  0.0000E+00
        1037  2.0000E-02  0.0000E+00  1.0005E+00  0.0000E+00
        1038  0.0000E+00  2.0000E-02  1.0005E+00  0.0000E+00
        1039  2.0000E-02  2.0000E-02  1.0005E+00  0.0000E+00
        1040  0.0000E+00  4.0000E-02  5.0050E-01  5.0000E-04
        1041  2.0000E-02  4.0000E-02  5.0050E-01  5.0000E-04
        1042  0.0000E+00  4.0000E-02  5.2050E-01  4.8000E-04
        1043  2.0000E-02  4.0000E-02  5.2050E-01  4.8000E-04
        1044  0.0000E+00  4.0000E-02  5.4050E-01  4.6000E-04
        1045  2.0000E-02  4.0000E-02  5.4050E-01  4.6000E-04
        1046  0.0000E+00  4.0000E-02  5.6050E-01  4.4000E-04
        1047  2.0000E-02  4.0000E-02  5.6050E-01  4.4000E-04
        1048  0.0000E+00  4.0000E-02  5.8050E-01  4.2000E-04
        1049  2.0000E-02  4.0000E-02  5.8050E-01  4.2000E-04
        1050  0.0000E+00  4.0000E-02  6.0050E-01  4.0000E-04
        1051  2.0000E-02  4.0000E-02  6.0050E-01  4.0000E-04
        1052  0.0000E+00  4.0000E-02  6.2050E-01  3.8000E-04
        1053  2.0000E-02  4.0000E-02  6.2050E-01  3.8000E-04
        1054  0.0000E+00  4.0000E-02  6.4050E-01  3.6000E-04
        1055  2.0000E-02  4.0000E-02  6.4050E-01  3.6000E-04
        1056  0.0000E+00  4.0000E-02  6.6050E-01  3.4000E-04
        1057  2.0000E-02  4.0000E-02  6.6050E-01  3.4000E-04
        1058  0.0000E+00  4.0000E-02  6.8050E-01  3.2000E-04
        1059  2.0000E-02  4.0000E-02  6.8050E-01  3.2000E-04
        1060  0.0000E+00  4.0000E-02  7.0050E-01  3.0000E-04
        1061  2.0000E-02  4.0000E-02  7.0050E-01  3.0000E-04
        1062  0.0000E+00  4.0000E-02  7.2050E-01  2.8000E-04
        1063  2.0000E-02  4.0000E-02  7.2050E-01  2.8000E-04
        1064  0.0000E+00  4.0000E-02  7.4050E-01  2.6000E-04
        1065  2.0000E-02  4.0000E-02  7.4050E-01  2.6000E-04
        1066  0.0000E+00  4.0000E-02  7.6050E-01  2.4000E-04
        1067  2.0000E-02  4.0000E-02  7.6050E-01  2.4000E-04
        1068  0.0000E+00  4.0000E-02  7.8050E-01  2.2000E-04
        1069  2.0000E-02  4.0000E-02  7.8050E-01  2.2000E-04
        1070  0.0000E+00  4.0000E-02  8.0050E-01  2.0000E-04
        1071  2.0000E-02  4.0000E-02  8.0050E-01  2.0000E-04
        1072  0.0000E+00  4.0000E-02  8.2050E-01  1.8000E-04
        1073  2.0000E-02  4.0000E-02  8.2050E-01  1.8000E-04
        1074  0.0000E+00  4.0000E-02  8.4050E-01  1.6000E-04
        1075  2.0000E-02  4.0000E-02  8.4050E-01  1.6000E-04
        1076  0.0000E+00  4.0000E-02  8.6050E-01  1.4000E-04
        1077  2.0000E-02  4.0000E-02  8.6050E-01  1.4000E-04
        1078  0.0000E+00  4.0000E-02  8.8050E-01  1.2000E-04
        1079  2.0000E-02  4.0000E-02  8.8050E-01  1.2000E-04
        1080  0.0000E+00  4.0000E-02  9.0050E-01  1.0000E-04
        1081  2.0000E-02  4.0000E-02  9.0050E-01  1.0000E-04
        1082  0.0000E+00  4.0000E-02  9.2050E-01  8.0000E-05
        1083  2.0000E-02  4.0000E-02  9.2050E-01  8.0000E-05
        1084  0.0000E+00  4.0000E-02  9.4050E-01  6.0000E-05
        1085  2.0000E-02  4.0000E-02  9.4050E-01  6.0000E-05
        1086  0.0000E+00  4.0000E-02  9.6050E-01  4.0000E-05
        1087  2.0000E-02  4.0000E-02  9.6050E-01  4.0000E-05
        1088  0.0000E+00  4.0000E-02  9.8050E-01  2.0000E-05
        1089  2.0000E-02  4.0000E-02  9.8050E-01  2.0000E-05
        1090  0.0000E+00  4.0000E-02  1.0005E+00  0.0000E+00
        1091  2.0000E-02  4.0000E-02  1.0005E+00  0.0000E+00
        1092  0.0000E+00  6.0000E-02  5.0050E-01  5.0000E-04
        1093  2.0000E-02  6.0000E-02  5.0050E-01  5.0000E-04
        1094  0.0000E+00  6.0000E-02  5.2050E-01  4.8000E-04
        1095  2.0000E-02  6.0000E-02  5.2050E-01  4.8000E-04
        1096  0.0000E+00  6.0000E-02  5.4050E-01  4.6000E-04
        1097  2.0000E-02  6.0000E-02  5.4050E-01  4.6000E-04
        1098  0.0000E+00  6.0000E-02  5.6050E-01  4.4000E-04
        1099  2.0000E-02  6.0000E-02  5.6050E-01  4.4000E-04
        1100  0.0000E+00  6.0000E-02  5.8050E-01  4.2000E-04
        1101  2.0000E-02  6.0000E-02  5.8050E-01  4.2000E-04
        1102  0.0000E+00  6.0000E-02  6.0050E-01  4.0000E-04
        1103  2.0000E-02  6.0000E-02  6.0050E-01  4.0000E-04
        1104  0.0000E+00  6.0000E-02  6.2050E-01  3.8000E-04
        1105  2.0000E-02  6.0000E-02  6.2050E-01  3.8000E-04
        1106  0.0000E+00  6.0000E-02  6.4050E-01  3.6000E-04
        1107  2.0000E-02  6.0000E-02  6.4050E-01  3.6000E-04
        1108  0.0000E+00  6.0000E-02  6.6050E-01  3.4000E-04
        1109  2.0000E-02  6.0000E-02  6.6050E-01  3.4000E-04
        1110  0.0000E+00  6.0000E-02  6.8050E-01  3.2000E-04
        1111  2.0000E-02  6.0000E-02  6.8050E-01  3.2000E-04
        1112  0.0000E+00  6.0000E-02  7.0050E-01  3.0000E-04
        1113  2.0000E-02  6.0000E-02  7.0050E-01  3.0000E-04
        1114  0.0000E+00  6.0000E-02  7.2050E-01  2.8000E-04
        1115  2.0000E-02  6.0000E-02  7.2050E-01  2.8000E-04
        1116  0.0000E+00  6.0000E-02  7.4050E-01  2.6000E-04
        1117  2.0000E-02  6.0000E-02  7.4050E-01  2.6000E-04
        1118  0.0000E+00  6.0000E-02  7.6050E-01  2.4000E-04
        1119  2.0000E-02  6.0000E-02  7.6050E-01  2.4000E-04
        1120  0.0000E+00  6.0000E-02  7.8050E-01  2.2000E-04
        1121  2.0000E-02  6.0000E-02  7.8050E-01  2.2000E-04
        1122  0.0000E+00  6.0000E-02  8.0050E-01  2.0000E-04
        1123  2.0000E-02  6.0000E-02  8.0050E-01  2.0000E-04
        1124  0.0000E+00  6.0000E-02  8.2050E-01  1.8000E-04
        1125  2.0000E-02  6.0000E-02  8.2050E-01  1.8000E-04
        1126  0.0000E+00  6.0000E-02  8.4050E-01  1.6000E-04
        1127  2.0000E-02  6.0000E-02  8.4050E-01  1.6000E-04
        1128  0.0000E+00  6.0000E-02  8.6050E-01  1.4000E-04
        1129  2.0000E-02  6.0000E-02  8.6050E-01  1.4000E-04
        1130  0.0000E+00  6.0000E-02  8.8050E-01  1.2000E-04
        1131  2.0000E-02  6.0000E-02  8.8050E-01  1.2000E-04
        1132  0.0000E+00  6.0000E-02  9.0050E-01  1.0000E-04
        1133  2.0000E-02  6.0000E-02  9.0050E-01  1.0000E-04
        1134  0.0000E+00  6.0000E-02  9.2050E-01  8.0000E-05
        1135  2.0000E-02  6.0000E-02  9.2050E-01  8.0000E-05
        1136  0.0000E+00  6.0000E-02  9.4050E-01  6.0000E-05
        1137  2.0000E-02  6.0000E-02  9.4050E-01  6.0000E-05
        1138  0.0000E+00  6.0000E-02  9.6050E-01  4.0000E-05
        1139  2.0000E-02  6.0000E-02  9.6050E-01  4.0000E-05
        1140  0.0000E+00  6.0000E-02  9.8050E-01  2.0000E-05
        1141  2.0000E-02  6.0000E-02  9.8050E-01  2.0000E-05
        1142  0.0000E+00  6.0000E-02  1.0005E+00  0.0000E+00
        1143  2.0000E-02  6.0000E-02  1.0005E+00  0.0000E+00
        1144  0.0000E+00  8.0000E-02  5.0050E-01  5.0000E-04
        1145  2.0000E-02  8.0000E-02  5.0050E-01  5.0000E-04
        1146  0.0000E+00  8.0000E-02  5.2050E-01  4.8000E-04
        1147  2.0000E-02  8.0000E-02  5.2050E-01  4.8000E-04
        1148  0.0000E+00  8.0000E-02  5.4050E-01  4.6000E-04
        1149  2.0000E-02  8.0000E-02  5.4050E-01  4.6000E-04
        1150  0.0000E+00  8.0000E-02  5.6050E-01  4.4000E-04
        1151  2.0000E-02  8.0000E-02  5.6050E-01  4.4000E-04
        1152  0.0000E+00  8.0000E-02  5.8050E-01  4.2000E-04
        1153  2.0000E-02  8.0000E-02  5.8050E-01  4.2000E-04
        1154  0.0000E+00  8.0000E-02  6.0050E-01  4.0000E-04
        1155  2.0000E-02  8.0000E-02  6.0050E-01  4.0000E-04
        1156  0.0000E+00  8.0000E-02  6.2050E-01  3.8000E-04
        1157  2.0000E-02  8.0000E-02  6.2050E-01  3.8000E-04
        1158  0.0000E+00  8.0000E-02  6.4050E-01  3.6000E-04
        1159  2.0000E-02  8.0000E-02  6.4050E-01  3.6000E-04
        1160  0.0000E+00  8.0000E-02  6.6050E-01  3.4000E-04
        1161  2.0000E-02  8.0000E-02  6.6050E-01  3.4000E-04
        1162  0.0000E+00  8.0000E-02  6.8050E-01  3.2000E-04
        1163  2.0000E-02  8.0000E-02  6.8050E-01  3.2000E-04
        1164  0.0000E+00  8.0000E-02  7.0050E-01  3.0000E-04
        1165  2.0000E-02  8.0000E-02  7.0050E-01  3.0000E-04
        1166  0.0000E+00  8.0000E-02  7.2050E-01  2.8000E-04
        1167  2.0000E-02  8.0000E-02  7.2050E-01  2.8000E-04
        1168  0.0000E+00  8.0000E-02  7.4050E-01  2.6000E-04
        1169  2.0000E-02  8.0000E-02  7.4050E-01  2.6000E-04
        1170  0.0000E+00  8.0000E-02  7.6050E-01  2.4000E-04
        1171  2.0000E-02  8.0000E-02  7.6050E-01  2.4000E-04
        1172  0.0000E+00  8.0000E-02  7.8050E-01  2.2000E-04
        1173  2.0000E-02  8.0000E-02  7.8050E-01  2.2000E-04
        1174  0.0000E+00  8.0000E-02  8.0050E-01  2.0000E-04
        1175  2.0000E-02  8.0000E-02  8.0050E-01  2.0000E-04
        1176  0.0000E+00  8.0000E-02  8.2050E-01  1.8000E-04
        1177  2.0000E-02  8.0000E-02  8.2050E-01  1.8000E-04
        1178  0.0000E+00  8.0000E-02  8.4050E-01  1.6000E-04
        1179  2.0000E-02  8.0000E-02  8.4050E-01  1.6000E-04
        1180  0.0000E+00  8.0000E-02  8.6050E-01  1.4000E-04
        1181  2.0000E-02  8.0000E-02  8.6050E-01  1.4000E-04
        1182  0.0000E+00  8.0000E-02  8.8050E-01  1.2000E-04
        1183  2.0000E-02  8.0000E-02  8.8050E-01  1.2000E-04
        1184  0.0000E+00  8.0000E-02  9.0050E-01  1.0000E-04
        1185  2.0000E-02  8.0000E-02  9.0050E-01  1.0000E-04
        1186  0.0000E+00  8.0000E-02  9.2050E-01  8.0000E-05
        1187  2.0000E-02  8.0000E-02  9.2050E-01  8.0000E-05
        1188  0.0000E+00  8.0000E-02  9.4050E-01  6.0000E-05
        1189  2.0000E-02  8.0000E-02  9.4050E-01  6.0000E-05
        1190  0.0000E+00  8.0000E-02  9.6050E-01  4.0000E-05
        1191  2.0000E-02  8.0000E-02  9.6050E-01  4.0000E-05
        1192  0.0000E+00  8.0000E-02  9.8050E-01  2.0000E-05
        1193  2.0000E-02  8.0000E-02  9.8050E-01  2.0000E-05
        1194  0.0000E+00  8.0000E-02  1.0005E+00  0.0000E+00
        1195  2.0000E-02  8.0000E-02  1.0005E+00  0.0000E+00
        1196  0.0000E+00  1.0000E-01  5.0050E-01  5.0000E-04
        1197  2.0000E-02  1.0000E-01  5.0050E-01  5.0000E-04
        1198  0.0000E+00  1.0000E-01  5.2050E-01  4.8000E-04
        1199  2.0000E-02  1.0000E-01  5.2050E-01  4.8000E-04
        1200  0.0000E+00  1.0000E-01  5.4050E-01  4.6000E-04
        1201  2.0000E-02  1.0000E-01  5.4050E-01  4.6000E-04
        1202  0.0000E+00  1.0000E-01  5.6050E-01  4.4000E-04
        1203  2.0000E-02  1.0000E-01  5.6050E-01  4.4000E-04
        1204  0.0000E+00  1.0000E-01  5.8050E-01  4.2000E-04
        1205  2.0000E-02  1.0000E-01  5.8050E-01  4.2000E-04
        1206  0.0000E+00  1.0000E-01  6.0050E-01  4.0000E-04
        1207  2.0000E-02  1.0000E-01  6.0050E-01  4.0000E-04
        1208  0.0000E+00  1.0000E-01  6.2050E-01  3.8000E-04
        1209  2.0000E-02  1.0000E-01  6.2050E-01  3.8000E-04
        1210  0.0000E+00  1.0000E-01  6.4050E-01  3.6000E-04
        1211  2.0000E-02  1.0000E-01  6.4050E-01  3.6000E-04
        1212  0.0000E+00  1.0000E-01  6.6050E-01  3.4000E-04
        1213  2.0000E-02  1.0000E-01  6.6050E-01  3.4000E-04
        1214  0.0000E+00  1.0000E-01  6.8050E-01  3.2000E-04
        1215  2.0000E-02  1.0000E-01  6.8050E-01  3.2000E-04
        1216  0.0000E+00  1.0000E-01  7.0050E-01  3.0000E-04
        1217  2.0000E-02  1.0000E-01  7.0050E-01  3.0000E-04
        1218  0.0000E+00  1.0000E-01  7.2050E-01  2.8000E-04
        1219  2.0000E-02  1.0000E-01  7.2050E-01  2.8000E-04
        1220  0.0000E+00  1.0000E-01  7.4050E-01  2.6000E-04
        1221  2.0000E-02  1.0000E-01  7.4050E-01  2.6000E-04
        1222  0.0000E+00  1.0000E-01  7.6050E-01  2.4000E-04
        1223  2.0000E-02  1.0000E-01  7.6050E-01  2.4000E-04
        1224  0.0000E+00  1.0000E-01  7.8050E-01  2.2000E-04
        1225  2.0000E-02  1.0000E-01  7.8050E-01  2.2000E-04
        1226  0.0000E+00  1.0000E-01  8.0050E-01  2.0000E-04
        1227  2.0000E-02  1.0000E-01  8.0050E-01  2.0000E-04
        1228  0.0000E+00  1.0000E-01  8.2050E-01  1.8000E-04
        1229  2.0000E-02  1.0000E-01  8.2050E-01  1.8000E-04
        1230  0.0000E+00  1.0000E-01  8.4050E-01  1.6000E-04
        1231  2.0000E-02  1.0000E-01  8.4050E-01  1.6000E-04
        1232  0.0000E+00  1.0000E-01  8.6050E-01  1.4000E-04
        1233  2.0000E-02  1.0000E-01  8.6050E-01  1.4000E-04
        1234  0.0000E+00  1.0000E-01  8.8050E-01  1.2000E-04
        1235  2.0000E-02  1.0000E-01  8.8050E-01  1.2000E-04
        1236  0.0000E+00  1.0000E-01  9.0050E-01  1.0000E-04
        1237  2.0000E-02  1.0000E-01  9.0050E-01  1.0000E-04
        1238  0.0000E+00  1.0000E-01  9.2050E-01  8.0000E-05
        1239  2.0000E-02  1.0000E-01  9.2050E-01  8.0000E-05
        1240  0.0000E+00  1.0000E-01  9.4050E-01  6.0000E-05
        1241  2.0000E-02  1.0000E-01  9.4050E-01  6.0000E-05
        1242  0.0000E+00  1.0000E-01  9.6050E-01  4.0000E-05
        1243  2.0000E-02  1.0000E-01  9.6050E-01  4.0000E-05
        1244  0.0000E+00  1.0000E-01  9.8050E-01  2.0000E-05
        1245  2.0000E-02  1.0000E-01  9.8050E-01  2.0000E-05
        1246  0.0000E+00  1.0000E-01  1.0005E+00  0.0000E+00
        1247  2.0000E-02  1.0000E-01  1.0005E+00  0.0000E+00
        1248  4.0000E-02  0.0000E+00  5.0050E-01  5.0000E-04
        1249  4.0000E-02  2.0000E-02  5.0050E-01  5.0000E-04
        1250  4.0000E-02  0.0000E+00  5.2050E-01  4.8000E-04
        1251  4.0000E-02  2.0000E-02  5.2050E-01  4.8000E-04
        1252  4.0000E-02  0.0000E+00  5.4050E-01  4.6000E-04
        1253  4.0000E-02  2.0000E-02  5.4050E-01  4.6000E-04
        1254  4.0000E-02  0.0000E+00  5.6050E-01  4.4000E-04
        1255  4.0000E-02  2.0000E-02  5.6050E-01  4.4000E-04
        1256  4.0000E-02  0.0000E+00  5.8050E-01  4.2000E-04
        1257  4.0000E-02  2.0000E-02  5.8050E-01  4.2000E-04
        1258  4.0000E-02  0.0000E+00  6.0050E-01  4.0000E-04
        1259  4.0000E-02  2.0000E-02  6.0050E-01  4.0000E-04
        1260  4.0000E-02  0.0000E+00  6.2050E-01  3.8000E-04
        1261  4.0000E-02  2.0000E-02  6.2050E-01  3.8000E-04
        1262  4.0000E-02  0.0000E+00  6.4050E-01  3.6000E-04
        1263  4.0000E-02  2.0000E-02  6.4050E-01  3.6000E-04
        1264  4.0000E-02  0.0000E+00  6.6050E-01  3.4000E-04
        1265  4.0000E-02  2.0000E-02  6.6050E-01  3.4000E-04
        1266  4.0000E-02  0.0000E+00  6.8050E-01  3.2000E-04
        1267  4.0000E-02  2.0000E-02  6.8050E-01  3.2000E-04
        1268  4.0000E-02  0.0000E+00  7.0050E-01  3.0000E-04
        1269  4.0000E-02  2.0000E-02  7.0050E-01  3.0000E-04
        1270  4.0000E-02  0.0000E+00  7.2050E-01  2.8000E-04
        1271  4.0000E-02  2.0000E-02  7.2050E-01  2.8000E-04
        1272  4.0000E-02  0.0000E+00  7.4050E-01  2.6000E-04
        1273  4.0000E-02  2.0000E-02  7.4050E-01  2.6000E-04
        1274  4.0000E-02  0.0000E+00  7.6050E-01  2.4000E-04
        1275  4.0000E-02  2.0000E-02  7.6050E-01  2.4000E-04
        1276  4.0000E-02  0.0000E+00  7.8050E-01  2.2000E-04
        1277  4.0000E-02  2.0000E-02  7.8050E-01  2.2000E-04
        1278  4.0000E-02  0.0000E+00  8.0050E-01  2.0000E-04
        1279  4.0000E-02  2.0000E-02  8.0050E-01  2.0000E-04
        1280  4.0000E-02  0.0000E+00  8.2050E-01  1.8000E-04
        1281  4.0000E-02  2.0000E-02  8.2050E-01  1.8000E-04
        1282  4.0000E-02  0.0000E+00  8.4050E-01  1.6000E-04
        1283  4.0000E-02  2.0000E-02  8.4050E-01  1.6000E-04
        1284  4.0000E-02  0.0000E+00  8.6050E-01  1.4000E-04
        1285  4.0000E-02  2.0000E-02  8.6050E-01  1.4000E-04
        1286  4.0000E-02  0.0000E+00  8.8050E-01  1.2000E-04
        1287  4.0000E-02  2.0000E-02  8.8050E-01  1.2000E-04
        1288  4.0000E-02  0.0000E+00  9.0050E-01  1.0000E-04
        1289  4.0000E-02  2.0000E-02  9.0050E-01  1.0000E-04
        1290  4.0000E-02  0.0000E+00  9.2050E-01  8.0000E-05
        1291  4.0000E-02  2.0000E-02  9.2050E-01  8.0000E-05
        1292  4.0000E-02  0.0000E+00  9.4050E-01  6.0000E-05
        1293  4.0000E-02  2.0000E-02  9.4050E-01  6.0000E-05
        1294  4.0000E-02  0.0000E+00  9.6050E-01  4.0000E-05
        1295  4.0000E-02  2.0000E-02  9.6050E-01  4.0000E-05
        1296  4.0000E-02  0.0000E+00  9.8050E-01  2.0000E-05
        1297  4.0000E-02  2.0000E-02  9.8050E-01  2.0000E-05
        1298  4.0000E-02  0.0000E+00  1.0005E+00  0.0000E+00
        1299  4.0000E-02  2.0000E-02  1.0005E+00  0.0000E+00
        1300  4.0000E-02  4.0000E-02  5.0050E-01  5.0000E-04
        1301  4.0000E-02  4.0000E-02  5.2050E-01  4.8000E-04
        1302  4.0000E-02  4.0000E-02  5.4050E-01  4.6000E-04
        1303  4.0000E-02  4.0000E-02  5.6050E-01  4.4000E-04
        1304  4.0000E-02  4.0000E-02  5.8050E-01  4.2000E-04
        1305  4.0000E-02  4.0000E-02  6.0050E-01  4.0000E-04
        1306  4.0000E-02  4.0000E-02  6.2050E-01  3.8000E-04
        1307  4.0000E-02  4.0000E-02  6.4050E-01  3.6000E-04
        1308  4.0000E-02  4.0000E-02  6.6050E-01  3.4000E-04
        1309  4.0000E-02  4.0000E-02  6.8050E-01  3.2000E-04
        1310  4.0000E-02  4.0000E-02  7.0050E-01  3.0000E-04
        1311  4.0000E-02  4.0000E-02  7.2050E-01  2.8000E-04
        1312  4.0000E-02  4.0000E-02  7.4050E-01  2.6000E-04
        1313  4.0000E-02  4.0000E-02  7.6050E-01  2.4000E-04
        1314  4.0000E-02  4.0000E-02  7.8050E-01  2.2000E-04
        1315  4.0000E-02  4.0000E-02  8.0050E-01  2.0000E-04
        1316  4.0000E-02  4.0000E-02  8.2050E-01  1.8000E-04
        1317  4.0000E-02  4.0000E-02  8.4050E-01  1.6000E-04
        1318  4.0000E-02  4.0000E-02  8.6050E-01  1.4000E-04
        1319  4.0000E-02  4.0000E-02  8.8050E-01  1.2000E-04
        1320  4.0000E-02  4.0000E-02  9.0050E-01  1.0000E-04
        1321  4.0000E-02  4.0000E-02  9.2050E-01  8.0000E-05
        1322  4.0000E-02  4.0000E-02  9.4050E-01  6.0000E-05
        1323  4.0000E-02  4.0000E-02  9.6050E-01  4.0000E-05
        1324  4.0000E-02  4.0000E-02  9.8050E-01  2.0000E-05
        1325  4.0000E-02  4.0000E-02  1.0005E+00  0.0000E+00
        1326  4.0000E-02  6.0000E-02  5.0050E-01  5.0000E-04
        1327  4.0000E-02  6.0000E-02  5.2050E-01  4.8000E-04
        1328  4.0000E-02  6.0000E-02  5.4050E-01  4.6000E-04
        1329  4.0000E-02  6.0000E-02  5.6050E-01  4.4000E-04
        1330  4.0000E-02  6.0000E-02  5.8050E-01  4.2000E-04
        1331  4.0000E-02  6.0000E-02  6.0050E-01  4.0000E-04
        1332  4.0000E-02  6.0000E-02  6.2050E-01  3.8000E-04
        1333  4.0000E-02  6.0000E-02  6.4050E-01  3.6000E-04
        1334  4.0000E-02  6.0000E-02  6.6050E-01  3.4000E-04
        1335  4.0000E-02  6.0000E-02  6.8050E-01  3.2000E-04
        1336  4.0000E-02  6.0000E-02  7.0050E-01  3.0000E-04
        1337  4.0000E-02  6.0000E-02  7.2050E-01  2.8000E-04
        1338  4.0000E-02  6.0000E-02  7.4050E-01  2.6000E-04
        1339  4.0000E-02  6.0000E-02  7.6050E-01  2.4000E-04
        1340  4.0000E-02  6.0000E-02  7.8050E-01  2.2000E-04
        1341  4.0000E-02  6.0000E-02  8.0050E-01  2.0000E-04
        1342  4.0000E-02  6.0000E-02  8.2050E-01  1.8000E-04
        1343  4.0000E-02  6.0000E-02  8.4050E-01  1.6000E-04
        1344  4.0000E-02  6.0000E-02  8.6050E-01  1.4000E-04
        1345  4.0000E-02  6.0000E-02  8.8050E-01  1.2000E-04
        1346  4.0000E-02  6.0000E-02  9.0050E-01  1.0000E-04
        1347  4.0000E-02  6.0000E-02  9.2050E-01  8.0000E-05
        1348  4.0000E-02  6.0000E-02  9.4050E-01  6.0000E-05
        1349  4.0000E-02  6.0000E-02  9.6050E-01  4.0000E-05
        1350  4.0000E-02  6.0000E-02  9.8050E-01  2.0000E-05
        1351  4.0000E-02  6.0000E-02  1.0005E+00  0.0000E+00
        1352  4.0000E-02  8.0000E-02  5.0050E-01  5.0000E-04
        1353  4.0000E-02  8.0000E-02  5.2050E-01  4.8000E-04
        1354  4.0000E-02  8.0000E-02  5.4050E-01  4.6000E-04
        1355  4.0000E-02  8.0000E-02  5.6050E-01  4.4000E-04
        1356  4.0000E-02  8.0000E-02  5.8050E-01  4.2000E-04
        1357  4.0000E-02  8.0000E-02  6.0050E-01  4.0000E-04
        1358  4.0000E-02  8.0000E-02  6.2050E-01  3.8000E-04
        1359  4.0000E-02  8.0000E-02  6.4050E-01  3.6000E-04
        1360  4.0000E-02  8.0000E-02  6.6050E-01  3.4000E-04
        1361  4.0000E-02  8.0000E-02  6.8050E-01  3.2000E-04
        1362  4.0000E-02  8.0000E-02  7.0050E-01  3.0000E-04
        1363  4.0000E-02  8.0000E-02  7.2050E-01  2.8000E-04
        1364  4.0000E-02  8.0000E-02  7.4050E-01  2.6000E-04
        1365  4.0000E-02  8.0000E-02  7.6050E-01  2.4000E-04
        1366  4.0000E-02  8.0000E-02  7.8050E-01  2.2000E-04
        1367  4.0000E-02  8.0000E-02  8.0050E-01  2.0000E-04
        1368  4.0000E-02  8.0000E-02  8.2050E-01  1.8000E-04
        1369  4.0000E-02  8.0000E-02  8.4050E-01  1.6000E-04
        1370  4.0000E-02  8.0000E-02  8.6050E-01  1.4000E-04
        1371  4.0000E-02  8.0000E-02  8.8050E-01  1.2000E-04
        1372  4.0000E-02  8.0000E-02  9.0050E-01  1.0000E-04
        1373  4.0000E-02  8.0000E-02  9.2050E-01  8.0000E-05
        1374  4.0000E-02  8.0000E-02  9.4050E-01  6.0000E-05
        1375  4.0000E-02  8.0000E-02  9.6050E-01  4.0000E-05
        1376  4.0000E-02  8.0000E-02  9.8050E-01  2.0000E-05
        1377  4.0000E-02  8.0000E-02  1.0005E+00  0.0000E+00
        1378  4.0000E-02  1.0000E-01  5.0050E-01  5.0000E-04
        1379  4.0000E-02  1.0000E-01  5.2050E-01  4.8000E-04
        1380  4.0000E-02  1.0000E-01  5.4050E-01  4.6000E-04
        1381  4.0000E-02  1.0000E-01  5.6050E-01  4.4000E-04
        1382  4.0000E-02  1.0000E-01  5.8050E-01  4.2000E-04
        1383  4.0000E-02  1.0000E-01  6.0050E-01  4.0000E-04
        1384  4.0000E-02  1.0000E-01  6.2050E-01  3.8000E-04
        1385  4.0000E-02  1.0000E-01  6.4050E-01  3.6000E-04
        1386  4.0000E-02  1.0000E-01  6.6050E-01  3.4000E-04
        1387  4.0000E-02  1.0000E-01  6.8050E-01  3.2000E-04
        1388  4.0000E-02  1.0000E-01  7.0050E-01  3.0000E-04
        1389  4.0000E-02  1.0000E-01  7.2050E-01  2.8000E-04
        1390  4.0000E-02  1.0000E-01  7.4050E-01  2.6000E-04
        1391  4.0000E-02  1.0000E-01  7.6050E-01  2.4000E-04
        1392  4.0000E-02  1.0000E-01  7.8050E-01  2.2000E-04
        1393  4.0000E-02  1.0000E-01  8.0050E-01  2.0000E-04
        1394  4.0000E-02  1.0000E-01  8.2050E-01  1.8000E-04
        1395  4.0000E-02  1.0000E-01  8.4050E-01  1.6000E-04
        1396  4.0000E-02  1.0000E-01  8.6050E-01  1.4000E-04
        1397  4.0000E-02  1.0000E-01  8.8050E-01  1.2000E-04
        1398  4.0000E-02  1.0000E-01  9.0050E-01  1.0000E-04
        1399  4.0000E-02  1.0000E-01  9.2050E-01  8.0000E-05
        1400  4.0000E-02  1.0000E-01  9.4050E-01  6.0000E-05
        1401  4.0000E-02  1.0000E-01  9.6050E-01  4.0000E-05
        1402  4.0000E-02  1.0000E-01  9.8050E-01  2.0000E-05
        1403  4.0000E-02  1.0000E-01  1.0005E+00  0.0000E+00
        1404  6.0000E-02  0.0000E+00  5.0050E-01  5.0000E-04
        1405  6.0000E-02  2.0000E-02  5.0050E-01  5.0000E-04
        1406  6.0000E-02  0.0000E+00  5.2050E-01  4.8000E-04
        1407  6.0000E-02  2.0000E-02  5.2050E-01  4.8000E-04
        1408  6.0000E-02  0.0000E+00  5.4050E-01  4.6000E-04
        1409  6.0000E-02  2.0000E-02  5.4050E-01  4.6000E-04
        1410  6.0000E-02  0.0000E+00  5.6050E-01  4.4000E-04
        1411  6.0000E-02  2.0000E-02  5.6050E-01  4.4000E-04
        1412  6.0000E-02  0.0000E+00  5.8050E-01  4.2000E-04
        1413  6.0000E-02  2.0000E-02  5.8050E-01  4.2000E-04
        1414  6.0000E-02  0.0000E+00  6.0050E-01  4.0000E-04
        1415  6.0000E-02  2.0000E-02  6.0050E-01  4.0000E-04
        1416  6.0000E-02  0.0000E+00  6.2050E-01  3.8000E-04
        1417  6.0000E-02  2.0000E-02  6.2050E-01  3.8000E-04
        1418  6.0000E-02  0.0000E+00  6.4050E-01  3.6000E-04
        1419  6.0000E-02  2.0000E-02  6.4050E-01  3.6000E-04
        1420  6.0000E-02  0.0000E+00  6.6050E-01  3.4000E-04
        1421  6.0000E-02  2.0000E-02  6.6050E-01  3.4000E-04
        1422  6.0000E-02  0.0000E+00  6.8050E-01  3.2000E-04
        1423  6.0000E-02  2.0000E-02  6.8050E-01  3.2000E-04
        1424  6.0000E-02  0.0000E+00  7.0050E-01  3.0000E-04
        1425  6.0000E-02  2.0000E-02  7.0050E-01  3.0000E-04
        1426  6.0000E-02  0.0000E+00  7.2050E-01  2.8000E-04
        1427  6.0000E-02  2.0000E-02  7.2050E-01  2.8000E-04
        1428  6.0000E-02  0.0000E+00  7.4050E-01  2.6000E-04
        1429  6.0000E-02  2.0000E-02  7.4050E-01  2.6000E-04
        1430  6.0000E-02  0.0000E+00  7.6050E-01  2.4000E-04
        1431  6.0000E-02  2.0000E-02  7.6050E-01  2.4000E-04
        1432  6.0000E-02  0.0000E+00  7.8050E-01  2.2000E-04
        1433  6.0000E-02  2.0000E-02  7.8050E-01  2.2000E-04
        1434  6.0000E-02  0.0000E+00  8.0050E-01  2.0000E-04
        1435  6.0000E-02  2.0000E-02  8.0050E-01  2.0000E-04
        1436  6.0000E-02  0.0000E+00  8.2050E-01  1.8000E-04
        1437  6.0000E-02  2.0000E-02  8.2050E-01  1.8000E-04
        1438  6.0000E-02  0.0000E+00  8.4050E-01  1.6000E-04
        1439  6.0000E-02  2.0000E-02  8.4050E-01  1.6000E-04
        1440  6.0000E-02  0.0000E+00  8.6050E-01  1.4000E-04
        1441  6.0000E-02  2.0000E-02  8.6050E-01  1.4000E-04
        1442  6.0000E-02  0.0000E+00  8.8050E-01  1.2000E-04
        1443  6.0000E-02  2.0000E-02  8.8050E-01  1.2000E-04
        1444  6.0000E-02  0.0000E+00  9.0050E-01  1.0000E-04
        1445  6.0000E-02  2.0000E-02  9.0050E-01  1.0000E-04
        1446  6.0000E-02  0.0000E+00  9.2050E-01  8.0000E-05
        1447  6.0000E-02  2.0000E-02  9.2050E-01  8.0000E-05
        1448  6.0000E-02  0.0000E+00  9.4050E-01  6.0000E-05
        1449  6.0000E-02  2.0000E-02  9.4050E-01  6.0000E-05
        1450  6.0000E-02  0.0000E+00  9.6050E-01  4.0000E-05
        1451  6.0000E-02  2.0000E-02  9.6050E-01  4.0000E-05
        1452  6.0000E-02  0.0000E+00  9.8050E-01  2.0000E-05
        1453  6.0000E-02  2.0000E-02  9.8050E-01  2.0000E-05
        1454  6.0000E-02  0.0000E+00  1.0005E+00  0.0000E+00
        1455  6.0000E-02  2.0000E-02  1.0005E+00  0.0000E+00
        1456  6.0000E-02  4.0000E-02  5.0050E-01  5.0000E-04
        1457  6.0000E-02  4.0000E-02  5.2050E-01  4.8000E-04
        1458  6.0000E-02  4.0000E-02  5.4050E-01  4.6000E-04
        1459  6.0000E-02  4.0000E-02  5.6050E-01  4.4000E-04
        1460  6.0000E-02  4.0000E-02  5.8050E-01  4.2000E-04
        1461  6.0000E-02  4.0000E-02  6.0050E-01  4.0000E-04
        1462  6.0000E-02  4.0000E-02  6.2050E-01  3.8000E-04
        1463  6.0000E-02  4.0000E-02  6.4050E-01  3.6000E-04
        1464  6.0000E-02  4.0000E-02  6.6050E-01  3.4000E-04
        1465  6.0000E-02  4.0000E-02  6.8050E-01  3.2000E-04
        1466  6.0000E-02  4.0000E-02  7.0050E-01  3.0000E-04
        1467  6.0000E-02  4.0000E-02  7.2050E-01  2.8000E-04
        1468  6.0000E-02  4.0000E-02  7.4050E-01  2.6000E-04
        1469  6.0000E-02  4.0000E-02  7.6050E-01  2.4000E-04
        1470  6.0000E-02  4.0000E-02  7.8050E-01  2.2000E-04
        1471  6.0000E-02  4.0000E-02  8.0050E-01  2.0000E-04
        1472  6.0000E-02  4.0000E-02  8.2050E-01  1.8000E-04
        1473  6.0000E-02  4.0000E-02  8.4050E-01  1.6000E-04
        1474  6.0000E-02  4.0000E-02  8.6050E-01  1.4000E-04
        1475  6.0000E-02  4.0000E-02  8.8050E-01  1.2000E-04
        1476  6.0000E-02  4.0000E-02  9.0050E-01  1.0000E-04
        1477  6.0000E-02  4.0000E-02  9.2050E-01  8.0000E-05
        1478  6.0000E-02  4.0000E-02  9.4050E-01  6.0000E-05
        1479  6.0000E-02  4.0000E-02  9.6050E-01  4.0000E-05
        1480  6.0000E-02  4.0000E-02  9.8050E-01  2.0000E-05
        1481  6.0000E-02  4.0000E-02  1.0005E+00  0.0000E+00
        1482  6.0000E-02  6.0000E-02  5.0050E-01  5.0000E-04
        1483  6.0000E-02  6.0000E-02  5.2050E-01  4.8000E-04
        1484  6.0000E-02  6.0000E-02  5.4050E-01  4.6000E-04
        1485  6.0000E-02  6.0000E-02  5.6050E-01  4.4000E-04
        1486  6.0000E-02  6.0000E-02  5.8050E-01  4.2000E-04
        1487  6.0000E-02  6.0000E-02  6.0050E-01  4.0000E-04
        1488  6.0000E-02  6.0000E-02  6.2050E-01  3.8000E-04
        1489  6.0000E-02  6.0000E-02  6.4050E-01  3.6000E-04
        1490  6.0000E-02  6.0000E-02  6.6050E-01  3.4000E-04
        1491  6.0000E-02  6.0000E-02  6.8050E-01  3.2000E-04
        1492  6.0000E-02  6.0000E-02  7.0050E-01  3.0000E-04
        1493  6.0000E-02  6.0000E-02  7.2050E-01  2.8000E-04
        1494  6.0000E-02  6.0000E-02  7.4050E-01  2.6000E-04
        1495  6.0000E-02  6.0000E-02  7.6050E-01  2.4000E-04
        1496  6.0000E-02  6.0000E-02  7.8050E-01  2.2000E-04
        1497  6.0000E-02  6.0000E-02  8.0050E-01  2.0000E-04
        1498  6.0000E-02  6.0000E-02  8.2050E-01  1.8000E-04
        1499  6.0000E-02  6.0000E-02  8.4050E-01  1.6000E-04
        1500  6.0000E-02  6.0000E-02  8.6050E-01  1.4000E-04
        1501  6.0000E-02  6.0000E-02  8.8050E-01  1.2000E-04
        1502  6.0000E-02  6.0000E-02  9.0050E-01  1.0000E-04
        1503  6.0000E-02  6.0000E-02  9.2050E-01  8.0000E-05
        1504  6.0000E-02  6.0000E-02  9.4050E-01  6.0000E-05
        1505  6.0000E-02  6.0000E-02  9.6050E-01  4.0000E-05
        1506  6.0000E-02  6.0000E-02  9.8050E-01  2.0000E-05
        1507  6.0000E-02  6.0000E-02  1.0005E+00  0.0000E+00
        1508  6.0000E-02  8.0000E-02  5.0050E-01  5.0000E-04
        1509  6.0000E-02  8.0000E-02  5.2050E-01  4.8000E-04
        1510  6.0000E-02  8.0000E-02  5.4050E-01  4.6000E-04
        1511  6.0000E-02  8.0000E-02  5.6050E-01  4.4000E-04
        1512  6.0000E-02  8.0000E-02  5.8050E-01  4.2000E-04
        1513  6.0000E-02  8.0000E-02  6.0050E-01  4.0000E-04
        1514  6.0000E-02  8.0000E-02  6.2050E-01  3.8000E-04
        1515  6.0000E-02  8.0000E-02  6.4050E-01  3.6000E-04
        1516  6.0000E-02  8.0000E-02  6.6050E-01  3.4000E-04
        1517  6.0000E-02  8.0000E-02  6.8050E-01  3.2000E-04
        1518  6.0000E-02  8.0000E-02  7.0050E-01  3.0000E-04
        1519  6.0000E-02  8.0000E-02  7.2050E-01  2.8000E-04
        1520  6.0000E-02  8.0000E-02  7.4050E-01  2.6000E-04
        1521  6.0000E-02  8.0000E-02  7.6050E-01  2.4000E-04
        1522  6.0000E-02  8.0000E-02  7.8050E-01  2.2000E-04
        1523  6.0000E-02  8.0000E-02  8.0050E-01  2.0000E-04
        1524  6.0000E-02  8.0000E-02  8.2050E-01  1.8000E-04
        1525  6.0000E-02  8.0000E-02  8.4050E-01  1.6000E-04
        1526  6.0000E-02  8.0000E-02  8.6050E-01  1.4000E-04
        1527  6.0000E-02  8.0000E-02  8.8050E-01  1.2000E-04
        1528  6.0000E-02  8.0000E-02  9.0050E-01  1.0000E-04
        1529  6.0000E-02  8.0000E-02  9.2050E-01  8.0000E-05
        1530  6.0000E-02  8.0000E-02  9.4050E-01  6.0000E-05
        1531  6.0000E-02  8.0000E-02  9.6050E-01  4.0000E-05
        1532  6.0000E-02  8.0000E-02  9.8050E-01  2.0000E-05
        1533  6.0000E-02  8.0000E-02  1.0005E+00  0.0000E+00
        1534  6.0000E-02  1.0000E-01  5.0050E-01  5.0000E-04
        1535  6.0000E-02  1.0000E-01  5.2050E-01  4.8000E-04
        1536  6.0000E-02  1.0000E-01  5.4050E-01  4.6000E-04
        1537  6.0000E-02  1.0000E-01  5.6050E-01  4.4000E-04
        1538  6.0000E-02  1.0000E-01  5.8050E-01  4.2000E-04
        1539  6.0000E-02  1.0000E-01  6.0050E-01  4.0000E-04
        1540  6.0000E-02  1.0000E-01  6.2050E-01  3.8000E-04
        1541  6.0000E-02  1.0000E-01  6.4050E-01  3.6000E-04
        1542  6.0000E-02  1.0000E-01  6.6050E-01  3.4000E-04
        1543  6.0000E-02  1.0000E-01  6.8050E-01  3.2000E-04
        1544  6.0000E-02  1.0000E-01  7.0050E-01  3.0000E-04
        1545  6.0000E-02  1.0000E-01  7.2050E-01  2.8000E-04
        1546  6.0000E-02  1.0000E-01  7.4050E-01  2.6000E-04
        1547  6.0000E-02  1.0000E-01  7.6050E-01  2.4000E-04
        1548  6.0000E-02  1.0000E-01  7.8050E-01  2.2000E-04
        1549  6.0000E-02  1.0000E-01  8.0050E-01  2.0000E-04
        1550  6.0000E-02  1.0000E-01  8.2050E-01  1.8000E-04
        1551  6.0000E-02  1.0000E-01  8.4050E-01  1.6000E-04
        1552  6.0000E-02  1.0000E-01  8.6050E-01  1.4000E-04
        1553  6.0000E-02  1.0000E-01  8.8050E-01  1.2000E-04
        1554  6.0000E-02  1.0000E-01  9.0050E-01  1.0000E-04
        1555  6.0000E-02  1.0000E-01  9.2050E-01  8.0000E-05
        1556  6.0000E-02  1.0000E-01  9.4050E-01  6.0000E-05
        1557  6.0000E-02  1.0000E-01  9.6050E-01  4.0000E-05
        1558  6.0000E-02  1.0000E-01  9.8050E-01  2.0000E-05
        1559  6.0000E-02  1.0000E-01  1.0005E+00  0.0000E+00
        1560  8.0000E-02  0.0000E+00  5.0050E-01  5.0000E-04
        1561  8.0000E-02  2.0000E-02  5.0050E-01  5.0000E-04
        1562  8.0000E-02  0.0000E+00  5.2050E-01  4.8000E-04
        1563  8.0000E-02  2.0000E-02  5.2050E-01  4.8000E-04
        1564  8.0000E-02  0.0000E+00  5.4050E-01  4.6000E-04
        1565  8.0000E-02  2.0000E-02  5.4050E-01  4.6000E-04
        1566  8.0000E-02  0.0000E+00  5.6050E-01  4.4000E-04
        1567  8.0000E-02  2.0000E-02  5.6050E-01  4.4000E-04
        1568  8.0000E-02  0.0000E+00  5.8050E-01  4.2000E-04
        1569  8.0000E-02  2.0000E-02  5.8050E-01  4.2000E-04
        1570  8.0000E-02  0.0000E+00  6.0050E-01  4.0000E-04
        1571  8.0000E-02  2.0000E-02  6.0050E-01  4.0000E-04
        1572  8.0000E-02  0.0000E+00  6.2050E-01  3.8000E-04
        1573  8.0000E-02  2.0000E-02  6.2050E-01  3.8000E-04
        1574  8.0000E-02  0.0000E+00  6.4050E-01  3.6000E-04
        1575  8.0000E-02  2.0000E-02  6.4050E-01  3.6000E-04
        1576  8.0000E-02  0.0000E+00  6.6050E-01  3.4000E-04
        1577  8.0000E-02  2.0000E-02  6.6050E-01  3.4000E-04
        1578  8.0000E-02  0.0000E+00  6.8050E-01  3.2000E-04
        1579  8.0000E-02  2.0000E-02  6.8050E-01  3.2000E-04
        1580  8.0000E-02  0.0000E+00  7.0050E-01  3.0000E-04
        1581  8.0000E-02  2.0000E-02  7.0050E-01  3.0000E-04
        1582  8.0000E-02  0.0000E+00  7.2050E-01  2.8000E-04
        1583  8.0000E-02  2.0000E-02  7.2050E-01  2.8000E-04
        1584  8.0000E-02  0.0000E+00  7.4050E-01  2.6000E-04
        1585  8.0000E-02  2.0000E-02  7.4050E-01  2.6000E-04
        1586  8.0000E-02  0.0000E+00  7.6050E-01  2.4000E-04
        1587  8.0000E-02  2.0000E-02  7.6050E-01  2.4000E-04
        1588  8.0000E-02  0.0000E+00  7.8050E-01  2.2000E-04
        1589  8.0000E-02  2.0000E-02  7.8050E-01  2.2000E-04
        1590  8.0000E-02  0.0000E+00  8.0050E-01  2.0000E-04
        1591  8.0000E-02  2.0000E-02  8.0050E-01  2.0000E-04
        1592  8.0000E-02  0.0000E+00  8.2050E-01  1.8000E-04
        1593  8.0000E-02  2.0000E-02  8.2050E-01  1.8000E-04
        1594  8.0000E-02  0.0000E+00  8.4050E-01  1.6000E-04
        1595  8.0000E-02  2.0000E-02  8.4050E-01  1.6000E-04
        1596  8.0000E-02  0.0000E+00  8.6050E-01  1.4000E-04
        1597  8.0000E-02  2.0000E-02  8.6050E-01  1.4000E-04
        1598  8.0000E-02  0.0000E+00  8.8050E-01  1.2000E-04
        1599  8.0000E-02  2.0000E-02  8.8050E-01  1.2000E-04
        1600  8.0000E-02  0.0000E+00  9.0050E-01  1.0000E-04
        1601  8.0000E-02  2.0000E-02  9.0050E-01  1.0000E-04
        1602  8.0000E-02  0.0000E+00  9.2050E-01  8.0000E-05
        1603  8.0000E-02  2.0000E-02  9.2050E-01  8.0000E-05
        1604  8.0000E-02  0.0000E+00  9.4050E-01  6.0000E-05
        1605  8.0000E-02  2.0000E-02  9.4050E-01  6.0000E-05
        1606  8.0000E-02  0.0000E+00  9.6050E-01  4.0000E-05
        1607  8.0000E-02  2.0000E-02  9.6050E-01  4.0000E-05
        1608  8.0000E-02  0.0000E+00  9.8050E-01  2.0000E-05
        1609  8.0000E-02  2.0000E-02  9.8050E-01  2.0000E-05
        1610  8.0000E-02  0.0000E+00  1.0005E+00  0.0000E+00
        1611  8.0000E-02  2.0000E-02  1.0005E+00  0.0000E+00
        1612  8.0000E-02  4.0000E-02  5.0050E-01  5.0000E-04
        1613  8.0000E-02  4.0000E-02  5.2050E-01  4.8000E-04
        1614  8.0000E-02  4.0000E-02  5.4050E-01  4.6000E-04
        1615  8.0000E-02  4.0000E-02  5.6050E-01  4.4000E-04
        1616  8.0000E-02  4.0000E-02  5.8050E-01  4.2000E-04
        1617  8.0000E-02  4.0000E-02  6.0050E-01  4.0000E-04
        1618  8.0000E-02  4.0000E-02  6.2050E-01  3.8000E-04
        1619  8.0000E-02  4.0000E-02  6.4050E-01  3.6000E-04
        1620  8.0000E-02  4.0000E-02  6.6050E-01  3.4000E-04
        1621  8.0000E-02  4.0000E-02  6.8050E-01  3.2000E-04
        1622  8.0000E-02  4.0000E-02  7.0050E-01  3.0000E-04
        1623  8.0000E-02  4.0000E-02  7.2050E-01  2.8000E-04
        1624  8.0000E-02  4.0000E-02  7.4050E-01  2.6000E-04
        1625  8.0000E-02  4.0000E-02  7.6050E-01  2.4000E-04
        1626  8.0000E-02  4.0000E-02  7.8050E-01  2.2000E-04
        1627  8.0000E-02  4.0000E-02  8.0050E-01  2.0000E-04
        1628  8.0000E-02  4.0000E-02  8.2050E-01  1.8000E-04
        1629  8.0000E-02  4.0000E-02  8.4050E-01  1.6000E-04
        1630  8.0000E-02  4.0000E-02  8.6050E-01  1.4000E-04
        1631  8.0000E-02  4.0000E-02  8.8050E-01  1.2000E-04
        1632  8.0000E-02  4.0000E-02  9.0050E-01  1.0000E-04
        1633  8.0000E-02  4.0000E-02  9.2050E-01  8.0000E-05
        1634  8.0000E-02  4.0000E-02  9.4050E-01  6.0000E-05
        1635  8.0000E-02  4.0000E-02  9.6050E-01  4.0000E-05
        1636  8.0000E-02  4.0000E-02  9.8050E-01  2.0000E-05
        1637  8.0000E-02  4.0000E-02  1.0005E+00  0.0000E+00
        1638  8.0000E-02  6.0000E-02  5.0050E-01  5.0000E-04
        1639  8.0000E-02  6.0000E-02  5.2050E-01  4.8000E-04
        1640  8.0000E-02  6.0000E-02  5.4050E-01  4.6000E-04
        1641  8.0000E-02  6.0000E-02  5.6050E-01  4.4000E-04
        1642  8.0000E-02  6.0000E-02  5.8050E-01  4.2000E-04
        1643  8.0000E-02  6.0000E-02  6.0050E-01  4.0000E-04
        1644  8.0000E-02  6.0000E-02  6.2050E-01  3.8000E-04
        1645  8.0000E-02  6.0000E-02  6.4050E-01  3.6000E-04
        1646  8.0000E-02  6.0000E-02  6.6050E-01  3.4000E-04
        1647  8.0000E-02  6.0000E-02  6.8050E-01  3.2000E-04
        1648  8.0000E-02  6.0000E-02  7.0050E-01  3.0000E-04
        1649  8.0000E-02  6.0000E-02  7.2050E-01  2.8000E-04
        1650  8.0000E-02  6.0000E-02  7.4050E-01  2.6000E-04
        1651  8.0000E-02  6.0000E-02  7.6050E-01  2.4000E-04
        1652  8.0000E-02  6.0000E-02  7.8050E-01  2.2000E-04
        1653  8.0000E-02  6.0000E-02  8.0050E-01  2.0000E-04
        1654  8.0000E-02  6.0000E-02  8.2050E-01  1.8000E-04
        1655  8.0000E-02  6.0000E-02  8.4050E-01  1.6000E-04
        1656  8.0000E-02  6.0000E-02  8.6050E-01  1.4000E-04
        1657  8.0000E-02  6.0000E-02  8.8050E-01  1.2000E-04
        1658  8.0000E-02  6.0000E-02  9.0050E-01  1.0000E-04
        1659  8.0000E-02  6.0000E-02  9.2050E-01  8.0000E-05
        1660  8.0000E-02  6.0000E-02  9.4050E-01  6.0000E-05
        1661  8.0000E-02  6.0000E-02  9.6050E-01  4.0000E-05
        1662  8.0000E-02  6.0000E-02  9.8050E-01  2.0000E-05
        1663  8.0000E-02  6.0000E-02  1.0005E+00  0.0000E+00
        1664  8.0000E-02  8.0000E-02  5.0050E-01  5.0000E-04
        1665  8.0000E-02  8.0000E-02  5.2050E-01  4.8000E-04
        1666  8.0000E-02  8.0000E-02  5.4050E-01  4.6000E-04
        1667  8.0000E-02  8.0000E-02  5.6050E-01  4.4000E-04
        1668  8.0000E-02  8.0000E-02  5.8050E-01  4.2000E-04
        1669  8.0000E-02  8.0000E-02  6.0050E-01  4.0000E-04
        1670  8.0000E-02  8.0000E-02  6.2050E-01  3.8000E-04
        1671  8.0000E-02  8.0000E-02  6.4050E-01  3.6000E-04
        1672  8.0000E-02  8.0000E-02  6.6050E-01  3.4000E-04
        1673  8.0000E-02  8.0000E-02  6.8050E-01  3.2000E-04
        1674  8.0000E-02  8.0000E-02  7.0050E-01  3.0000E-04
        1675  8.0000E-02  8.0000E-02  7.2050E-01  2.8000E-04
        1676  8.0000E-02  8.0000E-02  7.4050E-01  2.6000E-04
        1677  8.0000E-02  8.0000E-02  7.6050E-01  2.4000E-04
        1678  8.0000E-02  8.0000E-02  7.8050E-01  2.2000E-04
        1679  8.0000E-02  8.0000E-02  8.0050E-01  2.0000E-04
        1680  8.0000E-02  8.0000E-02  8.2050E-01  1.8000E-04
        1681  8.0000E-02  8.0000E-02  8.4050E-01  1.6000E-04
        1682  8.0000E-02  8.0000E-02  8.6050E-01  1.4000E-04
        1683  8.0000E-02  8.0000E-02  8.8050E-01  1.2000E-04
        1684  8.0000E-02  8.0000E-02  9.0050E-01  1.0000E-04
        1685  8.0000E-02  8.0000E-02  9.2050E-01  8.0000E-05
        1686  8.0000E-02  8.0000E-02  9.4050E-01  6.0000E-05
        1687  8.0000E-02  8.0000E-02  9.6050E-01  4.0000E-05
        1688  8.0000E-02  8.0000E-02  9.8050E-01  2.0000E-05
        1689  8.0000E-02  8.0000E-02  1.0005E+00  0.0000E+00
        1690  8.0000E-02  1.0000E-01  5.0050E-01  5.0000E-04
        1691  8.0000E-02  1.0000E-01  5.2050E-01  4.8000E-04
        1692  8.0000E-02  1.0000E-01  5.4050E-01  4.6000E-04
        1693  8.0000E-02  1.0000E-01  5.6050E-01  4.4000E-04
        1694  8.0000E-02  1.0000E-01  5.8050E-01  4.2000E-04
        1695  8.0000E-02  1.0000E-01  6.0050E-01  4.0000E-04
        1696  8.0000E-02  1.0000E-01  6.2050E-01  3.8000E-04
        1697  8.0000E-02  1.0000E-01  6.4050E-01  3.6000E-04
        1698  8.0000E-02  1.0000E-01  6.6050E-01  3.4000E-04
        1699  8.0000E-02  1.0000E-01  6.8050E-01  3.2000E-04
        1700  8.0000E-02  1.0000E-01  7.0050E-01  3.0000E-04
        1701  8.0000E-02  1.0000E-01  7.2050E-01  2.8000E-04
        1702  8.0000E-02  1.0000E-01  7.4050E-01  2.6000E-04
        1703  8.0000E-02  1.0000E-01  7.6050E-01  2.4000E-04
        1704  8.0000E-02  1.0000E-01  7.8050E-01  2.2000E-04
        1705  8.0000E-02  1.0000E-01  8.0050E-01  2.0000E-04
        1706  8.0000E-02  1.0000E-01  8.2050E-01  1.8000E-04
        1707  8.0000E-02  1.0000E-01  8.4050E-01  1.6000E-04
        1708  8.0000E-02  1.0000E-01  8.6050E-01  1.4000E-04
        1709  8.0000E-02  1.0000E-01  8.8050E-01  1.2000E-04
        1710  8.0000E-02  1.0000E-01  9.0050E-01  1.0000E-04
        1711  8.0000E-02  1.0000E-01  9.2050E-01  8.0000E-05
        1712  8.0000E-02  1.0000E-01  9.4050E-01  6.0000E-05
        1713  8.0000E-02  1.0000E-01  9.6050E-01  4.0000E-05
        1714  8.0000E-02  1.0000E-01  9.8050E-01  2.0000E-05
        1715  8.0000E-02  1.0000E-01  1.0005E+00  0.0000E+00
        1716  1.0000E-01  0.0000E+00  5.0050E-01  5.0000E-04
        1717  1.0000E-01  2.0000E-02  5.0050E-01  5.0000E-04
        1718  1.0000E-01  0.0000E+00  5.2050E-01  4.8000E-04
        1719  1.0000E-01  2.0000E-02  5.2050E-01  4.8000E-04
        1720  1.0000E-01  0.0000E+00  5.4050E-01  4.6000E-04
        1721  1.0000E-01  2.0000E-02  5.4050E-01  4.6000E-04
        1722  1.0000E-01  0.0000E+00  5.6050E-01  4.4000E-04
        1723  1.0000E-01  2.0000E-02  5.6050E-01  4.4000E-04
        1724  1.0000E-01  0.0000E+00  5.8050E-01  4.2000E-04
        1725  1.0000E-01  2.0000E-02  5.8050E-01  4.2000E-04
        1726  1.0000E-01  0.0000E+00  6.0050E-01  4.0000E-04
        1727  1.0000E-01  2.0000E-02  6.0050E-01  4.0000E-04
        1728  1.0000E-01  0.0000E+00  6.2050E-01  3.8000E-04
        1729  1.0000E-01  2.0000E-02  6.2050E-01  3.8000E-04
        1730  1.0000E-01  0.0000E+00  6.4050E-01  3.6000E-04
        1731  1.0000E-01  2.0000E-02  6.4050E-01  3.6000E-04
        1732  1.0000E-01  0.0000E+00  6.6050E-01  3.4000E-04
        1733  1.0000E-01  2.0000E-02  6.6050E-01  3.4000E-04
        1734  1.0000E-01  0.0000E+00  6.8050E-01  3.2000E-04
        1735  1.0000E-01  2.0000E-02  6.8050E-01  3.2000E-04
        1736  1.0000E-01  0.0000E+00  7.0050E-01  3.0000E-04
        1737  1.0000E-01  2.0000E-02  7.0050E-01  3.0000E-04
        1738  1.0000E-01  0.0000E+00  7.2050E-01  2.8000E-04
        1739  1.0000E-01  2.0000E-02  7.2050E-01  2.8000E-04
        1740  1.0000E-01  0.0000E+00  7.4050E-01  2.6000E-04
        1741  1.0000E-01  2.0000E-02  7.4050E-01  2.6000E-04
        1742  1.0000E-01  0.0000E+00  7.6050E-01  2.4000E-04
        1743  1.0000E-01  2.0000E-02  7.6050E-01  2.4000E-04
        1744  1.0000E-01  0.0000E+00  7.8050E-01  2.2000E-04
        1745  1.0000E-01  2.0000E-02  7.8050E-01  2.2000E-04
        1746  1.0000E-01  0.0000E+00  8.0050E-01  2.0000E-04
        1747  1.0000E-01  2.0000E-02  8.0050E-01  2.0000E-04
        1748  1.0000E-01  0.0000E+00  8.2050E-01  1.8000E-04
        1749  1.0000E-01  2.0000E-02  8.2050E-01  1.8000E-04
        1750  1.0000E-01  0.0000E+00  8.4050E-01  1.6000E-04
        1751  1.0000E-01  2.0000E-02  8.4050E-01  1.6000E-04
        1752  1.0000E-01  0.0000E+00  8.6050E-01  1.4000E-04
        1753  1.0000E-01  2.0000E-02  8.6050E-01  1.4000E-04
        1754  1.0000E-01  0.0000E+00  8.8050E-01  1.2000E-04
        1755  1.0000E-01  2.0000E-02  8.8050E-01  1.2000E-04
        1756  1.0000E-01  0.0000E+00  9.0050E-01  1.0000E-04
        1757  1.0000E-01  2.0000E-02  9.0050E-01  1.0000E-04
        1758  1.0000E-01  0.0000E+00  9.2050E-01  8.0000E-05
        1759  1.0000E-01  2.0000E-02  9.2050E-01  8.0000E-05
        1760  1.0000E-01  0.0000E+00  9.4050E-01  6.0000E-05
        1761  1.0000E-01  2.0000E-02  9.4050E-01  6.0000E-05
        1762  1.0000E-01  0.0000E+00  9.6050E-01  4.0000E-05
        1763  1.0000E-01  2.0000E-02  9.6050E-01  4.0000E-05
        1764  1.0000E-01  0.0000E+00  9.8050E-01  2.0000E-05
        1765  1.0000E-01  2.0000E-02  9.8050E-01  2.0000E-05
        1766  1.0000E-01  0.0000E+00  1.0005E+00  0.0000E+00
        1767  1.0000E-01  2.0000E-02  1.0005E+00  0.0000E+00
        1768  1.0000E-01  4.0000E-02  5.0050E-01  5.0000E-04
        1769  1.0000E-01  4.0000E-02  5.2050E-01  4.8000E-04
        1770  1.0000E-01  4.0000E-02  5.4050E-01  4.6000E-04
        1771  1.0000E-01  4.0000E-02  5.6050E-01  4.4000E-04
        1772  1.0000E-01  4.0000E-02  5.8050E-01  4.2000E-04
        1773  1.0000E-01  4.0000E-02  6.0050E-01  4.0000E-04
        1774  1.0000E-01  4.0000E-02  6.2050E-01  3.8000E-04
        1775  1.0000E-01  4.0000E-02  6.4050E-01  3.6000E-04
        1776  1.0000E-01  4.0000E-02  6.6050E-01  3.4000E-04
        1777  1.0000E-01  4.0000E-02  6.8050E-01  3.2000E-04
        1778  1.0000E-01  4.0000E-02  7.0050E-01  3.0000E-04
        1779  1.0000E-01  4.0000E-02  7.2050E-01  2.8000E-04
        1780  1.0000E-01  4.0000E-02  7.4050E-01  2.6000E-04
        1781  1.0000E-01  4.0000E-02  7.6050E-01  2.4000E-04
        1782  1.0000E-01  4.0000E-02  7.8050E-01  2.2000E-04
        1783  1.0000E-01  4.0000E-02  8.0050E-01  2.0000E-04
        1784  1.0000E-01  4.0000E-02  8.2050E-01  1.8000E-04
        1785  1.0000E-01  4.0000E-02  8.4050E-01  1.6000E-04
        1786  1.0000E-01  4.0000E-02  8.6050E-01  1.4000E-04
        1787  1.0000E-01  4.0000E-02  8.8050E-01  1.2000E-04
        1788  1.0000E-01  4.0000E-02  9.0050E-01  1.0000E-04
        1789  1.0000E-01  4.0000E-02  9.2050E-01  8.0000E-05
        1790  1.0000E-01  4.0000E-02  9.4050E-01  6.0000E-05
        1791  1.0000E-01  4.0000E-02  9.6050E-01  4.0000E-05
        1792  1.0000E-01  4.0000E-02  9.8050E-01  2.0000E-05
        1793  1.0000E-01  4.0000E-02  1.0005E+00  0.0000E+00
        1794  1.0000E-01  6.0000E-02  5.0050E-01  5.0000E-04
        1795  1.0000E-01  6.0000E-02  5.2050E-01  4.8000E-04
        1796  1.0000E-01  6.0000E-02  5.4050E-01  4.6000E-04
        1797  1.0000E-01  6.0000E-02  5.6050E-01  4.4000E-04
        1798  1.0000E-01  6.0000E-02  5.8050E-01  4.2000E-04
        1799  1.0000E-01  6.0000E-02  6.0050E-01  4.0000E-04
        1800  1.0000E-01  6.0000E-02  6.2050E-01  3.8000E-04
        1801  1.0000E-01  6.0000E-02  6.4050E-01  3.6000E-04
        1802  1.0000E-01  6.0000E-02  6.6050E-01  3.4000E-04
        1803  1.0000E-01  6.0000E-02  6.8050E-01  3.2000E-04
        1804  1.0000E-01  6.0000E-02  7.0050E-01  3.0000E-04
        1805  1.0000E-01  6.0000E-02  7.2050E-01  2.8000E-04
        1806  1.0000E-01  6.0000E-02  7.4050E-01  2.6000E-04
        1807  1.0000E-01  6.0000E-02  7.6050E-01  2.4000E-04
        1808  1.0000E-01  6.0000E-02  7.8050E-01  2.2000E-04
        1809  1.0000E-01  6.0000E-02  8.0050E-01  2.0000E-04
        1810  1.0000E-01  6.0000E-02  8.2050E-01  1.8000E-04
        1811  1.0000E-01  6.0000E-02  8.4050E-01  1.6000E-04
        1812  1.0000E-01  6.0000E-02  8.6050E-01  1.4000E-04
        1813  1.0000E-01  6.0000E-02  8.8050E-01  1.2000E-04
        1814  1.0000E-01  6.0000E-02  9.0050E-01  1.0000E-04
        1815  1.0000E-01  6.0000E-02  9.2050E-01  8.0000E-05
        1816  1.0000E-01  6.0000E-02  9.4050E-01  6.0000E-05
        1817  1.0000E-01  6.0000E-02  9.6050E-01  4.0000E-05
        1818  1.0000E-01  6.0000E-02  9.8050E-01  2.0000E-05
        1819  1.0000E-01  6.0000E-02  1.0005E+00  0.0000E+00
        1820  1.0000E-01  8.0000E-02  5.0050E-01  5.0000E-04
        1821  1.0000E-01  8.0000E-02  5.2050E-01  4.8000E-04
        1822  1.0000E-01  8.0000E-02  5.4050E-01  4.6000E-04
        1823  1.0000E-01  8.0000E-02  5.6050E-01  4.4000E-04
        1824  1.0000E-01  8.0000E-02  5.8050E-01  4.2000E-04
        1825  1.0000E-01  8.0000E-02  6.0050E-01  4.0000E-04
        1826  1.0000E-01  8.0000E-02  6.2050E-01  3.8000E-04
        1827  1.0000E-01  8.0000E-02  6.4050E-01  3.6000E-04
        1828  1.0000E-01  8.0000E-02  6.6050E-01  3.4000E-04
        1829  1.0000E-01  8.0000E-02  6.8050E-01  3.2000E-04
        1830  1.0000E-01  8.0000E-02  7.0050E-01  3.0000E-04
        1831  1.0000E-01  8.0000E-02  7.2050E-01  2.8000E-04
        1832  1.0000E-01  8.0000E-02  7.4050E-01  2.6000E-04
        1833  1.0000E-01  8.0000E-02  7.6050E-01  2.4000E-04
        1834  1.0000E-01  8.0000E-02  7.8050E-01  2.2000E-04
        1835  1.0000E-01  8.0000E-02  8.0050E-01  2.0000E-04
        1836  1.0000E-01  8.0000E-02  8.2050E-01  1.8000E-04
        1837  1.0000E-01  8.0000E-02  8.4050E-01  1.6000E-04
        1838  1.0000E-01  8.0000E-02  8.6050E-01  1.4000E-04
        1839  1.0000E-01  8.0000E-02  8.8050E-01  1.2000E-04
        1840  1.0000E-01  8.0000E-02  9.0050E-01  1.0000E-04
        1841  1.0000E-01  8.0000E-02  9.2050E-01  8.0000E-05
        1842  1.0000E-01  8.0000E-02  9.4050E-01  6.0000E-05
        1843  1.0000E-01  8.0000E-02  9.6050E-01  4.0000E-05
        1844  1.0000E-01  8.0000E-02  9.8050E-01  2.0000E-05
        1845  1.0000E-01  8.0000E-02  1.0005E+00  0.0000E+00
        1846  1.0000E-01  1.0000E-01  5.0050E-01  5.0000E-04
        1847  1.0000E-01  1.0000E-01  5.2050E-01  4.8000E-04
        1848  1.0000E-01  1.0000E-01  5.4050E-01  4.6000E-04
        1849  1.0000E-01  1.0000E-01  5.6050E-01  4.4000E-04
        1850  1.0000E-01  1.0000E-01  5.8050E-01  4.2000E-04
        1851  1.0000E-01  1.0000E-01  6.0050E-01  4.0000E-04
        1852  1.0000E-01  1.0000E-01  6.2050E-01  3.8000E-04
        1853  1.0000E-01  1.0000E-01  6.4050E-01  3.6000E-04
        1854  1.0000E-01  1.0000E-01  6.6050E-01  3.4000E-04
        1855  1.0000E-01  1.0000E-01  6.8050E-01  3.2000E-04
        1856  1.0000E-01  1.0000E-01  7.0050E-01  3.0000E-04
        1857  1.0000E-01  1.0000E-01  7.2050E-01  2.8000E-04
        1858  1.0000E-01  1.0000E-01  7.4050E-01  2.6000E-04
        1859  1.0000E-01  1.0000E-01  7.6050E-01  2.4000E-04
        1860  1.0000E-01  1.0000E-01  7.8050E-01  2.2000E-04
        1861  1.0000E-01  1.0000E-01  8.0050E-01  2.0000E-04
        1862  1.0000E-01  1.0000E-01  8.2050E-01  1.8000E-04
        1863  1.0000E-01  1.0000E-01  8.4050E-01  1.6000E-04
        1864  1.0000E-01  1.0000E-01  8.6050E-01  1.4000E-04
        1865  1.0000E-01  1.0000E-01  8.8050E-01  1.2000E-04
        1866  1.0000E-01  1.0000E-01  9.0050E-01  1.0000E-04
        1867  1.0000E-01  1.0000E-01  9.2050E-01  8.0000E-05
        1868  1.0000E-01  1.0000E-01  9.4050E-01  6.0000E-05
        1869  1.0000E-01  1.0000E-01  9.6050E-01  4.0000E-05
        1870  1.0000E-01  1.0000E-01  9.8050E-01  2.0000E-05
        1871  1.0000E-01  1.0000E-01  1.0005E+00  0.0000E+00
