Scalar DY under Modal for nodeset
41
   1.0023E+01
  9.7313E-06
  3.8684E-05
  8.6589E-05
  1.5332E-04
  2.3880E-04
  3.4282E-04
  4.6500E-04
  6.0498E-04
  7.6234E-04
  1.1276E-03
  1.3345E-03
  1.5573E-03
  1.7955E-03
  2.0489E-03
  2.3170E-03
  2.5994E-03
  2.8957E-03
  3.2056E-03
  3.5284E-03
  3.8637E-03
  4.2111E-03
  4.5699E-03
  4.9396E-03
  5.3198E-03
  5.7097E-03
  6.1089E-03
  6.5166E-03
  6.9323E-03
  7.3555E-03
  7.7853E-03
  8.2213E-03
  8.6627E-03
  9.1088E-03
  9.5591E-03
  1.0013E-02
  1.0469E-02
  1.0928E-02
  1.1388E-02
  0.0000E+00
  9.3668E-04
  1.1848E-02
