Scalar SIGMAZZ under Static for NODALGROUP 2: NODENUMBER X0  Y0  Z0  RESULT-1 RESULT-2 ... RESULT-N
936
   0.0000E+00
         936  0.0000E+00  0.0000E+00  5.0050E-01 -2.0000E+08
         937  2.0000E-02  0.0000E+00  5.0050E-01 -2.0000E+08
         938  0.0000E+00  2.0000E-02  5.0050E-01 -2.0000E+08
         939  2.0000E-02  2.0000E-02  5.0050E-01 -2.0000E+08
         940  0.0000E+00  0.0000E+00  5.2050E-01 -2.0000E+08
         941  2.0000E-02  0.0000E+00  5.2050E-01 -2.0000E+08
         942  0.0000E+00  2.0000E-02  5.2050E-01 -2.0000E+08
         943  2.0000E-02  2.0000E-02  5.2050E-01 -2.0000E+08
         944  0.0000E+00  0.0000E+00  5.4050E-01 -2.0000E+08
         945  2.0000E-02  0.0000E+00  5.4050E-01 -2.0000E+08
         946  0.0000E+00  2.0000E-02  5.4050E-01 -2.0000E+08
         947  2.0000E-02  2.0000E-02  5.4050E-01 -2.0000E+08
         948  0.0000E+00  0.0000E+00  5.6050E-01 -2.0000E+08
         949  2.0000E-02  0.0000E+00  5.6050E-01 -2.0000E+08
         950  0.0000E+00  2.0000E-02  5.6050E-01 -2.0000E+08
         951  2.0000E-02  2.0000E-02  5.6050E-01 -2.0000E+08
         952  0.0000E+00  0.0000E+00  5.8050E-01 -2.0000E+08
         953  2.0000E-02  0.0000E+00  5.8050E-01 -2.0000E+08
         954  0.0000E+00  2.0000E-02  5.8050E-01 -2.0000E+08
         955  2.0000E-02  2.0000E-02  5.8050E-01 -2.0000E+08
         956  0.0000E+00  0.0000E+00  6.0050E-01 -2.0000E+08
         957  2.0000E-02  0.0000E+00  6.0050E-01 -2.0000E+08
         958  0.0000E+00  2.0000E-02  6.0050E-01 -2.0000E+08
         959  2.0000E-02  2.0000E-02  6.0050E-01 -2.0000E+08
         960  0.0000E+00  0.0000E+00  6.2050E-01 -2.0000E+08
         961  2.0000E-02  0.0000E+00  6.2050E-01 -2.0000E+08
         962  0.0000E+00  2.0000E-02  6.2050E-01 -2.0000E+08
         963  2.0000E-02  2.0000E-02  6.2050E-01 -2.0000E+08
         964  0.0000E+00  0.0000E+00  6.4050E-01 -2.0000E+08
         965  2.0000E-02  0.0000E+00  6.4050E-01 -2.0000E+08
         966  0.0000E+00  2.0000E-02  6.4050E-01 -2.0000E+08
         967  2.0000E-02  2.0000E-02  6.4050E-01 -2.0000E+08
         968  0.0000E+00  0.0000E+00  6.6050E-01 -2.0000E+08
         969  2.0000E-02  0.0000E+00  6.6050E-01 -2.0000E+08
         970  0.0000E+00  2.0000E-02  6.6050E-01 -2.0000E+08
         971  2.0000E-02  2.0000E-02  6.6050E-01 -2.0000E+08
         972  0.0000E+00  0.0000E+00  6.8050E-01 -2.0000E+08
         973  2.0000E-02  0.0000E+00  6.8050E-01 -2.0000E+08
         974  0.0000E+00  2.0000E-02  6.8050E-01 -2.0000E+08
         975  2.0000E-02  2.0000E-02  6.8050E-01 -2.0000E+08
         976  0.0000E+00  0.0000E+00  7.0050E-01 -2.0000E+08
         977  2.0000E-02  0.0000E+00  7.0050E-01 -2.0000E+08
         978  0.0000E+00  2.0000E-02  7.0050E-01 -2.0000E+08
         979  2.0000E-02  2.0000E-02  7.0050E-01 -2.0000E+08
         980  0.0000E+00  0.0000E+00  7.2050E-01 -2.0000E+08
         981  2.0000E-02  0.0000E+00  7.2050E-01 -2.0000E+08
         982  0.0000E+00  2.0000E-02  7.2050E-01 -2.0000E+08
         983  2.0000E-02  2.0000E-02  7.2050E-01 -2.0000E+08
         984  0.0000E+00  0.0000E+00  7.4050E-01 -2.0000E+08
         985  2.0000E-02  0.0000E+00  7.4050E-01 -2.0000E+08
         986  0.0000E+00  2.0000E-02  7.4050E-01 -2.0000E+08
         987  2.0000E-02  2.0000E-02  7.4050E-01 -2.0000E+08
         988  0.0000E+00  0.0000E+00  7.6050E-01 -2.0000E+08
         989  2.0000E-02  0.0000E+00  7.6050E-01 -2.0000E+08
         990  0.0000E+00  2.0000E-02  7.6050E-01 -2.0000E+08
         991  2.0000E-02  2.0000E-02  7.6050E-01 -2.0000E+08
         992  0.0000E+00  0.0000E+00  7.8050E-01 -2.0000E+08
         993  2.0000E-02  0.0000E+00  7.8050E-01 -2.0000E+08
         994  0.0000E+00  2.0000E-02  7.8050E-01 -2.0000E+08
         995  2.0000E-02  2.0000E-02  7.8050E-01 -2.0000E+08
         996  0.0000E+00  0.0000E+00  8.0050E-01 -2.0000E+08
         997  2.0000E-02  0.0000E+00  8.0050E-01 -2.0000E+08
         998  0.0000E+00  2.0000E-02  8.0050E-01 -2.0000E+08
         999  2.0000E-02  2.0000E-02  8.0050E-01 -2.0000E+08
        1000  0.0000E+00  0.0000E+00  8.2050E-01 -2.0000E+08
        1001  2.0000E-02  0.0000E+00  8.2050E-01 -2.0000E+08
        1002  0.0000E+00  2.0000E-02  8.2050E-01 -2.0000E+08
        1003  2.0000E-02  2.0000E-02  8.2050E-01 -2.0000E+08
        1004  0.0000E+00  0.0000E+00  8.4050E-01 -2.0000E+08
        1005  2.0000E-02  0.0000E+00  8.4050E-01 -2.0000E+08
        1006  0.0000E+00  2.0000E-02  8.4050E-01 -2.0000E+08
        1007  2.0000E-02  2.0000E-02  8.4050E-01 -2.0000E+08
        1008  0.0000E+00  0.0000E+00  8.6050E-01 -2.0000E+08
        1009  2.0000E-02  0.0000E+00  8.6050E-01 -2.0000E+08
        1010  0.0000E+00  2.0000E-02  8.6050E-01 -2.0000E+08
        1011  2.0000E-02  2.0000E-02  8.6050E-01 -2.0000E+08
        1012  0.0000E+00  0.0000E+00  8.8050E-01 -2.0000E+08
        1013  2.0000E-02  0.0000E+00  8.8050E-01 -2.0000E+08
        1014  0.0000E+00  2.0000E-02  8.8050E-01 -2.0000E+08
        1015  2.0000E-02  2.0000E-02  8.8050E-01 -2.0000E+08
        1016  0.0000E+00  0.0000E+00  9.0050E-01 -2.0000E+08
        1017  2.0000E-02  0.0000E+00  9.0050E-01 -2.0000E+08
        1018  0.0000E+00  2.0000E-02  9.0050E-01 -2.0000E+08
        1019  2.0000E-02  2.0000E-02  9.0050E-01 -2.0000E+08
        1020  0.0000E+00  0.0000E+00  9.2050E-01 -2.0000E+08
        1021  2.0000E-02  0.0000E+00  9.2050E-01 -2.0000E+08
        1022  0.0000E+00  2.0000E-02  9.2050E-01 -2.0000E+08
        1023  2.0000E-02  2.0000E-02  9.2050E-01 -2.0000E+08
        1024  0.0000E+00  0.0000E+00  9.4050E-01 -2.0000E+08
        1025  2.0000E-02  0.0000E+00  9.4050E-01 -2.0000E+08
        1026  0.0000E+00  2.0000E-02  9.4050E-01 -2.0000E+08
        1027  2.0000E-02  2.0000E-02  9.4050E-01 -2.0000E+08
        1028  0.0000E+00  0.0000E+00  9.6050E-01 -2.0000E+08
        1029  2.0000E-02  0.0000E+00  9.6050E-01 -2.0000E+08
        1030  0.0000E+00  2.0000E-02  9.6050E-01 -2.0000E+08
        1031  2.0000E-02  2.0000E-02  9.6050E-01 -2.0000E+08
        1032  0.0000E+00  0.0000E+00  9.8050E-01 -2.0000E+08
        1033  2.0000E-02  0.0000E+00  9.8050E-01 -2.0000E+08
        1034  0.0000E+00  2.0000E-02  9.8050E-01 -2.0000E+08
        1035  2.0000E-02  2.0000E-02  9.8050E-01 -2.0000E+08
        1036  0.0000E+00  0.0000E+00  1.0005E+00 -2.0000E+08
        1037  2.0000E-02  0.0000E+00  1.0005E+00 -2.0000E+08
        1038  0.0000E+00  2.0000E-02  1.0005E+00 -2.0000E+08
        1039  2.0000E-02  2.0000E-02  1.0005E+00 -2.0000E+08
        1040  0.0000E+00  4.0000E-02  5.0050E-01 -2.0000E+08
        1041  2.0000E-02  4.0000E-02  5.0050E-01 -2.0000E+08
        1042  0.0000E+00  4.0000E-02  5.2050E-01 -2.0000E+08
        1043  2.0000E-02  4.0000E-02  5.2050E-01 -2.0000E+08
        1044  0.0000E+00  4.0000E-02  5.4050E-01 -2.0000E+08
        1045  2.0000E-02  4.0000E-02  5.4050E-01 -2.0000E+08
        1046  0.0000E+00  4.0000E-02  5.6050E-01 -2.0000E+08
        1047  2.0000E-02  4.0000E-02  5.6050E-01 -2.0000E+08
        1048  0.0000E+00  4.0000E-02  5.8050E-01 -2.0000E+08
        1049  2.0000E-02  4.0000E-02  5.8050E-01 -2.0000E+08
        1050  0.0000E+00  4.0000E-02  6.0050E-01 -2.0000E+08
        1051  2.0000E-02  4.0000E-02  6.0050E-01 -2.0000E+08
        1052  0.0000E+00  4.0000E-02  6.2050E-01 -2.0000E+08
        1053  2.0000E-02  4.0000E-02  6.2050E-01 -2.0000E+08
        1054  0.0000E+00  4.0000E-02  6.4050E-01 -2.0000E+08
        1055  2.0000E-02  4.0000E-02  6.4050E-01 -2.0000E+08
        1056  0.0000E+00  4.0000E-02  6.6050E-01 -2.0000E+08
        1057  2.0000E-02  4.0000E-02  6.6050E-01 -2.0000E+08
        1058  0.0000E+00  4.0000E-02  6.8050E-01 -2.0000E+08
        1059  2.0000E-02  4.0000E-02  6.8050E-01 -2.0000E+08
        1060  0.0000E+00  4.0000E-02  7.0050E-01 -2.0000E+08
        1061  2.0000E-02  4.0000E-02  7.0050E-01 -2.0000E+08
        1062  0.0000E+00  4.0000E-02  7.2050E-01 -2.0000E+08
        1063  2.0000E-02  4.0000E-02  7.2050E-01 -2.0000E+08
        1064  0.0000E+00  4.0000E-02  7.4050E-01 -2.0000E+08
        1065  2.0000E-02  4.0000E-02  7.4050E-01 -2.0000E+08
        1066  0.0000E+00  4.0000E-02  7.6050E-01 -2.0000E+08
        1067  2.0000E-02  4.0000E-02  7.6050E-01 -2.0000E+08
        1068  0.0000E+00  4.0000E-02  7.8050E-01 -2.0000E+08
        1069  2.0000E-02  4.0000E-02  7.8050E-01 -2.0000E+08
        1070  0.0000E+00  4.0000E-02  8.0050E-01 -2.0000E+08
        1071  2.0000E-02  4.0000E-02  8.0050E-01 -2.0000E+08
        1072  0.0000E+00  4.0000E-02  8.2050E-01 -2.0000E+08
        1073  2.0000E-02  4.0000E-02  8.2050E-01 -2.0000E+08
        1074  0.0000E+00  4.0000E-02  8.4050E-01 -2.0000E+08
        1075  2.0000E-02  4.0000E-02  8.4050E-01 -2.0000E+08
        1076  0.0000E+00  4.0000E-02  8.6050E-01 -2.0000E+08
        1077  2.0000E-02  4.0000E-02  8.6050E-01 -2.0000E+08
        1078  0.0000E+00  4.0000E-02  8.8050E-01 -2.0000E+08
        1079  2.0000E-02  4.0000E-02  8.8050E-01 -2.0000E+08
        1080  0.0000E+00  4.0000E-02  9.0050E-01 -2.0000E+08
        1081  2.0000E-02  4.0000E-02  9.0050E-01 -2.0000E+08
        1082  0.0000E+00  4.0000E-02  9.2050E-01 -2.0000E+08
        1083  2.0000E-02  4.0000E-02  9.2050E-01 -2.0000E+08
        1084  0.0000E+00  4.0000E-02  9.4050E-01 -2.0000E+08
        1085  2.0000E-02  4.0000E-02  9.4050E-01 -2.0000E+08
        1086  0.0000E+00  4.0000E-02  9.6050E-01 -2.0000E+08
        1087  2.0000E-02  4.0000E-02  9.6050E-01 -2.0000E+08
        1088  0.0000E+00  4.0000E-02  9.8050E-01 -2.0000E+08
        1089  2.0000E-02  4.0000E-02  9.8050E-01 -2.0000E+08
        1090  0.0000E+00  4.0000E-02  1.0005E+00 -2.0000E+08
        1091  2.0000E-02  4.0000E-02  1.0005E+00 -2.0000E+08
        1092  0.0000E+00  6.0000E-02  5.0050E-01 -2.0000E+08
        1093  2.0000E-02  6.0000E-02  5.0050E-01 -2.0000E+08
        1094  0.0000E+00  6.0000E-02  5.2050E-01 -2.0000E+08
        1095  2.0000E-02  6.0000E-02  5.2050E-01 -2.0000E+08
        1096  0.0000E+00  6.0000E-02  5.4050E-01 -2.0000E+08
        1097  2.0000E-02  6.0000E-02  5.4050E-01 -2.0000E+08
        1098  0.0000E+00  6.0000E-02  5.6050E-01 -2.0000E+08
        1099  2.0000E-02  6.0000E-02  5.6050E-01 -2.0000E+08
        1100  0.0000E+00  6.0000E-02  5.8050E-01 -2.0000E+08
        1101  2.0000E-02  6.0000E-02  5.8050E-01 -2.0000E+08
        1102  0.0000E+00  6.0000E-02  6.0050E-01 -2.0000E+08
        1103  2.0000E-02  6.0000E-02  6.0050E-01 -2.0000E+08
        1104  0.0000E+00  6.0000E-02  6.2050E-01 -2.0000E+08
        1105  2.0000E-02  6.0000E-02  6.2050E-01 -2.0000E+08
        1106  0.0000E+00  6.0000E-02  6.4050E-01 -2.0000E+08
        1107  2.0000E-02  6.0000E-02  6.4050E-01 -2.0000E+08
        1108  0.0000E+00  6.0000E-02  6.6050E-01 -2.0000E+08
        1109  2.0000E-02  6.0000E-02  6.6050E-01 -2.0000E+08
        1110  0.0000E+00  6.0000E-02  6.8050E-01 -2.0000E+08
        1111  2.0000E-02  6.0000E-02  6.8050E-01 -2.0000E+08
        1112  0.0000E+00  6.0000E-02  7.0050E-01 -2.0000E+08
        1113  2.0000E-02  6.0000E-02  7.0050E-01 -2.0000E+08
        1114  0.0000E+00  6.0000E-02  7.2050E-01 -2.0000E+08
        1115  2.0000E-02  6.0000E-02  7.2050E-01 -2.0000E+08
        1116  0.0000E+00  6.0000E-02  7.4050E-01 -2.0000E+08
        1117  2.0000E-02  6.0000E-02  7.4050E-01 -2.0000E+08
        1118  0.0000E+00  6.0000E-02  7.6050E-01 -2.0000E+08
        1119  2.0000E-02  6.0000E-02  7.6050E-01 -2.0000E+08
        1120  0.0000E+00  6.0000E-02  7.8050E-01 -2.0000E+08
        1121  2.0000E-02  6.0000E-02  7.8050E-01 -2.0000E+08
        1122  0.0000E+00  6.0000E-02  8.0050E-01 -2.0000E+08
        1123  2.0000E-02  6.0000E-02  8.0050E-01 -2.0000E+08
        1124  0.0000E+00  6.0000E-02  8.2050E-01 -2.0000E+08
        1125  2.0000E-02  6.0000E-02  8.2050E-01 -2.0000E+08
        1126  0.0000E+00  6.0000E-02  8.4050E-01 -2.0000E+08
        1127  2.0000E-02  6.0000E-02  8.4050E-01 -2.0000E+08
        1128  0.0000E+00  6.0000E-02  8.6050E-01 -2.0000E+08
        1129  2.0000E-02  6.0000E-02  8.6050E-01 -2.0000E+08
        1130  0.0000E+00  6.0000E-02  8.8050E-01 -2.0000E+08
        1131  2.0000E-02  6.0000E-02  8.8050E-01 -2.0000E+08
        1132  0.0000E+00  6.0000E-02  9.0050E-01 -2.0000E+08
        1133  2.0000E-02  6.0000E-02  9.0050E-01 -2.0000E+08
        1134  0.0000E+00  6.0000E-02  9.2050E-01 -2.0000E+08
        1135  2.0000E-02  6.0000E-02  9.2050E-01 -2.0000E+08
        1136  0.0000E+00  6.0000E-02  9.4050E-01 -2.0000E+08
        1137  2.0000E-02  6.0000E-02  9.4050E-01 -2.0000E+08
        1138  0.0000E+00  6.0000E-02  9.6050E-01 -2.0000E+08
        1139  2.0000E-02  6.0000E-02  9.6050E-01 -2.0000E+08
        1140  0.0000E+00  6.0000E-02  9.8050E-01 -2.0000E+08
        1141  2.0000E-02  6.0000E-02  9.8050E-01 -2.0000E+08
        1142  0.0000E+00  6.0000E-02  1.0005E+00 -2.0000E+08
        1143  2.0000E-02  6.0000E-02  1.0005E+00 -2.0000E+08
        1144  0.0000E+00  8.0000E-02  5.0050E-01 -2.0000E+08
        1145  2.0000E-02  8.0000E-02  5.0050E-01 -2.0000E+08
        1146  0.0000E+00  8.0000E-02  5.2050E-01 -2.0000E+08
        1147  2.0000E-02  8.0000E-02  5.2050E-01 -2.0000E+08
        1148  0.0000E+00  8.0000E-02  5.4050E-01 -2.0000E+08
        1149  2.0000E-02  8.0000E-02  5.4050E-01 -2.0000E+08
        1150  0.0000E+00  8.0000E-02  5.6050E-01 -2.0000E+08
        1151  2.0000E-02  8.0000E-02  5.6050E-01 -2.0000E+08
        1152  0.0000E+00  8.0000E-02  5.8050E-01 -2.0000E+08
        1153  2.0000E-02  8.0000E-02  5.8050E-01 -2.0000E+08
        1154  0.0000E+00  8.0000E-02  6.0050E-01 -2.0000E+08
        1155  2.0000E-02  8.0000E-02  6.0050E-01 -2.0000E+08
        1156  0.0000E+00  8.0000E-02  6.2050E-01 -2.0000E+08
        1157  2.0000E-02  8.0000E-02  6.2050E-01 -2.0000E+08
        1158  0.0000E+00  8.0000E-02  6.4050E-01 -2.0000E+08
        1159  2.0000E-02  8.0000E-02  6.4050E-01 -2.0000E+08
        1160  0.0000E+00  8.0000E-02  6.6050E-01 -2.0000E+08
        1161  2.0000E-02  8.0000E-02  6.6050E-01 -2.0000E+08
        1162  0.0000E+00  8.0000E-02  6.8050E-01 -2.0000E+08
        1163  2.0000E-02  8.0000E-02  6.8050E-01 -2.0000E+08
        1164  0.0000E+00  8.0000E-02  7.0050E-01 -2.0000E+08
        1165  2.0000E-02  8.0000E-02  7.0050E-01 -2.0000E+08
        1166  0.0000E+00  8.0000E-02  7.2050E-01 -2.0000E+08
        1167  2.0000E-02  8.0000E-02  7.2050E-01 -2.0000E+08
        1168  0.0000E+00  8.0000E-02  7.4050E-01 -2.0000E+08
        1169  2.0000E-02  8.0000E-02  7.4050E-01 -2.0000E+08
        1170  0.0000E+00  8.0000E-02  7.6050E-01 -2.0000E+08
        1171  2.0000E-02  8.0000E-02  7.6050E-01 -2.0000E+08
        1172  0.0000E+00  8.0000E-02  7.8050E-01 -2.0000E+08
        1173  2.0000E-02  8.0000E-02  7.8050E-01 -2.0000E+08
        1174  0.0000E+00  8.0000E-02  8.0050E-01 -2.0000E+08
        1175  2.0000E-02  8.0000E-02  8.0050E-01 -2.0000E+08
        1176  0.0000E+00  8.0000E-02  8.2050E-01 -2.0000E+08
        1177  2.0000E-02  8.0000E-02  8.2050E-01 -2.0000E+08
        1178  0.0000E+00  8.0000E-02  8.4050E-01 -2.0000E+08
        1179  2.0000E-02  8.0000E-02  8.4050E-01 -2.0000E+08
        1180  0.0000E+00  8.0000E-02  8.6050E-01 -2.0000E+08
        1181  2.0000E-02  8.0000E-02  8.6050E-01 -2.0000E+08
        1182  0.0000E+00  8.0000E-02  8.8050E-01 -2.0000E+08
        1183  2.0000E-02  8.0000E-02  8.8050E-01 -2.0000E+08
        1184  0.0000E+00  8.0000E-02  9.0050E-01 -2.0000E+08
        1185  2.0000E-02  8.0000E-02  9.0050E-01 -2.0000E+08
        1186  0.0000E+00  8.0000E-02  9.2050E-01 -2.0000E+08
        1187  2.0000E-02  8.0000E-02  9.2050E-01 -2.0000E+08
        1188  0.0000E+00  8.0000E-02  9.4050E-01 -2.0000E+08
        1189  2.0000E-02  8.0000E-02  9.4050E-01 -2.0000E+08
        1190  0.0000E+00  8.0000E-02  9.6050E-01 -2.0000E+08
        1191  2.0000E-02  8.0000E-02  9.6050E-01 -2.0000E+08
        1192  0.0000E+00  8.0000E-02  9.8050E-01 -2.0000E+08
        1193  2.0000E-02  8.0000E-02  9.8050E-01 -2.0000E+08
        1194  0.0000E+00  8.0000E-02  1.0005E+00 -2.0000E+08
        1195  2.0000E-02  8.0000E-02  1.0005E+00 -2.0000E+08
        1196  0.0000E+00  1.0000E-01  5.0050E-01 -2.0000E+08
        1197  2.0000E-02  1.0000E-01  5.0050E-01 -2.0000E+08
        1198  0.0000E+00  1.0000E-01  5.2050E-01 -2.0000E+08
        1199  2.0000E-02  1.0000E-01  5.2050E-01 -2.0000E+08
        1200  0.0000E+00  1.0000E-01  5.4050E-01 -2.0000E+08
        1201  2.0000E-02  1.0000E-01  5.4050E-01 -2.0000E+08
        1202  0.0000E+00  1.0000E-01  5.6050E-01 -2.0000E+08
        1203  2.0000E-02  1.0000E-01  5.6050E-01 -2.0000E+08
        1204  0.0000E+00  1.0000E-01  5.8050E-01 -2.0000E+08
        1205  2.0000E-02  1.0000E-01  5.8050E-01 -2.0000E+08
        1206  0.0000E+00  1.0000E-01  6.0050E-01 -2.0000E+08
        1207  2.0000E-02  1.0000E-01  6.0050E-01 -2.0000E+08
        1208  0.0000E+00  1.0000E-01  6.2050E-01 -2.0000E+08
        1209  2.0000E-02  1.0000E-01  6.2050E-01 -2.0000E+08
        1210  0.0000E+00  1.0000E-01  6.4050E-01 -2.0000E+08
        1211  2.0000E-02  1.0000E-01  6.4050E-01 -2.0000E+08
        1212  0.0000E+00  1.0000E-01  6.6050E-01 -2.0000E+08
        1213  2.0000E-02  1.0000E-01  6.6050E-01 -2.0000E+08
        1214  0.0000E+00  1.0000E-01  6.8050E-01 -2.0000E+08
        1215  2.0000E-02  1.0000E-01  6.8050E-01 -2.0000E+08
        1216  0.0000E+00  1.0000E-01  7.0050E-01 -2.0000E+08
        1217  2.0000E-02  1.0000E-01  7.0050E-01 -2.0000E+08
        1218  0.0000E+00  1.0000E-01  7.2050E-01 -2.0000E+08
        1219  2.0000E-02  1.0000E-01  7.2050E-01 -2.0000E+08
        1220  0.0000E+00  1.0000E-01  7.4050E-01 -2.0000E+08
        1221  2.0000E-02  1.0000E-01  7.4050E-01 -2.0000E+08
        1222  0.0000E+00  1.0000E-01  7.6050E-01 -2.0000E+08
        1223  2.0000E-02  1.0000E-01  7.6050E-01 -2.0000E+08
        1224  0.0000E+00  1.0000E-01  7.8050E-01 -2.0000E+08
        1225  2.0000E-02  1.0000E-01  7.8050E-01 -2.0000E+08
        1226  0.0000E+00  1.0000E-01  8.0050E-01 -2.0000E+08
        1227  2.0000E-02  1.0000E-01  8.0050E-01 -2.0000E+08
        1228  0.0000E+00  1.0000E-01  8.2050E-01 -2.0000E+08
        1229  2.0000E-02  1.0000E-01  8.2050E-01 -2.0000E+08
        1230  0.0000E+00  1.0000E-01  8.4050E-01 -2.0000E+08
        1231  2.0000E-02  1.0000E-01  8.4050E-01 -2.0000E+08
        1232  0.0000E+00  1.0000E-01  8.6050E-01 -2.0000E+08
        1233  2.0000E-02  1.0000E-01  8.6050E-01 -2.0000E+08
        1234  0.0000E+00  1.0000E-01  8.8050E-01 -2.0000E+08
        1235  2.0000E-02  1.0000E-01  8.8050E-01 -2.0000E+08
        1236  0.0000E+00  1.0000E-01  9.0050E-01 -2.0000E+08
        1237  2.0000E-02  1.0000E-01  9.0050E-01 -2.0000E+08
        1238  0.0000E+00  1.0000E-01  9.2050E-01 -2.0000E+08
        1239  2.0000E-02  1.0000E-01  9.2050E-01 -2.0000E+08
        1240  0.0000E+00  1.0000E-01  9.4050E-01 -2.0000E+08
        1241  2.0000E-02  1.0000E-01  9.4050E-01 -2.0000E+08
        1242  0.0000E+00  1.0000E-01  9.6050E-01 -2.0000E+08
        1243  2.0000E-02  1.0000E-01  9.6050E-01 -2.0000E+08
        1244  0.0000E+00  1.0000E-01  9.8050E-01 -2.0000E+08
        1245  2.0000E-02  1.0000E-01  9.8050E-01 -2.0000E+08
        1246  0.0000E+00  1.0000E-01  1.0005E+00 -2.0000E+08
        1247  2.0000E-02  1.0000E-01  1.0005E+00 -2.0000E+08
        1248  4.0000E-02  0.0000E+00  5.0050E-01 -2.0000E+08
        1249  4.0000E-02  2.0000E-02  5.0050E-01 -2.0000E+08
        1250  4.0000E-02  0.0000E+00  5.2050E-01 -2.0000E+08
        1251  4.0000E-02  2.0000E-02  5.2050E-01 -2.0000E+08
        1252  4.0000E-02  0.0000E+00  5.4050E-01 -2.0000E+08
        1253  4.0000E-02  2.0000E-02  5.4050E-01 -2.0000E+08
        1254  4.0000E-02  0.0000E+00  5.6050E-01 -2.0000E+08
        1255  4.0000E-02  2.0000E-02  5.6050E-01 -2.0000E+08
        1256  4.0000E-02  0.0000E+00  5.8050E-01 -2.0000E+08
        1257  4.0000E-02  2.0000E-02  5.8050E-01 -2.0000E+08
        1258  4.0000E-02  0.0000E+00  6.0050E-01 -2.0000E+08
        1259  4.0000E-02  2.0000E-02  6.0050E-01 -2.0000E+08
        1260  4.0000E-02  0.0000E+00  6.2050E-01 -2.0000E+08
        1261  4.0000E-02  2.0000E-02  6.2050E-01 -2.0000E+08
        1262  4.0000E-02  0.0000E+00  6.4050E-01 -2.0000E+08
        1263  4.0000E-02  2.0000E-02  6.4050E-01 -2.0000E+08
        1264  4.0000E-02  0.0000E+00  6.6050E-01 -2.0000E+08
        1265  4.0000E-02  2.0000E-02  6.6050E-01 -2.0000E+08
        1266  4.0000E-02  0.0000E+00  6.8050E-01 -2.0000E+08
        1267  4.0000E-02  2.0000E-02  6.8050E-01 -2.0000E+08
        1268  4.0000E-02  0.0000E+00  7.0050E-01 -2.0000E+08
        1269  4.0000E-02  2.0000E-02  7.0050E-01 -2.0000E+08
        1270  4.0000E-02  0.0000E+00  7.2050E-01 -2.0000E+08
        1271  4.0000E-02  2.0000E-02  7.2050E-01 -2.0000E+08
        1272  4.0000E-02  0.0000E+00  7.4050E-01 -2.0000E+08
        1273  4.0000E-02  2.0000E-02  7.4050E-01 -2.0000E+08
        1274  4.0000E-02  0.0000E+00  7.6050E-01 -2.0000E+08
        1275  4.0000E-02  2.0000E-02  7.6050E-01 -2.0000E+08
        1276  4.0000E-02  0.0000E+00  7.8050E-01 -2.0000E+08
        1277  4.0000E-02  2.0000E-02  7.8050E-01 -2.0000E+08
        1278  4.0000E-02  0.0000E+00  8.0050E-01 -2.0000E+08
        1279  4.0000E-02  2.0000E-02  8.0050E-01 -2.0000E+08
        1280  4.0000E-02  0.0000E+00  8.2050E-01 -2.0000E+08
        1281  4.0000E-02  2.0000E-02  8.2050E-01 -2.0000E+08
        1282  4.0000E-02  0.0000E+00  8.4050E-01 -2.0000E+08
        1283  4.0000E-02  2.0000E-02  8.4050E-01 -2.0000E+08
        1284  4.0000E-02  0.0000E+00  8.6050E-01 -2.0000E+08
        1285  4.0000E-02  2.0000E-02  8.6050E-01 -2.0000E+08
        1286  4.0000E-02  0.0000E+00  8.8050E-01 -2.0000E+08
        1287  4.0000E-02  2.0000E-02  8.8050E-01 -2.0000E+08
        1288  4.0000E-02  0.0000E+00  9.0050E-01 -2.0000E+08
        1289  4.0000E-02  2.0000E-02  9.0050E-01 -2.0000E+08
        1290  4.0000E-02  0.0000E+00  9.2050E-01 -2.0000E+08
        1291  4.0000E-02  2.0000E-02  9.2050E-01 -2.0000E+08
        1292  4.0000E-02  0.0000E+00  9.4050E-01 -2.0000E+08
        1293  4.0000E-02  2.0000E-02  9.4050E-01 -2.0000E+08
        1294  4.0000E-02  0.0000E+00  9.6050E-01 -2.0000E+08
        1295  4.0000E-02  2.0000E-02  9.6050E-01 -2.0000E+08
        1296  4.0000E-02  0.0000E+00  9.8050E-01 -2.0000E+08
        1297  4.0000E-02  2.0000E-02  9.8050E-01 -2.0000E+08
        1298  4.0000E-02  0.0000E+00  1.0005E+00 -2.0000E+08
        1299  4.0000E-02  2.0000E-02  1.0005E+00 -2.0000E+08
        1300  4.0000E-02  4.0000E-02  5.0050E-01 -2.0000E+08
        1301  4.0000E-02  4.0000E-02  5.2050E-01 -2.0000E+08
        1302  4.0000E-02  4.0000E-02  5.4050E-01 -2.0000E+08
        1303  4.0000E-02  4.0000E-02  5.6050E-01 -2.0000E+08
        1304  4.0000E-02  4.0000E-02  5.8050E-01 -2.0000E+08
        1305  4.0000E-02  4.0000E-02  6.0050E-01 -2.0000E+08
        1306  4.0000E-02  4.0000E-02  6.2050E-01 -2.0000E+08
        1307  4.0000E-02  4.0000E-02  6.4050E-01 -2.0000E+08
        1308  4.0000E-02  4.0000E-02  6.6050E-01 -2.0000E+08
        1309  4.0000E-02  4.0000E-02  6.8050E-01 -2.0000E+08
        1310  4.0000E-02  4.0000E-02  7.0050E-01 -2.0000E+08
        1311  4.0000E-02  4.0000E-02  7.2050E-01 -2.0000E+08
        1312  4.0000E-02  4.0000E-02  7.4050E-01 -2.0000E+08
        1313  4.0000E-02  4.0000E-02  7.6050E-01 -2.0000E+08
        1314  4.0000E-02  4.0000E-02  7.8050E-01 -2.0000E+08
        1315  4.0000E-02  4.0000E-02  8.0050E-01 -2.0000E+08
        1316  4.0000E-02  4.0000E-02  8.2050E-01 -2.0000E+08
        1317  4.0000E-02  4.0000E-02  8.4050E-01 -2.0000E+08
        1318  4.0000E-02  4.0000E-02  8.6050E-01 -2.0000E+08
        1319  4.0000E-02  4.0000E-02  8.8050E-01 -2.0000E+08
        1320  4.0000E-02  4.0000E-02  9.0050E-01 -2.0000E+08
        1321  4.0000E-02  4.0000E-02  9.2050E-01 -2.0000E+08
        1322  4.0000E-02  4.0000E-02  9.4050E-01 -2.0000E+08
        1323  4.0000E-02  4.0000E-02  9.6050E-01 -2.0000E+08
        1324  4.0000E-02  4.0000E-02  9.8050E-01 -2.0000E+08
        1325  4.0000E-02  4.0000E-02  1.0005E+00 -2.0000E+08
        1326  4.0000E-02  6.0000E-02  5.0050E-01 -2.0000E+08
        1327  4.0000E-02  6.0000E-02  5.2050E-01 -2.0000E+08
        1328  4.0000E-02  6.0000E-02  5.4050E-01 -2.0000E+08
        1329  4.0000E-02  6.0000E-02  5.6050E-01 -2.0000E+08
        1330  4.0000E-02  6.0000E-02  5.8050E-01 -2.0000E+08
        1331  4.0000E-02  6.0000E-02  6.0050E-01 -2.0000E+08
        1332  4.0000E-02  6.0000E-02  6.2050E-01 -2.0000E+08
        1333  4.0000E-02  6.0000E-02  6.4050E-01 -2.0000E+08
        1334  4.0000E-02  6.0000E-02  6.6050E-01 -2.0000E+08
        1335  4.0000E-02  6.0000E-02  6.8050E-01 -2.0000E+08
        1336  4.0000E-02  6.0000E-02  7.0050E-01 -2.0000E+08
        1337  4.0000E-02  6.0000E-02  7.2050E-01 -2.0000E+08
        1338  4.0000E-02  6.0000E-02  7.4050E-01 -2.0000E+08
        1339  4.0000E-02  6.0000E-02  7.6050E-01 -2.0000E+08
        1340  4.0000E-02  6.0000E-02  7.8050E-01 -2.0000E+08
        1341  4.0000E-02  6.0000E-02  8.0050E-01 -2.0000E+08
        1342  4.0000E-02  6.0000E-02  8.2050E-01 -2.0000E+08
        1343  4.0000E-02  6.0000E-02  8.4050E-01 -2.0000E+08
        1344  4.0000E-02  6.0000E-02  8.6050E-01 -2.0000E+08
        1345  4.0000E-02  6.0000E-02  8.8050E-01 -2.0000E+08
        1346  4.0000E-02  6.0000E-02  9.0050E-01 -2.0000E+08
        1347  4.0000E-02  6.0000E-02  9.2050E-01 -2.0000E+08
        1348  4.0000E-02  6.0000E-02  9.4050E-01 -2.0000E+08
        1349  4.0000E-02  6.0000E-02  9.6050E-01 -2.0000E+08
        1350  4.0000E-02  6.0000E-02  9.8050E-01 -2.0000E+08
        1351  4.0000E-02  6.0000E-02  1.0005E+00 -2.0000E+08
        1352  4.0000E-02  8.0000E-02  5.0050E-01 -2.0000E+08
        1353  4.0000E-02  8.0000E-02  5.2050E-01 -2.0000E+08
        1354  4.0000E-02  8.0000E-02  5.4050E-01 -2.0000E+08
        1355  4.0000E-02  8.0000E-02  5.6050E-01 -2.0000E+08
        1356  4.0000E-02  8.0000E-02  5.8050E-01 -2.0000E+08
        1357  4.0000E-02  8.0000E-02  6.0050E-01 -2.0000E+08
        1358  4.0000E-02  8.0000E-02  6.2050E-01 -2.0000E+08
        1359  4.0000E-02  8.0000E-02  6.4050E-01 -2.0000E+08
        1360  4.0000E-02  8.0000E-02  6.6050E-01 -2.0000E+08
        1361  4.0000E-02  8.0000E-02  6.8050E-01 -2.0000E+08
        1362  4.0000E-02  8.0000E-02  7.0050E-01 -2.0000E+08
        1363  4.0000E-02  8.0000E-02  7.2050E-01 -2.0000E+08
        1364  4.0000E-02  8.0000E-02  7.4050E-01 -2.0000E+08
        1365  4.0000E-02  8.0000E-02  7.6050E-01 -2.0000E+08
        1366  4.0000E-02  8.0000E-02  7.8050E-01 -2.0000E+08
        1367  4.0000E-02  8.0000E-02  8.0050E-01 -2.0000E+08
        1368  4.0000E-02  8.0000E-02  8.2050E-01 -2.0000E+08
        1369  4.0000E-02  8.0000E-02  8.4050E-01 -2.0000E+08
        1370  4.0000E-02  8.0000E-02  8.6050E-01 -2.0000E+08
        1371  4.0000E-02  8.0000E-02  8.8050E-01 -2.0000E+08
        1372  4.0000E-02  8.0000E-02  9.0050E-01 -2.0000E+08
        1373  4.0000E-02  8.0000E-02  9.2050E-01 -2.0000E+08
        1374  4.0000E-02  8.0000E-02  9.4050E-01 -2.0000E+08
        1375  4.0000E-02  8.0000E-02  9.6050E-01 -2.0000E+08
        1376  4.0000E-02  8.0000E-02  9.8050E-01 -2.0000E+08
        1377  4.0000E-02  8.0000E-02  1.0005E+00 -2.0000E+08
        1378  4.0000E-02  1.0000E-01  5.0050E-01 -2.0000E+08
        1379  4.0000E-02  1.0000E-01  5.2050E-01 -2.0000E+08
        1380  4.0000E-02  1.0000E-01  5.4050E-01 -2.0000E+08
        1381  4.0000E-02  1.0000E-01  5.6050E-01 -2.0000E+08
        1382  4.0000E-02  1.0000E-01  5.8050E-01 -2.0000E+08
        1383  4.0000E-02  1.0000E-01  6.0050E-01 -2.0000E+08
        1384  4.0000E-02  1.0000E-01  6.2050E-01 -2.0000E+08
        1385  4.0000E-02  1.0000E-01  6.4050E-01 -2.0000E+08
        1386  4.0000E-02  1.0000E-01  6.6050E-01 -2.0000E+08
        1387  4.0000E-02  1.0000E-01  6.8050E-01 -2.0000E+08
        1388  4.0000E-02  1.0000E-01  7.0050E-01 -2.0000E+08
        1389  4.0000E-02  1.0000E-01  7.2050E-01 -2.0000E+08
        1390  4.0000E-02  1.0000E-01  7.4050E-01 -2.0000E+08
        1391  4.0000E-02  1.0000E-01  7.6050E-01 -2.0000E+08
        1392  4.0000E-02  1.0000E-01  7.8050E-01 -2.0000E+08
        1393  4.0000E-02  1.0000E-01  8.0050E-01 -2.0000E+08
        1394  4.0000E-02  1.0000E-01  8.2050E-01 -2.0000E+08
        1395  4.0000E-02  1.0000E-01  8.4050E-01 -2.0000E+08
        1396  4.0000E-02  1.0000E-01  8.6050E-01 -2.0000E+08
        1397  4.0000E-02  1.0000E-01  8.8050E-01 -2.0000E+08
        1398  4.0000E-02  1.0000E-01  9.0050E-01 -2.0000E+08
        1399  4.0000E-02  1.0000E-01  9.2050E-01 -2.0000E+08
        1400  4.0000E-02  1.0000E-01  9.4050E-01 -2.0000E+08
        1401  4.0000E-02  1.0000E-01  9.6050E-01 -2.0000E+08
        1402  4.0000E-02  1.0000E-01  9.8050E-01 -2.0000E+08
        1403  4.0000E-02  1.0000E-01  1.0005E+00 -2.0000E+08
        1404  6.0000E-02  0.0000E+00  5.0050E-01 -2.0000E+08
        1405  6.0000E-02  2.0000E-02  5.0050E-01 -2.0000E+08
        1406  6.0000E-02  0.0000E+00  5.2050E-01 -2.0000E+08
        1407  6.0000E-02  2.0000E-02  5.2050E-01 -2.0000E+08
        1408  6.0000E-02  0.0000E+00  5.4050E-01 -2.0000E+08
        1409  6.0000E-02  2.0000E-02  5.4050E-01 -2.0000E+08
        1410  6.0000E-02  0.0000E+00  5.6050E-01 -2.0000E+08
        1411  6.0000E-02  2.0000E-02  5.6050E-01 -2.0000E+08
        1412  6.0000E-02  0.0000E+00  5.8050E-01 -2.0000E+08
        1413  6.0000E-02  2.0000E-02  5.8050E-01 -2.0000E+08
        1414  6.0000E-02  0.0000E+00  6.0050E-01 -2.0000E+08
        1415  6.0000E-02  2.0000E-02  6.0050E-01 -2.0000E+08
        1416  6.0000E-02  0.0000E+00  6.2050E-01 -2.0000E+08
        1417  6.0000E-02  2.0000E-02  6.2050E-01 -2.0000E+08
        1418  6.0000E-02  0.0000E+00  6.4050E-01 -2.0000E+08
        1419  6.0000E-02  2.0000E-02  6.4050E-01 -2.0000E+08
        1420  6.0000E-02  0.0000E+00  6.6050E-01 -2.0000E+08
        1421  6.0000E-02  2.0000E-02  6.6050E-01 -2.0000E+08
        1422  6.0000E-02  0.0000E+00  6.8050E-01 -2.0000E+08
        1423  6.0000E-02  2.0000E-02  6.8050E-01 -2.0000E+08
        1424  6.0000E-02  0.0000E+00  7.0050E-01 -2.0000E+08
        1425  6.0000E-02  2.0000E-02  7.0050E-01 -2.0000E+08
        1426  6.0000E-02  0.0000E+00  7.2050E-01 -2.0000E+08
        1427  6.0000E-02  2.0000E-02  7.2050E-01 -2.0000E+08
        1428  6.0000E-02  0.0000E+00  7.4050E-01 -2.0000E+08
        1429  6.0000E-02  2.0000E-02  7.4050E-01 -2.0000E+08
        1430  6.0000E-02  0.0000E+00  7.6050E-01 -2.0000E+08
        1431  6.0000E-02  2.0000E-02  7.6050E-01 -2.0000E+08
        1432  6.0000E-02  0.0000E+00  7.8050E-01 -2.0000E+08
        1433  6.0000E-02  2.0000E-02  7.8050E-01 -2.0000E+08
        1434  6.0000E-02  0.0000E+00  8.0050E-01 -2.0000E+08
        1435  6.0000E-02  2.0000E-02  8.0050E-01 -2.0000E+08
        1436  6.0000E-02  0.0000E+00  8.2050E-01 -2.0000E+08
        1437  6.0000E-02  2.0000E-02  8.2050E-01 -2.0000E+08
        1438  6.0000E-02  0.0000E+00  8.4050E-01 -2.0000E+08
        1439  6.0000E-02  2.0000E-02  8.4050E-01 -2.0000E+08
        1440  6.0000E-02  0.0000E+00  8.6050E-01 -2.0000E+08
        1441  6.0000E-02  2.0000E-02  8.6050E-01 -2.0000E+08
        1442  6.0000E-02  0.0000E+00  8.8050E-01 -2.0000E+08
        1443  6.0000E-02  2.0000E-02  8.8050E-01 -2.0000E+08
        1444  6.0000E-02  0.0000E+00  9.0050E-01 -2.0000E+08
        1445  6.0000E-02  2.0000E-02  9.0050E-01 -2.0000E+08
        1446  6.0000E-02  0.0000E+00  9.2050E-01 -2.0000E+08
        1447  6.0000E-02  2.0000E-02  9.2050E-01 -2.0000E+08
        1448  6.0000E-02  0.0000E+00  9.4050E-01 -2.0000E+08
        1449  6.0000E-02  2.0000E-02  9.4050E-01 -2.0000E+08
        1450  6.0000E-02  0.0000E+00  9.6050E-01 -2.0000E+08
        1451  6.0000E-02  2.0000E-02  9.6050E-01 -2.0000E+08
        1452  6.0000E-02  0.0000E+00  9.8050E-01 -2.0000E+08
        1453  6.0000E-02  2.0000E-02  9.8050E-01 -2.0000E+08
        1454  6.0000E-02  0.0000E+00  1.0005E+00 -2.0000E+08
        1455  6.0000E-02  2.0000E-02  1.0005E+00 -2.0000E+08
        1456  6.0000E-02  4.0000E-02  5.0050E-01 -2.0000E+08
        1457  6.0000E-02  4.0000E-02  5.2050E-01 -2.0000E+08
        1458  6.0000E-02  4.0000E-02  5.4050E-01 -2.0000E+08
        1459  6.0000E-02  4.0000E-02  5.6050E-01 -2.0000E+08
        1460  6.0000E-02  4.0000E-02  5.8050E-01 -2.0000E+08
        1461  6.0000E-02  4.0000E-02  6.0050E-01 -2.0000E+08
        1462  6.0000E-02  4.0000E-02  6.2050E-01 -2.0000E+08
        1463  6.0000E-02  4.0000E-02  6.4050E-01 -2.0000E+08
        1464  6.0000E-02  4.0000E-02  6.6050E-01 -2.0000E+08
        1465  6.0000E-02  4.0000E-02  6.8050E-01 -2.0000E+08
        1466  6.0000E-02  4.0000E-02  7.0050E-01 -2.0000E+08
        1467  6.0000E-02  4.0000E-02  7.2050E-01 -2.0000E+08
        1468  6.0000E-02  4.0000E-02  7.4050E-01 -2.0000E+08
        1469  6.0000E-02  4.0000E-02  7.6050E-01 -2.0000E+08
        1470  6.0000E-02  4.0000E-02  7.8050E-01 -2.0000E+08
        1471  6.0000E-02  4.0000E-02  8.0050E-01 -2.0000E+08
        1472  6.0000E-02  4.0000E-02  8.2050E-01 -2.0000E+08
        1473  6.0000E-02  4.0000E-02  8.4050E-01 -2.0000E+08
        1474  6.0000E-02  4.0000E-02  8.6050E-01 -2.0000E+08
        1475  6.0000E-02  4.0000E-02  8.8050E-01 -2.0000E+08
        1476  6.0000E-02  4.0000E-02  9.0050E-01 -2.0000E+08
        1477  6.0000E-02  4.0000E-02  9.2050E-01 -2.0000E+08
        1478  6.0000E-02  4.0000E-02  9.4050E-01 -2.0000E+08
        1479  6.0000E-02  4.0000E-02  9.6050E-01 -2.0000E+08
        1480  6.0000E-02  4.0000E-02  9.8050E-01 -2.0000E+08
        1481  6.0000E-02  4.0000E-02  1.0005E+00 -2.0000E+08
        1482  6.0000E-02  6.0000E-02  5.0050E-01 -2.0000E+08
        1483  6.0000E-02  6.0000E-02  5.2050E-01 -2.0000E+08
        1484  6.0000E-02  6.0000E-02  5.4050E-01 -2.0000E+08
        1485  6.0000E-02  6.0000E-02  5.6050E-01 -2.0000E+08
        1486  6.0000E-02  6.0000E-02  5.8050E-01 -2.0000E+08
        1487  6.0000E-02  6.0000E-02  6.0050E-01 -2.0000E+08
        1488  6.0000E-02  6.0000E-02  6.2050E-01 -2.0000E+08
        1489  6.0000E-02  6.0000E-02  6.4050E-01 -2.0000E+08
        1490  6.0000E-02  6.0000E-02  6.6050E-01 -2.0000E+08
        1491  6.0000E-02  6.0000E-02  6.8050E-01 -2.0000E+08
        1492  6.0000E-02  6.0000E-02  7.0050E-01 -2.0000E+08
        1493  6.0000E-02  6.0000E-02  7.2050E-01 -2.0000E+08
        1494  6.0000E-02  6.0000E-02  7.4050E-01 -2.0000E+08
        1495  6.0000E-02  6.0000E-02  7.6050E-01 -2.0000E+08
        1496  6.0000E-02  6.0000E-02  7.8050E-01 -2.0000E+08
        1497  6.0000E-02  6.0000E-02  8.0050E-01 -2.0000E+08
        1498  6.0000E-02  6.0000E-02  8.2050E-01 -2.0000E+08
        1499  6.0000E-02  6.0000E-02  8.4050E-01 -2.0000E+08
        1500  6.0000E-02  6.0000E-02  8.6050E-01 -2.0000E+08
        1501  6.0000E-02  6.0000E-02  8.8050E-01 -2.0000E+08
        1502  6.0000E-02  6.0000E-02  9.0050E-01 -2.0000E+08
        1503  6.0000E-02  6.0000E-02  9.2050E-01 -2.0000E+08
        1504  6.0000E-02  6.0000E-02  9.4050E-01 -2.0000E+08
        1505  6.0000E-02  6.0000E-02  9.6050E-01 -2.0000E+08
        1506  6.0000E-02  6.0000E-02  9.8050E-01 -2.0000E+08
        1507  6.0000E-02  6.0000E-02  1.0005E+00 -2.0000E+08
        1508  6.0000E-02  8.0000E-02  5.0050E-01 -2.0000E+08
        1509  6.0000E-02  8.0000E-02  5.2050E-01 -2.0000E+08
        1510  6.0000E-02  8.0000E-02  5.4050E-01 -2.0000E+08
        1511  6.0000E-02  8.0000E-02  5.6050E-01 -2.0000E+08
        1512  6.0000E-02  8.0000E-02  5.8050E-01 -2.0000E+08
        1513  6.0000E-02  8.0000E-02  6.0050E-01 -2.0000E+08
        1514  6.0000E-02  8.0000E-02  6.2050E-01 -2.0000E+08
        1515  6.0000E-02  8.0000E-02  6.4050E-01 -2.0000E+08
        1516  6.0000E-02  8.0000E-02  6.6050E-01 -2.0000E+08
        1517  6.0000E-02  8.0000E-02  6.8050E-01 -2.0000E+08
        1518  6.0000E-02  8.0000E-02  7.0050E-01 -2.0000E+08
        1519  6.0000E-02  8.0000E-02  7.2050E-01 -2.0000E+08
        1520  6.0000E-02  8.0000E-02  7.4050E-01 -2.0000E+08
        1521  6.0000E-02  8.0000E-02  7.6050E-01 -2.0000E+08
        1522  6.0000E-02  8.0000E-02  7.8050E-01 -2.0000E+08
        1523  6.0000E-02  8.0000E-02  8.0050E-01 -2.0000E+08
        1524  6.0000E-02  8.0000E-02  8.2050E-01 -2.0000E+08
        1525  6.0000E-02  8.0000E-02  8.4050E-01 -2.0000E+08
        1526  6.0000E-02  8.0000E-02  8.6050E-01 -2.0000E+08
        1527  6.0000E-02  8.0000E-02  8.8050E-01 -2.0000E+08
        1528  6.0000E-02  8.0000E-02  9.0050E-01 -2.0000E+08
        1529  6.0000E-02  8.0000E-02  9.2050E-01 -2.0000E+08
        1530  6.0000E-02  8.0000E-02  9.4050E-01 -2.0000E+08
        1531  6.0000E-02  8.0000E-02  9.6050E-01 -2.0000E+08
        1532  6.0000E-02  8.0000E-02  9.8050E-01 -2.0000E+08
        1533  6.0000E-02  8.0000E-02  1.0005E+00 -2.0000E+08
        1534  6.0000E-02  1.0000E-01  5.0050E-01 -2.0000E+08
        1535  6.0000E-02  1.0000E-01  5.2050E-01 -2.0000E+08
        1536  6.0000E-02  1.0000E-01  5.4050E-01 -2.0000E+08
        1537  6.0000E-02  1.0000E-01  5.6050E-01 -2.0000E+08
        1538  6.0000E-02  1.0000E-01  5.8050E-01 -2.0000E+08
        1539  6.0000E-02  1.0000E-01  6.0050E-01 -2.0000E+08
        1540  6.0000E-02  1.0000E-01  6.2050E-01 -2.0000E+08
        1541  6.0000E-02  1.0000E-01  6.4050E-01 -2.0000E+08
        1542  6.0000E-02  1.0000E-01  6.6050E-01 -2.0000E+08
        1543  6.0000E-02  1.0000E-01  6.8050E-01 -2.0000E+08
        1544  6.0000E-02  1.0000E-01  7.0050E-01 -2.0000E+08
        1545  6.0000E-02  1.0000E-01  7.2050E-01 -2.0000E+08
        1546  6.0000E-02  1.0000E-01  7.4050E-01 -2.0000E+08
        1547  6.0000E-02  1.0000E-01  7.6050E-01 -2.0000E+08
        1548  6.0000E-02  1.0000E-01  7.8050E-01 -2.0000E+08
        1549  6.0000E-02  1.0000E-01  8.0050E-01 -2.0000E+08
        1550  6.0000E-02  1.0000E-01  8.2050E-01 -2.0000E+08
        1551  6.0000E-02  1.0000E-01  8.4050E-01 -2.0000E+08
        1552  6.0000E-02  1.0000E-01  8.6050E-01 -2.0000E+08
        1553  6.0000E-02  1.0000E-01  8.8050E-01 -2.0000E+08
        1554  6.0000E-02  1.0000E-01  9.0050E-01 -2.0000E+08
        1555  6.0000E-02  1.0000E-01  9.2050E-01 -2.0000E+08
        1556  6.0000E-02  1.0000E-01  9.4050E-01 -2.0000E+08
        1557  6.0000E-02  1.0000E-01  9.6050E-01 -2.0000E+08
        1558  6.0000E-02  1.0000E-01  9.8050E-01 -2.0000E+08
        1559  6.0000E-02  1.0000E-01  1.0005E+00 -2.0000E+08
        1560  8.0000E-02  0.0000E+00  5.0050E-01 -2.0000E+08
        1561  8.0000E-02  2.0000E-02  5.0050E-01 -2.0000E+08
        1562  8.0000E-02  0.0000E+00  5.2050E-01 -2.0000E+08
        1563  8.0000E-02  2.0000E-02  5.2050E-01 -2.0000E+08
        1564  8.0000E-02  0.0000E+00  5.4050E-01 -2.0000E+08
        1565  8.0000E-02  2.0000E-02  5.4050E-01 -2.0000E+08
        1566  8.0000E-02  0.0000E+00  5.6050E-01 -2.0000E+08
        1567  8.0000E-02  2.0000E-02  5.6050E-01 -2.0000E+08
        1568  8.0000E-02  0.0000E+00  5.8050E-01 -2.0000E+08
        1569  8.0000E-02  2.0000E-02  5.8050E-01 -2.0000E+08
        1570  8.0000E-02  0.0000E+00  6.0050E-01 -2.0000E+08
        1571  8.0000E-02  2.0000E-02  6.0050E-01 -2.0000E+08
        1572  8.0000E-02  0.0000E+00  6.2050E-01 -2.0000E+08
        1573  8.0000E-02  2.0000E-02  6.2050E-01 -2.0000E+08
        1574  8.0000E-02  0.0000E+00  6.4050E-01 -2.0000E+08
        1575  8.0000E-02  2.0000E-02  6.4050E-01 -2.0000E+08
        1576  8.0000E-02  0.0000E+00  6.6050E-01 -2.0000E+08
        1577  8.0000E-02  2.0000E-02  6.6050E-01 -2.0000E+08
        1578  8.0000E-02  0.0000E+00  6.8050E-01 -2.0000E+08
        1579  8.0000E-02  2.0000E-02  6.8050E-01 -2.0000E+08
        1580  8.0000E-02  0.0000E+00  7.0050E-01 -2.0000E+08
        1581  8.0000E-02  2.0000E-02  7.0050E-01 -2.0000E+08
        1582  8.0000E-02  0.0000E+00  7.2050E-01 -2.0000E+08
        1583  8.0000E-02  2.0000E-02  7.2050E-01 -2.0000E+08
        1584  8.0000E-02  0.0000E+00  7.4050E-01 -2.0000E+08
        1585  8.0000E-02  2.0000E-02  7.4050E-01 -2.0000E+08
        1586  8.0000E-02  0.0000E+00  7.6050E-01 -2.0000E+08
        1587  8.0000E-02  2.0000E-02  7.6050E-01 -2.0000E+08
        1588  8.0000E-02  0.0000E+00  7.8050E-01 -2.0000E+08
        1589  8.0000E-02  2.0000E-02  7.8050E-01 -2.0000E+08
        1590  8.0000E-02  0.0000E+00  8.0050E-01 -2.0000E+08
        1591  8.0000E-02  2.0000E-02  8.0050E-01 -2.0000E+08
        1592  8.0000E-02  0.0000E+00  8.2050E-01 -2.0000E+08
        1593  8.0000E-02  2.0000E-02  8.2050E-01 -2.0000E+08
        1594  8.0000E-02  0.0000E+00  8.4050E-01 -2.0000E+08
        1595  8.0000E-02  2.0000E-02  8.4050E-01 -2.0000E+08
        1596  8.0000E-02  0.0000E+00  8.6050E-01 -2.0000E+08
        1597  8.0000E-02  2.0000E-02  8.6050E-01 -2.0000E+08
        1598  8.0000E-02  0.0000E+00  8.8050E-01 -2.0000E+08
        1599  8.0000E-02  2.0000E-02  8.8050E-01 -2.0000E+08
        1600  8.0000E-02  0.0000E+00  9.0050E-01 -2.0000E+08
        1601  8.0000E-02  2.0000E-02  9.0050E-01 -2.0000E+08
        1602  8.0000E-02  0.0000E+00  9.2050E-01 -2.0000E+08
        1603  8.0000E-02  2.0000E-02  9.2050E-01 -2.0000E+08
        1604  8.0000E-02  0.0000E+00  9.4050E-01 -2.0000E+08
        1605  8.0000E-02  2.0000E-02  9.4050E-01 -2.0000E+08
        1606  8.0000E-02  0.0000E+00  9.6050E-01 -2.0000E+08
        1607  8.0000E-02  2.0000E-02  9.6050E-01 -2.0000E+08
        1608  8.0000E-02  0.0000E+00  9.8050E-01 -2.0000E+08
        1609  8.0000E-02  2.0000E-02  9.8050E-01 -2.0000E+08
        1610  8.0000E-02  0.0000E+00  1.0005E+00 -2.0000E+08
        1611  8.0000E-02  2.0000E-02  1.0005E+00 -2.0000E+08
        1612  8.0000E-02  4.0000E-02  5.0050E-01 -2.0000E+08
        1613  8.0000E-02  4.0000E-02  5.2050E-01 -2.0000E+08
        1614  8.0000E-02  4.0000E-02  5.4050E-01 -2.0000E+08
        1615  8.0000E-02  4.0000E-02  5.6050E-01 -2.0000E+08
        1616  8.0000E-02  4.0000E-02  5.8050E-01 -2.0000E+08
        1617  8.0000E-02  4.0000E-02  6.0050E-01 -2.0000E+08
        1618  8.0000E-02  4.0000E-02  6.2050E-01 -2.0000E+08
        1619  8.0000E-02  4.0000E-02  6.4050E-01 -2.0000E+08
        1620  8.0000E-02  4.0000E-02  6.6050E-01 -2.0000E+08
        1621  8.0000E-02  4.0000E-02  6.8050E-01 -2.0000E+08
        1622  8.0000E-02  4.0000E-02  7.0050E-01 -2.0000E+08
        1623  8.0000E-02  4.0000E-02  7.2050E-01 -2.0000E+08
        1624  8.0000E-02  4.0000E-02  7.4050E-01 -2.0000E+08
        1625  8.0000E-02  4.0000E-02  7.6050E-01 -2.0000E+08
        1626  8.0000E-02  4.0000E-02  7.8050E-01 -2.0000E+08
        1627  8.0000E-02  4.0000E-02  8.0050E-01 -2.0000E+08
        1628  8.0000E-02  4.0000E-02  8.2050E-01 -2.0000E+08
        1629  8.0000E-02  4.0000E-02  8.4050E-01 -2.0000E+08
        1630  8.0000E-02  4.0000E-02  8.6050E-01 -2.0000E+08
        1631  8.0000E-02  4.0000E-02  8.8050E-01 -2.0000E+08
        1632  8.0000E-02  4.0000E-02  9.0050E-01 -2.0000E+08
        1633  8.0000E-02  4.0000E-02  9.2050E-01 -2.0000E+08
        1634  8.0000E-02  4.0000E-02  9.4050E-01 -2.0000E+08
        1635  8.0000E-02  4.0000E-02  9.6050E-01 -2.0000E+08
        1636  8.0000E-02  4.0000E-02  9.8050E-01 -2.0000E+08
        1637  8.0000E-02  4.0000E-02  1.0005E+00 -2.0000E+08
        1638  8.0000E-02  6.0000E-02  5.0050E-01 -2.0000E+08
        1639  8.0000E-02  6.0000E-02  5.2050E-01 -2.0000E+08
        1640  8.0000E-02  6.0000E-02  5.4050E-01 -2.0000E+08
        1641  8.0000E-02  6.0000E-02  5.6050E-01 -2.0000E+08
        1642  8.0000E-02  6.0000E-02  5.8050E-01 -2.0000E+08
        1643  8.0000E-02  6.0000E-02  6.0050E-01 -2.0000E+08
        1644  8.0000E-02  6.0000E-02  6.2050E-01 -2.0000E+08
        1645  8.0000E-02  6.0000E-02  6.4050E-01 -2.0000E+08
        1646  8.0000E-02  6.0000E-02  6.6050E-01 -2.0000E+08
        1647  8.0000E-02  6.0000E-02  6.8050E-01 -2.0000E+08
        1648  8.0000E-02  6.0000E-02  7.0050E-01 -2.0000E+08
        1649  8.0000E-02  6.0000E-02  7.2050E-01 -2.0000E+08
        1650  8.0000E-02  6.0000E-02  7.4050E-01 -2.0000E+08
        1651  8.0000E-02  6.0000E-02  7.6050E-01 -2.0000E+08
        1652  8.0000E-02  6.0000E-02  7.8050E-01 -2.0000E+08
        1653  8.0000E-02  6.0000E-02  8.0050E-01 -2.0000E+08
        1654  8.0000E-02  6.0000E-02  8.2050E-01 -2.0000E+08
        1655  8.0000E-02  6.0000E-02  8.4050E-01 -2.0000E+08
        1656  8.0000E-02  6.0000E-02  8.6050E-01 -2.0000E+08
        1657  8.0000E-02  6.0000E-02  8.8050E-01 -2.0000E+08
        1658  8.0000E-02  6.0000E-02  9.0050E-01 -2.0000E+08
        1659  8.0000E-02  6.0000E-02  9.2050E-01 -2.0000E+08
        1660  8.0000E-02  6.0000E-02  9.4050E-01 -2.0000E+08
        1661  8.0000E-02  6.0000E-02  9.6050E-01 -2.0000E+08
        1662  8.0000E-02  6.0000E-02  9.8050E-01 -2.0000E+08
        1663  8.0000E-02  6.0000E-02  1.0005E+00 -2.0000E+08
        1664  8.0000E-02  8.0000E-02  5.0050E-01 -2.0000E+08
        1665  8.0000E-02  8.0000E-02  5.2050E-01 -2.0000E+08
        1666  8.0000E-02  8.0000E-02  5.4050E-01 -2.0000E+08
        1667  8.0000E-02  8.0000E-02  5.6050E-01 -2.0000E+08
        1668  8.0000E-02  8.0000E-02  5.8050E-01 -2.0000E+08
        1669  8.0000E-02  8.0000E-02  6.0050E-01 -2.0000E+08
        1670  8.0000E-02  8.0000E-02  6.2050E-01 -2.0000E+08
        1671  8.0000E-02  8.0000E-02  6.4050E-01 -2.0000E+08
        1672  8.0000E-02  8.0000E-02  6.6050E-01 -2.0000E+08
        1673  8.0000E-02  8.0000E-02  6.8050E-01 -2.0000E+08
        1674  8.0000E-02  8.0000E-02  7.0050E-01 -2.0000E+08
        1675  8.0000E-02  8.0000E-02  7.2050E-01 -2.0000E+08
        1676  8.0000E-02  8.0000E-02  7.4050E-01 -2.0000E+08
        1677  8.0000E-02  8.0000E-02  7.6050E-01 -2.0000E+08
        1678  8.0000E-02  8.0000E-02  7.8050E-01 -2.0000E+08
        1679  8.0000E-02  8.0000E-02  8.0050E-01 -2.0000E+08
        1680  8.0000E-02  8.0000E-02  8.2050E-01 -2.0000E+08
        1681  8.0000E-02  8.0000E-02  8.4050E-01 -2.0000E+08
        1682  8.0000E-02  8.0000E-02  8.6050E-01 -2.0000E+08
        1683  8.0000E-02  8.0000E-02  8.8050E-01 -2.0000E+08
        1684  8.0000E-02  8.0000E-02  9.0050E-01 -2.0000E+08
        1685  8.0000E-02  8.0000E-02  9.2050E-01 -2.0000E+08
        1686  8.0000E-02  8.0000E-02  9.4050E-01 -2.0000E+08
        1687  8.0000E-02  8.0000E-02  9.6050E-01 -2.0000E+08
        1688  8.0000E-02  8.0000E-02  9.8050E-01 -2.0000E+08
        1689  8.0000E-02  8.0000E-02  1.0005E+00 -2.0000E+08
        1690  8.0000E-02  1.0000E-01  5.0050E-01 -2.0000E+08
        1691  8.0000E-02  1.0000E-01  5.2050E-01 -2.0000E+08
        1692  8.0000E-02  1.0000E-01  5.4050E-01 -2.0000E+08
        1693  8.0000E-02  1.0000E-01  5.6050E-01 -2.0000E+08
        1694  8.0000E-02  1.0000E-01  5.8050E-01 -2.0000E+08
        1695  8.0000E-02  1.0000E-01  6.0050E-01 -2.0000E+08
        1696  8.0000E-02  1.0000E-01  6.2050E-01 -2.0000E+08
        1697  8.0000E-02  1.0000E-01  6.4050E-01 -2.0000E+08
        1698  8.0000E-02  1.0000E-01  6.6050E-01 -2.0000E+08
        1699  8.0000E-02  1.0000E-01  6.8050E-01 -2.0000E+08
        1700  8.0000E-02  1.0000E-01  7.0050E-01 -2.0000E+08
        1701  8.0000E-02  1.0000E-01  7.2050E-01 -2.0000E+08
        1702  8.0000E-02  1.0000E-01  7.4050E-01 -2.0000E+08
        1703  8.0000E-02  1.0000E-01  7.6050E-01 -2.0000E+08
        1704  8.0000E-02  1.0000E-01  7.8050E-01 -2.0000E+08
        1705  8.0000E-02  1.0000E-01  8.0050E-01 -2.0000E+08
        1706  8.0000E-02  1.0000E-01  8.2050E-01 -2.0000E+08
        1707  8.0000E-02  1.0000E-01  8.4050E-01 -2.0000E+08
        1708  8.0000E-02  1.0000E-01  8.6050E-01 -2.0000E+08
        1709  8.0000E-02  1.0000E-01  8.8050E-01 -2.0000E+08
        1710  8.0000E-02  1.0000E-01  9.0050E-01 -2.0000E+08
        1711  8.0000E-02  1.0000E-01  9.2050E-01 -2.0000E+08
        1712  8.0000E-02  1.0000E-01  9.4050E-01 -2.0000E+08
        1713  8.0000E-02  1.0000E-01  9.6050E-01 -2.0000E+08
        1714  8.0000E-02  1.0000E-01  9.8050E-01 -2.0000E+08
        1715  8.0000E-02  1.0000E-01  1.0005E+00 -2.0000E+08
        1716  1.0000E-01  0.0000E+00  5.0050E-01 -2.0000E+08
        1717  1.0000E-01  2.0000E-02  5.0050E-01 -2.0000E+08
        1718  1.0000E-01  0.0000E+00  5.2050E-01 -2.0000E+08
        1719  1.0000E-01  2.0000E-02  5.2050E-01 -2.0000E+08
        1720  1.0000E-01  0.0000E+00  5.4050E-01 -2.0000E+08
        1721  1.0000E-01  2.0000E-02  5.4050E-01 -2.0000E+08
        1722  1.0000E-01  0.0000E+00  5.6050E-01 -2.0000E+08
        1723  1.0000E-01  2.0000E-02  5.6050E-01 -2.0000E+08
        1724  1.0000E-01  0.0000E+00  5.8050E-01 -2.0000E+08
        1725  1.0000E-01  2.0000E-02  5.8050E-01 -2.0000E+08
        1726  1.0000E-01  0.0000E+00  6.0050E-01 -2.0000E+08
        1727  1.0000E-01  2.0000E-02  6.0050E-01 -2.0000E+08
        1728  1.0000E-01  0.0000E+00  6.2050E-01 -2.0000E+08
        1729  1.0000E-01  2.0000E-02  6.2050E-01 -2.0000E+08
        1730  1.0000E-01  0.0000E+00  6.4050E-01 -2.0000E+08
        1731  1.0000E-01  2.0000E-02  6.4050E-01 -2.0000E+08
        1732  1.0000E-01  0.0000E+00  6.6050E-01 -2.0000E+08
        1733  1.0000E-01  2.0000E-02  6.6050E-01 -2.0000E+08
        1734  1.0000E-01  0.0000E+00  6.8050E-01 -2.0000E+08
        1735  1.0000E-01  2.0000E-02  6.8050E-01 -2.0000E+08
        1736  1.0000E-01  0.0000E+00  7.0050E-01 -2.0000E+08
        1737  1.0000E-01  2.0000E-02  7.0050E-01 -2.0000E+08
        1738  1.0000E-01  0.0000E+00  7.2050E-01 -2.0000E+08
        1739  1.0000E-01  2.0000E-02  7.2050E-01 -2.0000E+08
        1740  1.0000E-01  0.0000E+00  7.4050E-01 -2.0001E+08
        1741  1.0000E-01  2.0000E-02  7.4050E-01 -2.0000E+08
        1742  1.0000E-01  0.0000E+00  7.6050E-01 -2.0000E+08
        1743  1.0000E-01  2.0000E-02  7.6050E-01 -2.0000E+08
        1744  1.0000E-01  0.0000E+00  7.8050E-01 -2.0000E+08
        1745  1.0000E-01  2.0000E-02  7.8050E-01 -2.0000E+08
        1746  1.0000E-01  0.0000E+00  8.0050E-01 -2.0000E+08
        1747  1.0000E-01  2.0000E-02  8.0050E-01 -2.0000E+08
        1748  1.0000E-01  0.0000E+00  8.2050E-01 -2.0000E+08
        1749  1.0000E-01  2.0000E-02  8.2050E-01 -2.0000E+08
        1750  1.0000E-01  0.0000E+00  8.4050E-01 -2.0000E+08
        1751  1.0000E-01  2.0000E-02  8.4050E-01 -2.0000E+08
        1752  1.0000E-01  0.0000E+00  8.6050E-01 -2.0000E+08
        1753  1.0000E-01  2.0000E-02  8.6050E-01 -2.0000E+08
        1754  1.0000E-01  0.0000E+00  8.8050E-01 -2.0000E+08
        1755  1.0000E-01  2.0000E-02  8.8050E-01 -2.0000E+08
        1756  1.0000E-01  0.0000E+00  9.0050E-01 -2.0000E+08
        1757  1.0000E-01  2.0000E-02  9.0050E-01 -2.0000E+08
        1758  1.0000E-01  0.0000E+00  9.2050E-01 -2.0000E+08
        1759  1.0000E-01  2.0000E-02  9.2050E-01 -2.0000E+08
        1760  1.0000E-01  0.0000E+00  9.4050E-01 -2.0000E+08
        1761  1.0000E-01  2.0000E-02  9.4050E-01 -2.0000E+08
        1762  1.0000E-01  0.0000E+00  9.6050E-01 -2.0000E+08
        1763  1.0000E-01  2.0000E-02  9.6050E-01 -2.0000E+08
        1764  1.0000E-01  0.0000E+00  9.8050E-01 -2.0000E+08
        1765  1.0000E-01  2.0000E-02  9.8050E-01 -2.0000E+08
        1766  1.0000E-01  0.0000E+00  1.0005E+00 -2.0000E+08
        1767  1.0000E-01  2.0000E-02  1.0005E+00 -2.0000E+08
        1768  1.0000E-01  4.0000E-02  5.0050E-01 -2.0000E+08
        1769  1.0000E-01  4.0000E-02  5.2050E-01 -2.0000E+08
        1770  1.0000E-01  4.0000E-02  5.4050E-01 -2.0000E+08
        1771  1.0000E-01  4.0000E-02  5.6050E-01 -2.0000E+08
        1772  1.0000E-01  4.0000E-02  5.8050E-01 -2.0000E+08
        1773  1.0000E-01  4.0000E-02  6.0050E-01 -2.0000E+08
        1774  1.0000E-01  4.0000E-02  6.2050E-01 -2.0000E+08
        1775  1.0000E-01  4.0000E-02  6.4050E-01 -2.0000E+08
        1776  1.0000E-01  4.0000E-02  6.6050E-01 -2.0000E+08
        1777  1.0000E-01  4.0000E-02  6.8050E-01 -2.0000E+08
        1778  1.0000E-01  4.0000E-02  7.0050E-01 -2.0000E+08
        1779  1.0000E-01  4.0000E-02  7.2050E-01 -2.0000E+08
        1780  1.0000E-01  4.0000E-02  7.4050E-01 -2.0000E+08
        1781  1.0000E-01  4.0000E-02  7.6050E-01 -2.0000E+08
        1782  1.0000E-01  4.0000E-02  7.8050E-01 -2.0000E+08
        1783  1.0000E-01  4.0000E-02  8.0050E-01 -2.0000E+08
        1784  1.0000E-01  4.0000E-02  8.2050E-01 -2.0000E+08
        1785  1.0000E-01  4.0000E-02  8.4050E-01 -2.0000E+08
        1786  1.0000E-01  4.0000E-02  8.6050E-01 -2.0000E+08
        1787  1.0000E-01  4.0000E-02  8.8050E-01 -2.0000E+08
        1788  1.0000E-01  4.0000E-02  9.0050E-01 -2.0000E+08
        1789  1.0000E-01  4.0000E-02  9.2050E-01 -2.0000E+08
        1790  1.0000E-01  4.0000E-02  9.4050E-01 -2.0000E+08
        1791  1.0000E-01  4.0000E-02  9.6050E-01 -2.0000E+08
        1792  1.0000E-01  4.0000E-02  9.8050E-01 -2.0000E+08
        1793  1.0000E-01  4.0000E-02  1.0005E+00 -2.0000E+08
        1794  1.0000E-01  6.0000E-02  5.0050E-01 -2.0000E+08
        1795  1.0000E-01  6.0000E-02  5.2050E-01 -2.0000E+08
        1796  1.0000E-01  6.0000E-02  5.4050E-01 -2.0000E+08
        1797  1.0000E-01  6.0000E-02  5.6050E-01 -2.0000E+08
        1798  1.0000E-01  6.0000E-02  5.8050E-01 -2.0000E+08
        1799  1.0000E-01  6.0000E-02  6.0050E-01 -2.0000E+08
        1800  1.0000E-01  6.0000E-02  6.2050E-01 -2.0000E+08
        1801  1.0000E-01  6.0000E-02  6.4050E-01 -2.0000E+08
        1802  1.0000E-01  6.0000E-02  6.6050E-01 -2.0000E+08
        1803  1.0000E-01  6.0000E-02  6.8050E-01 -2.0000E+08
        1804  1.0000E-01  6.0000E-02  7.0050E-01 -2.0000E+08
        1805  1.0000E-01  6.0000E-02  7.2050E-01 -2.0000E+08
        1806  1.0000E-01  6.0000E-02  7.4050E-01 -2.0000E+08
        1807  1.0000E-01  6.0000E-02  7.6050E-01 -2.0000E+08
        1808  1.0000E-01  6.0000E-02  7.8050E-01 -2.0000E+08
        1809  1.0000E-01  6.0000E-02  8.0050E-01 -2.0000E+08
        1810  1.0000E-01  6.0000E-02  8.2050E-01 -2.0000E+08
        1811  1.0000E-01  6.0000E-02  8.4050E-01 -2.0000E+08
        1812  1.0000E-01  6.0000E-02  8.6050E-01 -2.0000E+08
        1813  1.0000E-01  6.0000E-02  8.8050E-01 -2.0000E+08
        1814  1.0000E-01  6.0000E-02  9.0050E-01 -2.0000E+08
        1815  1.0000E-01  6.0000E-02  9.2050E-01 -2.0000E+08
        1816  1.0000E-01  6.0000E-02  9.4050E-01 -2.0000E+08
        1817  1.0000E-01  6.0000E-02  9.6050E-01 -2.0000E+08
        1818  1.0000E-01  6.0000E-02  9.8050E-01 -2.0000E+08
        1819  1.0000E-01  6.0000E-02  1.0005E+00 -2.0000E+08
        1820  1.0000E-01  8.0000E-02  5.0050E-01 -2.0000E+08
        1821  1.0000E-01  8.0000E-02  5.2050E-01 -2.0000E+08
        1822  1.0000E-01  8.0000E-02  5.4050E-01 -2.0000E+08
        1823  1.0000E-01  8.0000E-02  5.6050E-01 -2.0000E+08
        1824  1.0000E-01  8.0000E-02  5.8050E-01 -2.0000E+08
        1825  1.0000E-01  8.0000E-02  6.0050E-01 -2.0000E+08
        1826  1.0000E-01  8.0000E-02  6.2050E-01 -2.0000E+08
        1827  1.0000E-01  8.0000E-02  6.4050E-01 -2.0000E+08
        1828  1.0000E-01  8.0000E-02  6.6050E-01 -2.0000E+08
        1829  1.0000E-01  8.0000E-02  6.8050E-01 -2.0000E+08
        1830  1.0000E-01  8.0000E-02  7.0050E-01 -2.0000E+08
        1831  1.0000E-01  8.0000E-02  7.2050E-01 -2.0000E+08
        1832  1.0000E-01  8.0000E-02  7.4050E-01 -2.0000E+08
        1833  1.0000E-01  8.0000E-02  7.6050E-01 -2.0000E+08
        1834  1.0000E-01  8.0000E-02  7.8050E-01 -2.0000E+08
        1835  1.0000E-01  8.0000E-02  8.0050E-01 -2.0000E+08
        1836  1.0000E-01  8.0000E-02  8.2050E-01 -2.0000E+08
        1837  1.0000E-01  8.0000E-02  8.4050E-01 -2.0000E+08
        1838  1.0000E-01  8.0000E-02  8.6050E-01 -2.0000E+08
        1839  1.0000E-01  8.0000E-02  8.8050E-01 -2.0000E+08
        1840  1.0000E-01  8.0000E-02  9.0050E-01 -2.0000E+08
        1841  1.0000E-01  8.0000E-02  9.2050E-01 -2.0000E+08
        1842  1.0000E-01  8.0000E-02  9.4050E-01 -2.0000E+08
        1843  1.0000E-01  8.0000E-02  9.6050E-01 -2.0000E+08
        1844  1.0000E-01  8.0000E-02  9.8050E-01 -2.0000E+08
        1845  1.0000E-01  8.0000E-02  1.0005E+00 -2.0000E+08
        1846  1.0000E-01  1.0000E-01  5.0050E-01 -2.0000E+08
        1847  1.0000E-01  1.0000E-01  5.2050E-01 -2.0000E+08
        1848  1.0000E-01  1.0000E-01  5.4050E-01 -2.0000E+08
        1849  1.0000E-01  1.0000E-01  5.6050E-01 -2.0000E+08
        1850  1.0000E-01  1.0000E-01  5.8050E-01 -2.0000E+08
        1851  1.0000E-01  1.0000E-01  6.0050E-01 -2.0000E+08
        1852  1.0000E-01  1.0000E-01  6.2050E-01 -2.0000E+08
        1853  1.0000E-01  1.0000E-01  6.4050E-01 -2.0000E+08
        1854  1.0000E-01  1.0000E-01  6.6050E-01 -2.0000E+08
        1855  1.0000E-01  1.0000E-01  6.8050E-01 -2.0000E+08
        1856  1.0000E-01  1.0000E-01  7.0050E-01 -2.0000E+08
        1857  1.0000E-01  1.0000E-01  7.2050E-01 -2.0000E+08
        1858  1.0000E-01  1.0000E-01  7.4050E-01 -2.0000E+08
        1859  1.0000E-01  1.0000E-01  7.6050E-01 -2.0000E+08
        1860  1.0000E-01  1.0000E-01  7.8050E-01 -2.0000E+08
        1861  1.0000E-01  1.0000E-01  8.0050E-01 -2.0000E+08
        1862  1.0000E-01  1.0000E-01  8.2050E-01 -2.0000E+08
        1863  1.0000E-01  1.0000E-01  8.4050E-01 -2.0000E+08
        1864  1.0000E-01  1.0000E-01  8.6050E-01 -2.0000E+08
        1865  1.0000E-01  1.0000E-01  8.8050E-01 -2.0000E+08
        1866  1.0000E-01  1.0000E-01  9.0050E-01 -2.0000E+08
        1867  1.0000E-01  1.0000E-01  9.2050E-01 -2.0000E+08
        1868  1.0000E-01  1.0000E-01  9.4050E-01 -2.0000E+08
        1869  1.0000E-01  1.0000E-01  9.6050E-01 -2.0000E+08
        1870  1.0000E-01  1.0000E-01  9.8050E-01 -2.0000E+08
        1871  1.0000E-01  1.0000E-01  1.0005E+00 -2.0000E+08
