Scalar SIGMAZZ under Static for NODALGROUP 1: NODENUMBER X0  Y0  Z0  RESULT-1 RESULT-2 ... RESULT-N
936
   0.0000E+00
           0  0.0000E+00  0.0000E+00  0.0000E+00  2.4000E+08
           1  2.0000E-02  0.0000E+00  0.0000E+00  2.4000E+08
           2  0.0000E+00  2.0000E-02  0.0000E+00  2.4000E+08
           3  2.0000E-02  2.0000E-02  0.0000E+00  2.4000E+08
           4  0.0000E+00  0.0000E+00  2.0000E-02  2.4000E+08
           5  2.0000E-02  0.0000E+00  2.0000E-02  2.4000E+08
           6  0.0000E+00  2.0000E-02  2.0000E-02  2.4000E+08
           7  2.0000E-02  2.0000E-02  2.0000E-02  2.4000E+08
           8  0.0000E+00  0.0000E+00  4.0000E-02  2.4000E+08
           9  2.0000E-02  0.0000E+00  4.0000E-02  2.4000E+08
          10  0.0000E+00  2.0000E-02  4.0000E-02  2.4000E+08
          11  2.0000E-02  2.0000E-02  4.0000E-02  2.4000E+08
          12  0.0000E+00  0.0000E+00  6.0000E-02  2.4000E+08
          13  2.0000E-02  0.0000E+00  6.0000E-02  2.4000E+08
          14  0.0000E+00  2.0000E-02  6.0000E-02  2.4000E+08
          15  2.0000E-02  2.0000E-02  6.0000E-02  2.4000E+08
          16  0.0000E+00  0.0000E+00  8.0000E-02  2.4000E+08
          17  2.0000E-02  0.0000E+00  8.0000E-02  2.4000E+08
          18  0.0000E+00  2.0000E-02  8.0000E-02  2.4000E+08
          19  2.0000E-02  2.0000E-02  8.0000E-02  2.4000E+08
          20  0.0000E+00  0.0000E+00  1.0000E-01  2.4000E+08
          21  2.0000E-02  0.0000E+00  1.0000E-01  2.4000E+08
          22  0.0000E+00  2.0000E-02  1.0000E-01  2.4000E+08
          23  2.0000E-02  2.0000E-02  1.0000E-01  2.4000E+08
          24  0.0000E+00  0.0000E+00  1.2000E-01  2.4000E+08
          25  2.0000E-02  0.0000E+00  1.2000E-01  2.4000E+08
          26  0.0000E+00  2.0000E-02  1.2000E-01  2.4000E+08
          27  2.0000E-02  2.0000E-02  1.2000E-01  2.4000E+08
          28  0.0000E+00  0.0000E+00  1.4000E-01  2.4000E+08
          29  2.0000E-02  0.0000E+00  1.4000E-01  2.4000E+08
          30  0.0000E+00  2.0000E-02  1.4000E-01  2.4000E+08
          31  2.0000E-02  2.0000E-02  1.4000E-01  2.4000E+08
          32  0.0000E+00  0.0000E+00  1.6000E-01  2.4000E+08
          33  2.0000E-02  0.0000E+00  1.6000E-01  2.4000E+08
          34  0.0000E+00  2.0000E-02  1.6000E-01  2.4000E+08
          35  2.0000E-02  2.0000E-02  1.6000E-01  2.4000E+08
          36  0.0000E+00  0.0000E+00  1.8000E-01  2.4000E+08
          37  2.0000E-02  0.0000E+00  1.8000E-01  2.4000E+08
          38  0.0000E+00  2.0000E-02  1.8000E-01  2.4000E+08
          39  2.0000E-02  2.0000E-02  1.8000E-01  2.4000E+08
          40  0.0000E+00  0.0000E+00  2.0000E-01  2.4000E+08
          41  2.0000E-02  0.0000E+00  2.0000E-01  2.4000E+08
          42  0.0000E+00  2.0000E-02  2.0000E-01  2.4000E+08
          43  2.0000E-02  2.0000E-02  2.0000E-01  2.4000E+08
          44  0.0000E+00  0.0000E+00  2.2000E-01  2.4000E+08
          45  2.0000E-02  0.0000E+00  2.2000E-01  2.4000E+08
          46  0.0000E+00  2.0000E-02  2.2000E-01  2.4000E+08
          47  2.0000E-02  2.0000E-02  2.2000E-01  2.4000E+08
          48  0.0000E+00  0.0000E+00  2.4000E-01  2.4000E+08
          49  2.0000E-02  0.0000E+00  2.4000E-01  2.4000E+08
          50  0.0000E+00  2.0000E-02  2.4000E-01  2.4000E+08
          51  2.0000E-02  2.0000E-02  2.4000E-01  2.4000E+08
          52  0.0000E+00  0.0000E+00  2.6000E-01  2.4000E+08
          53  2.0000E-02  0.0000E+00  2.6000E-01  2.4000E+08
          54  0.0000E+00  2.0000E-02  2.6000E-01  2.4000E+08
          55  2.0000E-02  2.0000E-02  2.6000E-01  2.4000E+08
          56  0.0000E+00  0.0000E+00  2.8000E-01  2.4000E+08
          57  2.0000E-02  0.0000E+00  2.8000E-01  2.4000E+08
          58  0.0000E+00  2.0000E-02  2.8000E-01  2.4000E+08
          59  2.0000E-02  2.0000E-02  2.8000E-01  2.4000E+08
          60  0.0000E+00  0.0000E+00  3.0000E-01  2.4000E+08
          61  2.0000E-02  0.0000E+00  3.0000E-01  2.4000E+08
          62  0.0000E+00  2.0000E-02  3.0000E-01  2.4000E+08
          63  2.0000E-02  2.0000E-02  3.0000E-01  2.4000E+08
          64  0.0000E+00  0.0000E+00  3.2000E-01  2.4000E+08
          65  2.0000E-02  0.0000E+00  3.2000E-01  2.4000E+08
          66  0.0000E+00  2.0000E-02  3.2000E-01  2.4000E+08
          67  2.0000E-02  2.0000E-02  3.2000E-01  2.4000E+08
          68  0.0000E+00  0.0000E+00  3.4000E-01  2.4000E+08
          69  2.0000E-02  0.0000E+00  3.4000E-01  2.4000E+08
          70  0.0000E+00  2.0000E-02  3.4000E-01  2.4000E+08
          71  2.0000E-02  2.0000E-02  3.4000E-01  2.4000E+08
          72  0.0000E+00  0.0000E+00  3.6000E-01  2.4000E+08
          73  2.0000E-02  0.0000E+00  3.6000E-01  2.4000E+08
          74  0.0000E+00  2.0000E-02  3.6000E-01  2.4000E+08
          75  2.0000E-02  2.0000E-02  3.6000E-01  2.4000E+08
          76  0.0000E+00  0.0000E+00  3.8000E-01  2.4000E+08
          77  2.0000E-02  0.0000E+00  3.8000E-01  2.4000E+08
          78  0.0000E+00  2.0000E-02  3.8000E-01  2.4000E+08
          79  2.0000E-02  2.0000E-02  3.8000E-01  2.4000E+08
          80  0.0000E+00  0.0000E+00  4.0000E-01  2.4000E+08
          81  2.0000E-02  0.0000E+00  4.0000E-01  2.4000E+08
          82  0.0000E+00  2.0000E-02  4.0000E-01  2.4000E+08
          83  2.0000E-02  2.0000E-02  4.0000E-01  2.4000E+08
          84  0.0000E+00  0.0000E+00  4.2000E-01  2.4000E+08
          85  2.0000E-02  0.0000E+00  4.2000E-01  2.4000E+08
          86  0.0000E+00  2.0000E-02  4.2000E-01  2.4000E+08
          87  2.0000E-02  2.0000E-02  4.2000E-01  2.4000E+08
          88  0.0000E+00  0.0000E+00  4.4000E-01  2.4000E+08
          89  2.0000E-02  0.0000E+00  4.4000E-01  2.4000E+08
          90  0.0000E+00  2.0000E-02  4.4000E-01  2.4000E+08
          91  2.0000E-02  2.0000E-02  4.4000E-01  2.4000E+08
          92  0.0000E+00  0.0000E+00  4.6000E-01  2.4000E+08
          93  2.0000E-02  0.0000E+00  4.6000E-01  2.4000E+08
          94  0.0000E+00  2.0000E-02  4.6000E-01  2.4000E+08
          95  2.0000E-02  2.0000E-02  4.6000E-01  2.4000E+08
          96  0.0000E+00  0.0000E+00  4.8000E-01  2.4000E+08
          97  2.0000E-02  0.0000E+00  4.8000E-01  2.4000E+08
          98  0.0000E+00  2.0000E-02  4.8000E-01  2.4000E+08
          99  2.0000E-02  2.0000E-02  4.8000E-01  2.4000E+08
         100  0.0000E+00  0.0000E+00  5.0000E-01  2.4000E+08
         101  2.0000E-02  0.0000E+00  5.0000E-01  2.4000E+08
         102  0.0000E+00  2.0000E-02  5.0000E-01  2.4000E+08
         103  2.0000E-02  2.0000E-02  5.0000E-01  2.4000E+08
         104  0.0000E+00  4.0000E-02  0.0000E+00  2.4000E+08
         105  2.0000E-02  4.0000E-02  0.0000E+00  2.4000E+08
         106  0.0000E+00  4.0000E-02  2.0000E-02  2.4000E+08
         107  2.0000E-02  4.0000E-02  2.0000E-02  2.4000E+08
         108  0.0000E+00  4.0000E-02  4.0000E-02  2.4000E+08
         109  2.0000E-02  4.0000E-02  4.0000E-02  2.4000E+08
         110  0.0000E+00  4.0000E-02  6.0000E-02  2.4000E+08
         111  2.0000E-02  4.0000E-02  6.0000E-02  2.4000E+08
         112  0.0000E+00  4.0000E-02  8.0000E-02  2.4000E+08
         113  2.0000E-02  4.0000E-02  8.0000E-02  2.4000E+08
         114  0.0000E+00  4.0000E-02  1.0000E-01  2.4000E+08
         115  2.0000E-02  4.0000E-02  1.0000E-01  2.4000E+08
         116  0.0000E+00  4.0000E-02  1.2000E-01  2.4000E+08
         117  2.0000E-02  4.0000E-02  1.2000E-01  2.4000E+08
         118  0.0000E+00  4.0000E-02  1.4000E-01  2.4000E+08
         119  2.0000E-02  4.0000E-02  1.4000E-01  2.4000E+08
         120  0.0000E+00  4.0000E-02  1.6000E-01  2.4000E+08
         121  2.0000E-02  4.0000E-02  1.6000E-01  2.4000E+08
         122  0.0000E+00  4.0000E-02  1.8000E-01  2.4000E+08
         123  2.0000E-02  4.0000E-02  1.8000E-01  2.4000E+08
         124  0.0000E+00  4.0000E-02  2.0000E-01  2.4000E+08
         125  2.0000E-02  4.0000E-02  2.0000E-01  2.4000E+08
         126  0.0000E+00  4.0000E-02  2.2000E-01  2.4000E+08
         127  2.0000E-02  4.0000E-02  2.2000E-01  2.4000E+08
         128  0.0000E+00  4.0000E-02  2.4000E-01  2.4000E+08
         129  2.0000E-02  4.0000E-02  2.4000E-01  2.4000E+08
         130  0.0000E+00  4.0000E-02  2.6000E-01  2.4000E+08
         131  2.0000E-02  4.0000E-02  2.6000E-01  2.4000E+08
         132  0.0000E+00  4.0000E-02  2.8000E-01  2.4000E+08
         133  2.0000E-02  4.0000E-02  2.8000E-01  2.4000E+08
         134  0.0000E+00  4.0000E-02  3.0000E-01  2.4000E+08
         135  2.0000E-02  4.0000E-02  3.0000E-01  2.4000E+08
         136  0.0000E+00  4.0000E-02  3.2000E-01  2.4000E+08
         137  2.0000E-02  4.0000E-02  3.2000E-01  2.4000E+08
         138  0.0000E+00  4.0000E-02  3.4000E-01  2.4000E+08
         139  2.0000E-02  4.0000E-02  3.4000E-01  2.4000E+08
         140  0.0000E+00  4.0000E-02  3.6000E-01  2.4000E+08
         141  2.0000E-02  4.0000E-02  3.6000E-01  2.4000E+08
         142  0.0000E+00  4.0000E-02  3.8000E-01  2.4000E+08
         143  2.0000E-02  4.0000E-02  3.8000E-01  2.4000E+08
         144  0.0000E+00  4.0000E-02  4.0000E-01  2.4000E+08
         145  2.0000E-02  4.0000E-02  4.0000E-01  2.4000E+08
         146  0.0000E+00  4.0000E-02  4.2000E-01  2.4000E+08
         147  2.0000E-02  4.0000E-02  4.2000E-01  2.4000E+08
         148  0.0000E+00  4.0000E-02  4.4000E-01  2.4000E+08
         149  2.0000E-02  4.0000E-02  4.4000E-01  2.4000E+08
         150  0.0000E+00  4.0000E-02  4.6000E-01  2.4000E+08
         151  2.0000E-02  4.0000E-02  4.6000E-01  2.4000E+08
         152  0.0000E+00  4.0000E-02  4.8000E-01  2.4000E+08
         153  2.0000E-02  4.0000E-02  4.8000E-01  2.4000E+08
         154  0.0000E+00  4.0000E-02  5.0000E-01  2.4000E+08
         155  2.0000E-02  4.0000E-02  5.0000E-01  2.4000E+08
         156  0.0000E+00  6.0000E-02  0.0000E+00  2.4000E+08
         157  2.0000E-02  6.0000E-02  0.0000E+00  2.4000E+08
         158  0.0000E+00  6.0000E-02  2.0000E-02  2.4000E+08
         159  2.0000E-02  6.0000E-02  2.0000E-02  2.4000E+08
         160  0.0000E+00  6.0000E-02  4.0000E-02  2.4000E+08
         161  2.0000E-02  6.0000E-02  4.0000E-02  2.4000E+08
         162  0.0000E+00  6.0000E-02  6.0000E-02  2.4000E+08
         163  2.0000E-02  6.0000E-02  6.0000E-02  2.4000E+08
         164  0.0000E+00  6.0000E-02  8.0000E-02  2.4000E+08
         165  2.0000E-02  6.0000E-02  8.0000E-02  2.4000E+08
         166  0.0000E+00  6.0000E-02  1.0000E-01  2.4000E+08
         167  2.0000E-02  6.0000E-02  1.0000E-01  2.4000E+08
         168  0.0000E+00  6.0000E-02  1.2000E-01  2.4000E+08
         169  2.0000E-02  6.0000E-02  1.2000E-01  2.4000E+08
         170  0.0000E+00  6.0000E-02  1.4000E-01  2.4000E+08
         171  2.0000E-02  6.0000E-02  1.4000E-01  2.4000E+08
         172  0.0000E+00  6.0000E-02  1.6000E-01  2.4000E+08
         173  2.0000E-02  6.0000E-02  1.6000E-01  2.4000E+08
         174  0.0000E+00  6.0000E-02  1.8000E-01  2.4000E+08
         175  2.0000E-02  6.0000E-02  1.8000E-01  2.4000E+08
         176  0.0000E+00  6.0000E-02  2.0000E-01  2.4000E+08
         177  2.0000E-02  6.0000E-02  2.0000E-01  2.4000E+08
         178  0.0000E+00  6.0000E-02  2.2000E-01  2.4000E+08
         179  2.0000E-02  6.0000E-02  2.2000E-01  2.4000E+08
         180  0.0000E+00  6.0000E-02  2.4000E-01  2.4000E+08
         181  2.0000E-02  6.0000E-02  2.4000E-01  2.4000E+08
         182  0.0000E+00  6.0000E-02  2.6000E-01  2.4000E+08
         183  2.0000E-02  6.0000E-02  2.6000E-01  2.4000E+08
         184  0.0000E+00  6.0000E-02  2.8000E-01  2.4000E+08
         185  2.0000E-02  6.0000E-02  2.8000E-01  2.4000E+08
         186  0.0000E+00  6.0000E-02  3.0000E-01  2.4000E+08
         187  2.0000E-02  6.0000E-02  3.0000E-01  2.4000E+08
         188  0.0000E+00  6.0000E-02  3.2000E-01  2.4000E+08
         189  2.0000E-02  6.0000E-02  3.2000E-01  2.4000E+08
         190  0.0000E+00  6.0000E-02  3.4000E-01  2.4000E+08
         191  2.0000E-02  6.0000E-02  3.4000E-01  2.4000E+08
         192  0.0000E+00  6.0000E-02  3.6000E-01  2.4000E+08
         193  2.0000E-02  6.0000E-02  3.6000E-01  2.4000E+08
         194  0.0000E+00  6.0000E-02  3.8000E-01  2.4000E+08
         195  2.0000E-02  6.0000E-02  3.8000E-01  2.4000E+08
         196  0.0000E+00  6.0000E-02  4.0000E-01  2.4000E+08
         197  2.0000E-02  6.0000E-02  4.0000E-01  2.4000E+08
         198  0.0000E+00  6.0000E-02  4.2000E-01  2.4000E+08
         199  2.0000E-02  6.0000E-02  4.2000E-01  2.4000E+08
         200  0.0000E+00  6.0000E-02  4.4000E-01  2.4000E+08
         201  2.0000E-02  6.0000E-02  4.4000E-01  2.4000E+08
         202  0.0000E+00  6.0000E-02  4.6000E-01  2.4000E+08
         203  2.0000E-02  6.0000E-02  4.6000E-01  2.4000E+08
         204  0.0000E+00  6.0000E-02  4.8000E-01  2.4000E+08
         205  2.0000E-02  6.0000E-02  4.8000E-01  2.4000E+08
         206  0.0000E+00  6.0000E-02  5.0000E-01  2.4000E+08
         207  2.0000E-02  6.0000E-02  5.0000E-01  2.4000E+08
         208  0.0000E+00  8.0000E-02  0.0000E+00  2.4000E+08
         209  2.0000E-02  8.0000E-02  0.0000E+00  2.4000E+08
         210  0.0000E+00  8.0000E-02  2.0000E-02  2.4000E+08
         211  2.0000E-02  8.0000E-02  2.0000E-02  2.4000E+08
         212  0.0000E+00  8.0000E-02  4.0000E-02  2.4000E+08
         213  2.0000E-02  8.0000E-02  4.0000E-02  2.4000E+08
         214  0.0000E+00  8.0000E-02  6.0000E-02  2.4000E+08
         215  2.0000E-02  8.0000E-02  6.0000E-02  2.4000E+08
         216  0.0000E+00  8.0000E-02  8.0000E-02  2.4000E+08
         217  2.0000E-02  8.0000E-02  8.0000E-02  2.4000E+08
         218  0.0000E+00  8.0000E-02  1.0000E-01  2.4000E+08
         219  2.0000E-02  8.0000E-02  1.0000E-01  2.4000E+08
         220  0.0000E+00  8.0000E-02  1.2000E-01  2.4000E+08
         221  2.0000E-02  8.0000E-02  1.2000E-01  2.4000E+08
         222  0.0000E+00  8.0000E-02  1.4000E-01  2.4000E+08
         223  2.0000E-02  8.0000E-02  1.4000E-01  2.4000E+08
         224  0.0000E+00  8.0000E-02  1.6000E-01  2.4000E+08
         225  2.0000E-02  8.0000E-02  1.6000E-01  2.4000E+08
         226  0.0000E+00  8.0000E-02  1.8000E-01  2.4000E+08
         227  2.0000E-02  8.0000E-02  1.8000E-01  2.4000E+08
         228  0.0000E+00  8.0000E-02  2.0000E-01  2.4000E+08
         229  2.0000E-02  8.0000E-02  2.0000E-01  2.4000E+08
         230  0.0000E+00  8.0000E-02  2.2000E-01  2.4000E+08
         231  2.0000E-02  8.0000E-02  2.2000E-01  2.4000E+08
         232  0.0000E+00  8.0000E-02  2.4000E-01  2.4000E+08
         233  2.0000E-02  8.0000E-02  2.4000E-01  2.4000E+08
         234  0.0000E+00  8.0000E-02  2.6000E-01  2.4000E+08
         235  2.0000E-02  8.0000E-02  2.6000E-01  2.4000E+08
         236  0.0000E+00  8.0000E-02  2.8000E-01  2.4000E+08
         237  2.0000E-02  8.0000E-02  2.8000E-01  2.4000E+08
         238  0.0000E+00  8.0000E-02  3.0000E-01  2.4000E+08
         239  2.0000E-02  8.0000E-02  3.0000E-01  2.4000E+08
         240  0.0000E+00  8.0000E-02  3.2000E-01  2.4000E+08
         241  2.0000E-02  8.0000E-02  3.2000E-01  2.4000E+08
         242  0.0000E+00  8.0000E-02  3.4000E-01  2.4000E+08
         243  2.0000E-02  8.0000E-02  3.4000E-01  2.4000E+08
         244  0.0000E+00  8.0000E-02  3.6000E-01  2.4000E+08
         245  2.0000E-02  8.0000E-02  3.6000E-01  2.4000E+08
         246  0.0000E+00  8.0000E-02  3.8000E-01  2.4000E+08
         247  2.0000E-02  8.0000E-02  3.8000E-01  2.4000E+08
         248  0.0000E+00  8.0000E-02  4.0000E-01  2.4000E+08
         249  2.0000E-02  8.0000E-02  4.0000E-01  2.4000E+08
         250  0.0000E+00  8.0000E-02  4.2000E-01  2.4000E+08
         251  2.0000E-02  8.0000E-02  4.2000E-01  2.4000E+08
         252  0.0000E+00  8.0000E-02  4.4000E-01  2.4000E+08
         253  2.0000E-02  8.0000E-02  4.4000E-01  2.4000E+08
         254  0.0000E+00  8.0000E-02  4.6000E-01  2.4000E+08
         255  2.0000E-02  8.0000E-02  4.6000E-01  2.4000E+08
         256  0.0000E+00  8.0000E-02  4.8000E-01  2.4000E+08
         257  2.0000E-02  8.0000E-02  4.8000E-01  2.4000E+08
         258  0.0000E+00  8.0000E-02  5.0000E-01  2.4000E+08
         259  2.0000E-02  8.0000E-02  5.0000E-01  2.4000E+08
         260  0.0000E+00  1.0000E-01  0.0000E+00  2.4000E+08
         261  2.0000E-02  1.0000E-01  0.0000E+00  2.4000E+08
         262  0.0000E+00  1.0000E-01  2.0000E-02  2.4000E+08
         263  2.0000E-02  1.0000E-01  2.0000E-02  2.4000E+08
         264  0.0000E+00  1.0000E-01  4.0000E-02  2.4000E+08
         265  2.0000E-02  1.0000E-01  4.0000E-02  2.4000E+08
         266  0.0000E+00  1.0000E-01  6.0000E-02  2.4000E+08
         267  2.0000E-02  1.0000E-01  6.0000E-02  2.4000E+08
         268  0.0000E+00  1.0000E-01  8.0000E-02  2.4000E+08
         269  2.0000E-02  1.0000E-01  8.0000E-02  2.4000E+08
         270  0.0000E+00  1.0000E-01  1.0000E-01  2.4000E+08
         271  2.0000E-02  1.0000E-01  1.0000E-01  2.4000E+08
         272  0.0000E+00  1.0000E-01  1.2000E-01  2.4000E+08
         273  2.0000E-02  1.0000E-01  1.2000E-01  2.4000E+08
         274  0.0000E+00  1.0000E-01  1.4000E-01  2.4000E+08
         275  2.0000E-02  1.0000E-01  1.4000E-01  2.4000E+08
         276  0.0000E+00  1.0000E-01  1.6000E-01  2.4000E+08
         277  2.0000E-02  1.0000E-01  1.6000E-01  2.4000E+08
         278  0.0000E+00  1.0000E-01  1.8000E-01  2.4000E+08
         279  2.0000E-02  1.0000E-01  1.8000E-01  2.4000E+08
         280  0.0000E+00  1.0000E-01  2.0000E-01  2.4000E+08
         281  2.0000E-02  1.0000E-01  2.0000E-01  2.4000E+08
         282  0.0000E+00  1.0000E-01  2.2000E-01  2.4000E+08
         283  2.0000E-02  1.0000E-01  2.2000E-01  2.4000E+08
         284  0.0000E+00  1.0000E-01  2.4000E-01  2.4000E+08
         285  2.0000E-02  1.0000E-01  2.4000E-01  2.4000E+08
         286  0.0000E+00  1.0000E-01  2.6000E-01  2.4000E+08
         287  2.0000E-02  1.0000E-01  2.6000E-01  2.4000E+08
         288  0.0000E+00  1.0000E-01  2.8000E-01  2.4000E+08
         289  2.0000E-02  1.0000E-01  2.8000E-01  2.4000E+08
         290  0.0000E+00  1.0000E-01  3.0000E-01  2.4000E+08
         291  2.0000E-02  1.0000E-01  3.0000E-01  2.4000E+08
         292  0.0000E+00  1.0000E-01  3.2000E-01  2.4000E+08
         293  2.0000E-02  1.0000E-01  3.2000E-01  2.4000E+08
         294  0.0000E+00  1.0000E-01  3.4000E-01  2.4000E+08
         295  2.0000E-02  1.0000E-01  3.4000E-01  2.4000E+08
         296  0.0000E+00  1.0000E-01  3.6000E-01  2.4000E+08
         297  2.0000E-02  1.0000E-01  3.6000E-01  2.4000E+08
         298  0.0000E+00  1.0000E-01  3.8000E-01  2.4000E+08
         299  2.0000E-02  1.0000E-01  3.8000E-01  2.4000E+08
         300  0.0000E+00  1.0000E-01  4.0000E-01  2.4000E+08
         301  2.0000E-02  1.0000E-01  4.0000E-01  2.4000E+08
         302  0.0000E+00  1.0000E-01  4.2000E-01  2.4000E+08
         303  2.0000E-02  1.0000E-01  4.2000E-01  2.4000E+08
         304  0.0000E+00  1.0000E-01  4.4000E-01  2.4000E+08
         305  2.0000E-02  1.0000E-01  4.4000E-01  2.4000E+08
         306  0.0000E+00  1.0000E-01  4.6000E-01  2.4000E+08
         307  2.0000E-02  1.0000E-01  4.6000E-01  2.4000E+08
         308  0.0000E+00  1.0000E-01  4.8000E-01  2.4000E+08
         309  2.0000E-02  1.0000E-01  4.8000E-01  2.4000E+08
         310  0.0000E+00  1.0000E-01  5.0000E-01  2.4000E+08
         311  2.0000E-02  1.0000E-01  5.0000E-01  2.4000E+08
         312  4.0000E-02  0.0000E+00  0.0000E+00  2.4000E+08
         313  4.0000E-02  2.0000E-02  0.0000E+00  2.4000E+08
         314  4.0000E-02  0.0000E+00  2.0000E-02  2.4000E+08
         315  4.0000E-02  2.0000E-02  2.0000E-02  2.4000E+08
         316  4.0000E-02  0.0000E+00  4.0000E-02  2.4000E+08
         317  4.0000E-02  2.0000E-02  4.0000E-02  2.4000E+08
         318  4.0000E-02  0.0000E+00  6.0000E-02  2.4000E+08
         319  4.0000E-02  2.0000E-02  6.0000E-02  2.4000E+08
         320  4.0000E-02  0.0000E+00  8.0000E-02  2.4000E+08
         321  4.0000E-02  2.0000E-02  8.0000E-02  2.4000E+08
         322  4.0000E-02  0.0000E+00  1.0000E-01  2.4000E+08
         323  4.0000E-02  2.0000E-02  1.0000E-01  2.4000E+08
         324  4.0000E-02  0.0000E+00  1.2000E-01  2.4000E+08
         325  4.0000E-02  2.0000E-02  1.2000E-01  2.4000E+08
         326  4.0000E-02  0.0000E+00  1.4000E-01  2.4000E+08
         327  4.0000E-02  2.0000E-02  1.4000E-01  2.4000E+08
         328  4.0000E-02  0.0000E+00  1.6000E-01  2.4000E+08
         329  4.0000E-02  2.0000E-02  1.6000E-01  2.4000E+08
         330  4.0000E-02  0.0000E+00  1.8000E-01  2.4000E+08
         331  4.0000E-02  2.0000E-02  1.8000E-01  2.4000E+08
         332  4.0000E-02  0.0000E+00  2.0000E-01  2.4000E+08
         333  4.0000E-02  2.0000E-02  2.0000E-01  2.4000E+08
         334  4.0000E-02  0.0000E+00  2.2000E-01  2.4000E+08
         335  4.0000E-02  2.0000E-02  2.2000E-01  2.4000E+08
         336  4.0000E-02  0.0000E+00  2.4000E-01  2.3999E+08
         337  4.0000E-02  2.0000E-02  2.4000E-01  2.4000E+08
         338  4.0000E-02  0.0000E+00  2.6000E-01  2.4000E+08
         339  4.0000E-02  2.0000E-02  2.6000E-01  2.4000E+08
         340  4.0000E-02  0.0000E+00  2.8000E-01  2.4000E+08
         341  4.0000E-02  2.0000E-02  2.8000E-01  2.4000E+08
         342  4.0000E-02  0.0000E+00  3.0000E-01  2.4000E+08
         343  4.0000E-02  2.0000E-02  3.0000E-01  2.4000E+08
         344  4.0000E-02  0.0000E+00  3.2000E-01  2.4000E+08
         345  4.0000E-02  2.0000E-02  3.2000E-01  2.4000E+08
         346  4.0000E-02  0.0000E+00  3.4000E-01  2.4000E+08
         347  4.0000E-02  2.0000E-02  3.4000E-01  2.4000E+08
         348  4.0000E-02  0.0000E+00  3.6000E-01  2.4000E+08
         349  4.0000E-02  2.0000E-02  3.6000E-01  2.4000E+08
         350  4.0000E-02  0.0000E+00  3.8000E-01  2.4000E+08
         351  4.0000E-02  2.0000E-02  3.8000E-01  2.4000E+08
         352  4.0000E-02  0.0000E+00  4.0000E-01  2.4000E+08
         353  4.0000E-02  2.0000E-02  4.0000E-01  2.4000E+08
         354  4.0000E-02  0.0000E+00  4.2000E-01  2.4000E+08
         355  4.0000E-02  2.0000E-02  4.2000E-01  2.4000E+08
         356  4.0000E-02  0.0000E+00  4.4000E-01  2.4000E+08
         357  4.0000E-02  2.0000E-02  4.4000E-01  2.4000E+08
         358  4.0000E-02  0.0000E+00  4.6000E-01  2.4000E+08
         359  4.0000E-02  2.0000E-02  4.6000E-01  2.4000E+08
         360  4.0000E-02  0.0000E+00  4.8000E-01  2.4000E+08
         361  4.0000E-02  2.0000E-02  4.8000E-01  2.4000E+08
         362  4.0000E-02  0.0000E+00  5.0000E-01  2.4000E+08
         363  4.0000E-02  2.0000E-02  5.0000E-01  2.4000E+08
         364  4.0000E-02  4.0000E-02  0.0000E+00  2.4000E+08
         365  4.0000E-02  4.0000E-02  2.0000E-02  2.4000E+08
         366  4.0000E-02  4.0000E-02  4.0000E-02  2.4000E+08
         367  4.0000E-02  4.0000E-02  6.0000E-02  2.4000E+08
         368  4.0000E-02  4.0000E-02  8.0000E-02  2.4000E+08
         369  4.0000E-02  4.0000E-02  1.0000E-01  2.4000E+08
         370  4.0000E-02  4.0000E-02  1.2000E-01  2.4000E+08
         371  4.0000E-02  4.0000E-02  1.4000E-01  2.4000E+08
         372  4.0000E-02  4.0000E-02  1.6000E-01  2.4000E+08
         373  4.0000E-02  4.0000E-02  1.8000E-01  2.4000E+08
         374  4.0000E-02  4.0000E-02  2.0000E-01  2.4000E+08
         375  4.0000E-02  4.0000E-02  2.2000E-01  2.4000E+08
         376  4.0000E-02  4.0000E-02  2.4000E-01  2.4000E+08
         377  4.0000E-02  4.0000E-02  2.6000E-01  2.4000E+08
         378  4.0000E-02  4.0000E-02  2.8000E-01  2.4000E+08
         379  4.0000E-02  4.0000E-02  3.0000E-01  2.4000E+08
         380  4.0000E-02  4.0000E-02  3.2000E-01  2.4000E+08
         381  4.0000E-02  4.0000E-02  3.4000E-01  2.4000E+08
         382  4.0000E-02  4.0000E-02  3.6000E-01  2.4000E+08
         383  4.0000E-02  4.0000E-02  3.8000E-01  2.4000E+08
         384  4.0000E-02  4.0000E-02  4.0000E-01  2.4000E+08
         385  4.0000E-02  4.0000E-02  4.2000E-01  2.4000E+08
         386  4.0000E-02  4.0000E-02  4.4000E-01  2.4000E+08
         387  4.0000E-02  4.0000E-02  4.6000E-01  2.4000E+08
         388  4.0000E-02  4.0000E-02  4.8000E-01  2.4000E+08
         389  4.0000E-02  4.0000E-02  5.0000E-01  2.4000E+08
         390  4.0000E-02  6.0000E-02  0.0000E+00  2.4000E+08
         391  4.0000E-02  6.0000E-02  2.0000E-02  2.4000E+08
         392  4.0000E-02  6.0000E-02  4.0000E-02  2.4000E+08
         393  4.0000E-02  6.0000E-02  6.0000E-02  2.4000E+08
         394  4.0000E-02  6.0000E-02  8.0000E-02  2.4000E+08
         395  4.0000E-02  6.0000E-02  1.0000E-01  2.4000E+08
         396  4.0000E-02  6.0000E-02  1.2000E-01  2.4000E+08
         397  4.0000E-02  6.0000E-02  1.4000E-01  2.4000E+08
         398  4.0000E-02  6.0000E-02  1.6000E-01  2.4000E+08
         399  4.0000E-02  6.0000E-02  1.8000E-01  2.4000E+08
         400  4.0000E-02  6.0000E-02  2.0000E-01  2.4000E+08
         401  4.0000E-02  6.0000E-02  2.2000E-01  2.4000E+08
         402  4.0000E-02  6.0000E-02  2.4000E-01  2.4000E+08
         403  4.0000E-02  6.0000E-02  2.6000E-01  2.4000E+08
         404  4.0000E-02  6.0000E-02  2.8000E-01  2.4000E+08
         405  4.0000E-02  6.0000E-02  3.0000E-01  2.4000E+08
         406  4.0000E-02  6.0000E-02  3.2000E-01  2.4000E+08
         407  4.0000E-02  6.0000E-02  3.4000E-01  2.4000E+08
         408  4.0000E-02  6.0000E-02  3.6000E-01  2.4000E+08
         409  4.0000E-02  6.0000E-02  3.8000E-01  2.4000E+08
         410  4.0000E-02  6.0000E-02  4.0000E-01  2.4000E+08
         411  4.0000E-02  6.0000E-02  4.2000E-01  2.4000E+08
         412  4.0000E-02  6.0000E-02  4.4000E-01  2.4000E+08
         413  4.0000E-02  6.0000E-02  4.6000E-01  2.4000E+08
         414  4.0000E-02  6.0000E-02  4.8000E-01  2.4000E+08
         415  4.0000E-02  6.0000E-02  5.0000E-01  2.4000E+08
         416  4.0000E-02  8.0000E-02  0.0000E+00  2.4000E+08
         417  4.0000E-02  8.0000E-02  2.0000E-02  2.4000E+08
         418  4.0000E-02  8.0000E-02  4.0000E-02  2.4000E+08
         419  4.0000E-02  8.0000E-02  6.0000E-02  2.4000E+08
         420  4.0000E-02  8.0000E-02  8.0000E-02  2.4000E+08
         421  4.0000E-02  8.0000E-02  1.0000E-01  2.4000E+08
         422  4.0000E-02  8.0000E-02  1.2000E-01  2.4000E+08
         423  4.0000E-02  8.0000E-02  1.4000E-01  2.4000E+08
         424  4.0000E-02  8.0000E-02  1.6000E-01  2.4000E+08
         425  4.0000E-02  8.0000E-02  1.8000E-01  2.4000E+08
         426  4.0000E-02  8.0000E-02  2.0000E-01  2.4000E+08
         427  4.0000E-02  8.0000E-02  2.2000E-01  2.4000E+08
         428  4.0000E-02  8.0000E-02  2.4000E-01  2.4000E+08
         429  4.0000E-02  8.0000E-02  2.6000E-01  2.4000E+08
         430  4.0000E-02  8.0000E-02  2.8000E-01  2.4000E+08
         431  4.0000E-02  8.0000E-02  3.0000E-01  2.4000E+08
         432  4.0000E-02  8.0000E-02  3.2000E-01  2.4000E+08
         433  4.0000E-02  8.0000E-02  3.4000E-01  2.4000E+08
         434  4.0000E-02  8.0000E-02  3.6000E-01  2.4000E+08
         435  4.0000E-02  8.0000E-02  3.8000E-01  2.4000E+08
         436  4.0000E-02  8.0000E-02  4.0000E-01  2.4000E+08
         437  4.0000E-02  8.0000E-02  4.2000E-01  2.4000E+08
         438  4.0000E-02  8.0000E-02  4.4000E-01  2.4000E+08
         439  4.0000E-02  8.0000E-02  4.6000E-01  2.4000E+08
         440  4.0000E-02  8.0000E-02  4.8000E-01  2.4000E+08
         441  4.0000E-02  8.0000E-02  5.0000E-01  2.4000E+08
         442  4.0000E-02  1.0000E-01  0.0000E+00  2.4000E+08
         443  4.0000E-02  1.0000E-01  2.0000E-02  2.4000E+08
         444  4.0000E-02  1.0000E-01  4.0000E-02  2.4000E+08
         445  4.0000E-02  1.0000E-01  6.0000E-02  2.4000E+08
         446  4.0000E-02  1.0000E-01  8.0000E-02  2.4000E+08
         447  4.0000E-02  1.0000E-01  1.0000E-01  2.4000E+08
         448  4.0000E-02  1.0000E-01  1.2000E-01  2.4000E+08
         449  4.0000E-02  1.0000E-01  1.4000E-01  2.4000E+08
         450  4.0000E-02  1.0000E-01  1.6000E-01  2.4000E+08
         451  4.0000E-02  1.0000E-01  1.8000E-01  2.4000E+08
         452  4.0000E-02  1.0000E-01  2.0000E-01  2.4000E+08
         453  4.0000E-02  1.0000E-01  2.2000E-01  2.4000E+08
         454  4.0000E-02  1.0000E-01  2.4000E-01  2.4000E+08
         455  4.0000E-02  1.0000E-01  2.6000E-01  2.4000E+08
         456  4.0000E-02  1.0000E-01  2.8000E-01  2.4000E+08
         457  4.0000E-02  1.0000E-01  3.0000E-01  2.4000E+08
         458  4.0000E-02  1.0000E-01  3.2000E-01  2.4000E+08
         459  4.0000E-02  1.0000E-01  3.4000E-01  2.4000E+08
         460  4.0000E-02  1.0000E-01  3.6000E-01  2.4000E+08
         461  4.0000E-02  1.0000E-01  3.8000E-01  2.4000E+08
         462  4.0000E-02  1.0000E-01  4.0000E-01  2.4000E+08
         463  4.0000E-02  1.0000E-01  4.2000E-01  2.4000E+08
         464  4.0000E-02  1.0000E-01  4.4000E-01  2.4000E+08
         465  4.0000E-02  1.0000E-01  4.6000E-01  2.4000E+08
         466  4.0000E-02  1.0000E-01  4.8000E-01  2.4000E+08
         467  4.0000E-02  1.0000E-01  5.0000E-01  2.4000E+08
         468  6.0000E-02  0.0000E+00  0.0000E+00  2.4000E+08
         469  6.0000E-02  2.0000E-02  0.0000E+00  2.4000E+08
         470  6.0000E-02  0.0000E+00  2.0000E-02  2.4000E+08
         471  6.0000E-02  2.0000E-02  2.0000E-02  2.4000E+08
         472  6.0000E-02  0.0000E+00  4.0000E-02  2.4000E+08
         473  6.0000E-02  2.0000E-02  4.0000E-02  2.4000E+08
         474  6.0000E-02  0.0000E+00  6.0000E-02  2.4000E+08
         475  6.0000E-02  2.0000E-02  6.0000E-02  2.4000E+08
         476  6.0000E-02  0.0000E+00  8.0000E-02  2.4000E+08
         477  6.0000E-02  2.0000E-02  8.0000E-02  2.4000E+08
         478  6.0000E-02  0.0000E+00  1.0000E-01  2.4000E+08
         479  6.0000E-02  2.0000E-02  1.0000E-01  2.4000E+08
         480  6.0000E-02  0.0000E+00  1.2000E-01  2.4000E+08
         481  6.0000E-02  2.0000E-02  1.2000E-01  2.4000E+08
         482  6.0000E-02  0.0000E+00  1.4000E-01  2.4000E+08
         483  6.0000E-02  2.0000E-02  1.4000E-01  2.4000E+08
         484  6.0000E-02  0.0000E+00  1.6000E-01  2.4000E+08
         485  6.0000E-02  2.0000E-02  1.6000E-01  2.4000E+08
         486  6.0000E-02  0.0000E+00  1.8000E-01  2.4000E+08
         487  6.0000E-02  2.0000E-02  1.8000E-01  2.4000E+08
         488  6.0000E-02  0.0000E+00  2.0000E-01  2.4000E+08
         489  6.0000E-02  2.0000E-02  2.0000E-01  2.4000E+08
         490  6.0000E-02  0.0000E+00  2.2000E-01  2.4000E+08
         491  6.0000E-02  2.0000E-02  2.2000E-01  2.4000E+08
         492  6.0000E-02  0.0000E+00  2.4000E-01  2.4000E+08
         493  6.0000E-02  2.0000E-02  2.4000E-01  2.4000E+08
         494  6.0000E-02  0.0000E+00  2.6000E-01  2.4000E+08
         495  6.0000E-02  2.0000E-02  2.6000E-01  2.4000E+08
         496  6.0000E-02  0.0000E+00  2.8000E-01  2.4000E+08
         497  6.0000E-02  2.0000E-02  2.8000E-01  2.4000E+08
         498  6.0000E-02  0.0000E+00  3.0000E-01  2.4000E+08
         499  6.0000E-02  2.0000E-02  3.0000E-01  2.4000E+08
         500  6.0000E-02  0.0000E+00  3.2000E-01  2.4000E+08
         501  6.0000E-02  2.0000E-02  3.2000E-01  2.4000E+08
         502  6.0000E-02  0.0000E+00  3.4000E-01  2.4000E+08
         503  6.0000E-02  2.0000E-02  3.4000E-01  2.4000E+08
         504  6.0000E-02  0.0000E+00  3.6000E-01  2.4000E+08
         505  6.0000E-02  2.0000E-02  3.6000E-01  2.4000E+08
         506  6.0000E-02  0.0000E+00  3.8000E-01  2.4000E+08
         507  6.0000E-02  2.0000E-02  3.8000E-01  2.4000E+08
         508  6.0000E-02  0.0000E+00  4.0000E-01  2.4000E+08
         509  6.0000E-02  2.0000E-02  4.0000E-01  2.4000E+08
         510  6.0000E-02  0.0000E+00  4.2000E-01  2.4000E+08
         511  6.0000E-02  2.0000E-02  4.2000E-01  2.4000E+08
         512  6.0000E-02  0.0000E+00  4.4000E-01  2.4000E+08
         513  6.0000E-02  2.0000E-02  4.4000E-01  2.4000E+08
         514  6.0000E-02  0.0000E+00  4.6000E-01  2.4000E+08
         515  6.0000E-02  2.0000E-02  4.6000E-01  2.4000E+08
         516  6.0000E-02  0.0000E+00  4.8000E-01  2.4000E+08
         517  6.0000E-02  2.0000E-02  4.8000E-01  2.4000E+08
         518  6.0000E-02  0.0000E+00  5.0000E-01  2.4000E+08
         519  6.0000E-02  2.0000E-02  5.0000E-01  2.4000E+08
         520  6.0000E-02  4.0000E-02  0.0000E+00  2.4000E+08
         521  6.0000E-02  4.0000E-02  2.0000E-02  2.4000E+08
         522  6.0000E-02  4.0000E-02  4.0000E-02  2.4000E+08
         523  6.0000E-02  4.0000E-02  6.0000E-02  2.4000E+08
         524  6.0000E-02  4.0000E-02  8.0000E-02  2.4000E+08
         525  6.0000E-02  4.0000E-02  1.0000E-01  2.4000E+08
         526  6.0000E-02  4.0000E-02  1.2000E-01  2.4000E+08
         527  6.0000E-02  4.0000E-02  1.4000E-01  2.4000E+08
         528  6.0000E-02  4.0000E-02  1.6000E-01  2.4000E+08
         529  6.0000E-02  4.0000E-02  1.8000E-01  2.4000E+08
         530  6.0000E-02  4.0000E-02  2.0000E-01  2.4000E+08
         531  6.0000E-02  4.0000E-02  2.2000E-01  2.4000E+08
         532  6.0000E-02  4.0000E-02  2.4000E-01  2.4000E+08
         533  6.0000E-02  4.0000E-02  2.6000E-01  2.4000E+08
         534  6.0000E-02  4.0000E-02  2.8000E-01  2.4000E+08
         535  6.0000E-02  4.0000E-02  3.0000E-01  2.4000E+08
         536  6.0000E-02  4.0000E-02  3.2000E-01  2.4000E+08
         537  6.0000E-02  4.0000E-02  3.4000E-01  2.4000E+08
         538  6.0000E-02  4.0000E-02  3.6000E-01  2.4000E+08
         539  6.0000E-02  4.0000E-02  3.8000E-01  2.4000E+08
         540  6.0000E-02  4.0000E-02  4.0000E-01  2.4000E+08
         541  6.0000E-02  4.0000E-02  4.2000E-01  2.4000E+08
         542  6.0000E-02  4.0000E-02  4.4000E-01  2.4000E+08
         543  6.0000E-02  4.0000E-02  4.6000E-01  2.4000E+08
         544  6.0000E-02  4.0000E-02  4.8000E-01  2.4000E+08
         545  6.0000E-02  4.0000E-02  5.0000E-01  2.4000E+08
         546  6.0000E-02  6.0000E-02  0.0000E+00  2.4000E+08
         547  6.0000E-02  6.0000E-02  2.0000E-02  2.4000E+08
         548  6.0000E-02  6.0000E-02  4.0000E-02  2.4000E+08
         549  6.0000E-02  6.0000E-02  6.0000E-02  2.4000E+08
         550  6.0000E-02  6.0000E-02  8.0000E-02  2.4000E+08
         551  6.0000E-02  6.0000E-02  1.0000E-01  2.4000E+08
         552  6.0000E-02  6.0000E-02  1.2000E-01  2.4000E+08
         553  6.0000E-02  6.0000E-02  1.4000E-01  2.4000E+08
         554  6.0000E-02  6.0000E-02  1.6000E-01  2.4000E+08
         555  6.0000E-02  6.0000E-02  1.8000E-01  2.4000E+08
         556  6.0000E-02  6.0000E-02  2.0000E-01  2.4000E+08
         557  6.0000E-02  6.0000E-02  2.2000E-01  2.4000E+08
         558  6.0000E-02  6.0000E-02  2.4000E-01  2.4000E+08
         559  6.0000E-02  6.0000E-02  2.6000E-01  2.4000E+08
         560  6.0000E-02  6.0000E-02  2.8000E-01  2.4000E+08
         561  6.0000E-02  6.0000E-02  3.0000E-01  2.4000E+08
         562  6.0000E-02  6.0000E-02  3.2000E-01  2.4000E+08
         563  6.0000E-02  6.0000E-02  3.4000E-01  2.4000E+08
         564  6.0000E-02  6.0000E-02  3.6000E-01  2.4000E+08
         565  6.0000E-02  6.0000E-02  3.8000E-01  2.4000E+08
         566  6.0000E-02  6.0000E-02  4.0000E-01  2.4000E+08
         567  6.0000E-02  6.0000E-02  4.2000E-01  2.4000E+08
         568  6.0000E-02  6.0000E-02  4.4000E-01  2.4000E+08
         569  6.0000E-02  6.0000E-02  4.6000E-01  2.4000E+08
         570  6.0000E-02  6.0000E-02  4.8000E-01  2.4000E+08
         571  6.0000E-02  6.0000E-02  5.0000E-01  2.4000E+08
         572  6.0000E-02  8.0000E-02  0.0000E+00  2.4000E+08
         573  6.0000E-02  8.0000E-02  2.0000E-02  2.4000E+08
         574  6.0000E-02  8.0000E-02  4.0000E-02  2.4000E+08
         575  6.0000E-02  8.0000E-02  6.0000E-02  2.4000E+08
         576  6.0000E-02  8.0000E-02  8.0000E-02  2.4000E+08
         577  6.0000E-02  8.0000E-02  1.0000E-01  2.4000E+08
         578  6.0000E-02  8.0000E-02  1.2000E-01  2.4000E+08
         579  6.0000E-02  8.0000E-02  1.4000E-01  2.4000E+08
         580  6.0000E-02  8.0000E-02  1.6000E-01  2.4000E+08
         581  6.0000E-02  8.0000E-02  1.8000E-01  2.4000E+08
         582  6.0000E-02  8.0000E-02  2.0000E-01  2.4000E+08
         583  6.0000E-02  8.0000E-02  2.2000E-01  2.4000E+08
         584  6.0000E-02  8.0000E-02  2.4000E-01  2.4000E+08
         585  6.0000E-02  8.0000E-02  2.6000E-01  2.4000E+08
         586  6.0000E-02  8.0000E-02  2.8000E-01  2.4000E+08
         587  6.0000E-02  8.0000E-02  3.0000E-01  2.4000E+08
         588  6.0000E-02  8.0000E-02  3.2000E-01  2.4000E+08
         589  6.0000E-02  8.0000E-02  3.4000E-01  2.4000E+08
         590  6.0000E-02  8.0000E-02  3.6000E-01  2.4000E+08
         591  6.0000E-02  8.0000E-02  3.8000E-01  2.4000E+08
         592  6.0000E-02  8.0000E-02  4.0000E-01  2.4000E+08
         593  6.0000E-02  8.0000E-02  4.2000E-01  2.4000E+08
         594  6.0000E-02  8.0000E-02  4.4000E-01  2.4000E+08
         595  6.0000E-02  8.0000E-02  4.6000E-01  2.4000E+08
         596  6.0000E-02  8.0000E-02  4.8000E-01  2.4000E+08
         597  6.0000E-02  8.0000E-02  5.0000E-01  2.4000E+08
         598  6.0000E-02  1.0000E-01  0.0000E+00  2.4000E+08
         599  6.0000E-02  1.0000E-01  2.0000E-02  2.4000E+08
         600  6.0000E-02  1.0000E-01  4.0000E-02  2.4000E+08
         601  6.0000E-02  1.0000E-01  6.0000E-02  2.4000E+08
         602  6.0000E-02  1.0000E-01  8.0000E-02  2.4000E+08
         603  6.0000E-02  1.0000E-01  1.0000E-01  2.4000E+08
         604  6.0000E-02  1.0000E-01  1.2000E-01  2.4000E+08
         605  6.0000E-02  1.0000E-01  1.4000E-01  2.4000E+08
         606  6.0000E-02  1.0000E-01  1.6000E-01  2.4000E+08
         607  6.0000E-02  1.0000E-01  1.8000E-01  2.4000E+08
         608  6.0000E-02  1.0000E-01  2.0000E-01  2.4000E+08
         609  6.0000E-02  1.0000E-01  2.2000E-01  2.4000E+08
         610  6.0000E-02  1.0000E-01  2.4000E-01  2.4000E+08
         611  6.0000E-02  1.0000E-01  2.6000E-01  2.4000E+08
         612  6.0000E-02  1.0000E-01  2.8000E-01  2.4000E+08
         613  6.0000E-02  1.0000E-01  3.0000E-01  2.4000E+08
         614  6.0000E-02  1.0000E-01  3.2000E-01  2.4000E+08
         615  6.0000E-02  1.0000E-01  3.4000E-01  2.4000E+08
         616  6.0000E-02  1.0000E-01  3.6000E-01  2.4000E+08
         617  6.0000E-02  1.0000E-01  3.8000E-01  2.4000E+08
         618  6.0000E-02  1.0000E-01  4.0000E-01  2.4000E+08
         619  6.0000E-02  1.0000E-01  4.2000E-01  2.4000E+08
         620  6.0000E-02  1.0000E-01  4.4000E-01  2.4000E+08
         621  6.0000E-02  1.0000E-01  4.6000E-01  2.4000E+08
         622  6.0000E-02  1.0000E-01  4.8000E-01  2.4000E+08
         623  6.0000E-02  1.0000E-01  5.0000E-01  2.4000E+08
         624  8.0000E-02  0.0000E+00  0.0000E+00  2.4000E+08
         625  8.0000E-02  2.0000E-02  0.0000E+00  2.4000E+08
         626  8.0000E-02  0.0000E+00  2.0000E-02  2.4000E+08
         627  8.0000E-02  2.0000E-02  2.0000E-02  2.4000E+08
         628  8.0000E-02  0.0000E+00  4.0000E-02  2.4000E+08
         629  8.0000E-02  2.0000E-02  4.0000E-02  2.4000E+08
         630  8.0000E-02  0.0000E+00  6.0000E-02  2.4000E+08
         631  8.0000E-02  2.0000E-02  6.0000E-02  2.4000E+08
         632  8.0000E-02  0.0000E+00  8.0000E-02  2.4000E+08
         633  8.0000E-02  2.0000E-02  8.0000E-02  2.4000E+08
         634  8.0000E-02  0.0000E+00  1.0000E-01  2.4000E+08
         635  8.0000E-02  2.0000E-02  1.0000E-01  2.4000E+08
         636  8.0000E-02  0.0000E+00  1.2000E-01  2.4000E+08
         637  8.0000E-02  2.0000E-02  1.2000E-01  2.4000E+08
         638  8.0000E-02  0.0000E+00  1.4000E-01  2.4000E+08
         639  8.0000E-02  2.0000E-02  1.4000E-01  2.4000E+08
         640  8.0000E-02  0.0000E+00  1.6000E-01  2.4000E+08
         641  8.0000E-02  2.0000E-02  1.6000E-01  2.4000E+08
         642  8.0000E-02  0.0000E+00  1.8000E-01  2.4000E+08
         643  8.0000E-02  2.0000E-02  1.8000E-01  2.4000E+08
         644  8.0000E-02  0.0000E+00  2.0000E-01  2.4000E+08
         645  8.0000E-02  2.0000E-02  2.0000E-01  2.4000E+08
         646  8.0000E-02  0.0000E+00  2.2000E-01  2.4000E+08
         647  8.0000E-02  2.0000E-02  2.2000E-01  2.4000E+08
         648  8.0000E-02  0.0000E+00  2.4000E-01  2.4000E+08
         649  8.0000E-02  2.0000E-02  2.4000E-01  2.4000E+08
         650  8.0000E-02  0.0000E+00  2.6000E-01  2.4000E+08
         651  8.0000E-02  2.0000E-02  2.6000E-01  2.4000E+08
         652  8.0000E-02  0.0000E+00  2.8000E-01  2.4000E+08
         653  8.0000E-02  2.0000E-02  2.8000E-01  2.4000E+08
         654  8.0000E-02  0.0000E+00  3.0000E-01  2.4000E+08
         655  8.0000E-02  2.0000E-02  3.0000E-01  2.4000E+08
         656  8.0000E-02  0.0000E+00  3.2000E-01  2.4000E+08
         657  8.0000E-02  2.0000E-02  3.2000E-01  2.4000E+08
         658  8.0000E-02  0.0000E+00  3.4000E-01  2.4000E+08
         659  8.0000E-02  2.0000E-02  3.4000E-01  2.4000E+08
         660  8.0000E-02  0.0000E+00  3.6000E-01  2.4000E+08
         661  8.0000E-02  2.0000E-02  3.6000E-01  2.4000E+08
         662  8.0000E-02  0.0000E+00  3.8000E-01  2.4000E+08
         663  8.0000E-02  2.0000E-02  3.8000E-01  2.4000E+08
         664  8.0000E-02  0.0000E+00  4.0000E-01  2.4000E+08
         665  8.0000E-02  2.0000E-02  4.0000E-01  2.4000E+08
         666  8.0000E-02  0.0000E+00  4.2000E-01  2.4000E+08
         667  8.0000E-02  2.0000E-02  4.2000E-01  2.4000E+08
         668  8.0000E-02  0.0000E+00  4.4000E-01  2.4000E+08
         669  8.0000E-02  2.0000E-02  4.4000E-01  2.4000E+08
         670  8.0000E-02  0.0000E+00  4.6000E-01  2.4000E+08
         671  8.0000E-02  2.0000E-02  4.6000E-01  2.4000E+08
         672  8.0000E-02  0.0000E+00  4.8000E-01  2.4000E+08
         673  8.0000E-02  2.0000E-02  4.8000E-01  2.4000E+08
         674  8.0000E-02  0.0000E+00  5.0000E-01  2.4000E+08
         675  8.0000E-02  2.0000E-02  5.0000E-01  2.4000E+08
         676  8.0000E-02  4.0000E-02  0.0000E+00  2.4000E+08
         677  8.0000E-02  4.0000E-02  2.0000E-02  2.4000E+08
         678  8.0000E-02  4.0000E-02  4.0000E-02  2.4000E+08
         679  8.0000E-02  4.0000E-02  6.0000E-02  2.4000E+08
         680  8.0000E-02  4.0000E-02  8.0000E-02  2.4000E+08
         681  8.0000E-02  4.0000E-02  1.0000E-01  2.4000E+08
         682  8.0000E-02  4.0000E-02  1.2000E-01  2.4000E+08
         683  8.0000E-02  4.0000E-02  1.4000E-01  2.4000E+08
         684  8.0000E-02  4.0000E-02  1.6000E-01  2.4000E+08
         685  8.0000E-02  4.0000E-02  1.8000E-01  2.4000E+08
         686  8.0000E-02  4.0000E-02  2.0000E-01  2.4000E+08
         687  8.0000E-02  4.0000E-02  2.2000E-01  2.4000E+08
         688  8.0000E-02  4.0000E-02  2.4000E-01  2.4000E+08
         689  8.0000E-02  4.0000E-02  2.6000E-01  2.4000E+08
         690  8.0000E-02  4.0000E-02  2.8000E-01  2.4000E+08
         691  8.0000E-02  4.0000E-02  3.0000E-01  2.4000E+08
         692  8.0000E-02  4.0000E-02  3.2000E-01  2.4000E+08
         693  8.0000E-02  4.0000E-02  3.4000E-01  2.4000E+08
         694  8.0000E-02  4.0000E-02  3.6000E-01  2.4000E+08
         695  8.0000E-02  4.0000E-02  3.8000E-01  2.4000E+08
         696  8.0000E-02  4.0000E-02  4.0000E-01  2.4000E+08
         697  8.0000E-02  4.0000E-02  4.2000E-01  2.4000E+08
         698  8.0000E-02  4.0000E-02  4.4000E-01  2.4000E+08
         699  8.0000E-02  4.0000E-02  4.6000E-01  2.4000E+08
         700  8.0000E-02  4.0000E-02  4.8000E-01  2.4000E+08
         701  8.0000E-02  4.0000E-02  5.0000E-01  2.4000E+08
         702  8.0000E-02  6.0000E-02  0.0000E+00  2.4000E+08
         703  8.0000E-02  6.0000E-02  2.0000E-02  2.4000E+08
         704  8.0000E-02  6.0000E-02  4.0000E-02  2.4000E+08
         705  8.0000E-02  6.0000E-02  6.0000E-02  2.4000E+08
         706  8.0000E-02  6.0000E-02  8.0000E-02  2.4000E+08
         707  8.0000E-02  6.0000E-02  1.0000E-01  2.4000E+08
         708  8.0000E-02  6.0000E-02  1.2000E-01  2.4000E+08
         709  8.0000E-02  6.0000E-02  1.4000E-01  2.4000E+08
         710  8.0000E-02  6.0000E-02  1.6000E-01  2.4000E+08
         711  8.0000E-02  6.0000E-02  1.8000E-01  2.4000E+08
         712  8.0000E-02  6.0000E-02  2.0000E-01  2.4000E+08
         713  8.0000E-02  6.0000E-02  2.2000E-01  2.4000E+08
         714  8.0000E-02  6.0000E-02  2.4000E-01  2.4000E+08
         715  8.0000E-02  6.0000E-02  2.6000E-01  2.4000E+08
         716  8.0000E-02  6.0000E-02  2.8000E-01  2.4000E+08
         717  8.0000E-02  6.0000E-02  3.0000E-01  2.4000E+08
         718  8.0000E-02  6.0000E-02  3.2000E-01  2.4000E+08
         719  8.0000E-02  6.0000E-02  3.4000E-01  2.4000E+08
         720  8.0000E-02  6.0000E-02  3.6000E-01  2.4000E+08
         721  8.0000E-02  6.0000E-02  3.8000E-01  2.4000E+08
         722  8.0000E-02  6.0000E-02  4.0000E-01  2.4000E+08
         723  8.0000E-02  6.0000E-02  4.2000E-01  2.4000E+08
         724  8.0000E-02  6.0000E-02  4.4000E-01  2.4000E+08
         725  8.0000E-02  6.0000E-02  4.6000E-01  2.4000E+08
         726  8.0000E-02  6.0000E-02  4.8000E-01  2.4000E+08
         727  8.0000E-02  6.0000E-02  5.0000E-01  2.4000E+08
         728  8.0000E-02  8.0000E-02  0.0000E+00  2.4000E+08
         729  8.0000E-02  8.0000E-02  2.0000E-02  2.4000E+08
         730  8.0000E-02  8.0000E-02  4.0000E-02  2.4000E+08
         731  8.0000E-02  8.0000E-02  6.0000E-02  2.4000E+08
         732  8.0000E-02  8.0000E-02  8.0000E-02  2.4000E+08
         733  8.0000E-02  8.0000E-02  1.0000E-01  2.4000E+08
         734  8.0000E-02  8.0000E-02  1.2000E-01  2.4000E+08
         735  8.0000E-02  8.0000E-02  1.4000E-01  2.4000E+08
         736  8.0000E-02  8.0000E-02  1.6000E-01  2.4000E+08
         737  8.0000E-02  8.0000E-02  1.8000E-01  2.4000E+08
         738  8.0000E-02  8.0000E-02  2.0000E-01  2.4000E+08
         739  8.0000E-02  8.0000E-02  2.2000E-01  2.4000E+08
         740  8.0000E-02  8.0000E-02  2.4000E-01  2.4000E+08
         741  8.0000E-02  8.0000E-02  2.6000E-01  2.4000E+08
         742  8.0000E-02  8.0000E-02  2.8000E-01  2.4000E+08
         743  8.0000E-02  8.0000E-02  3.0000E-01  2.4000E+08
         744  8.0000E-02  8.0000E-02  3.2000E-01  2.4000E+08
         745  8.0000E-02  8.0000E-02  3.4000E-01  2.4000E+08
         746  8.0000E-02  8.0000E-02  3.6000E-01  2.4000E+08
         747  8.0000E-02  8.0000E-02  3.8000E-01  2.4000E+08
         748  8.0000E-02  8.0000E-02  4.0000E-01  2.4000E+08
         749  8.0000E-02  8.0000E-02  4.2000E-01  2.4000E+08
         750  8.0000E-02  8.0000E-02  4.4000E-01  2.4000E+08
         751  8.0000E-02  8.0000E-02  4.6000E-01  2.4000E+08
         752  8.0000E-02  8.0000E-02  4.8000E-01  2.4000E+08
         753  8.0000E-02  8.0000E-02  5.0000E-01  2.4000E+08
         754  8.0000E-02  1.0000E-01  0.0000E+00  2.4000E+08
         755  8.0000E-02  1.0000E-01  2.0000E-02  2.4000E+08
         756  8.0000E-02  1.0000E-01  4.0000E-02  2.4000E+08
         757  8.0000E-02  1.0000E-01  6.0000E-02  2.4000E+08
         758  8.0000E-02  1.0000E-01  8.0000E-02  2.4000E+08
         759  8.0000E-02  1.0000E-01  1.0000E-01  2.4000E+08
         760  8.0000E-02  1.0000E-01  1.2000E-01  2.4000E+08
         761  8.0000E-02  1.0000E-01  1.4000E-01  2.4000E+08
         762  8.0000E-02  1.0000E-01  1.6000E-01  2.4000E+08
         763  8.0000E-02  1.0000E-01  1.8000E-01  2.4000E+08
         764  8.0000E-02  1.0000E-01  2.0000E-01  2.4000E+08
         765  8.0000E-02  1.0000E-01  2.2000E-01  2.4000E+08
         766  8.0000E-02  1.0000E-01  2.4000E-01  2.4000E+08
         767  8.0000E-02  1.0000E-01  2.6000E-01  2.4000E+08
         768  8.0000E-02  1.0000E-01  2.8000E-01  2.4000E+08
         769  8.0000E-02  1.0000E-01  3.0000E-01  2.4000E+08
         770  8.0000E-02  1.0000E-01  3.2000E-01  2.4000E+08
         771  8.0000E-02  1.0000E-01  3.4000E-01  2.4000E+08
         772  8.0000E-02  1.0000E-01  3.6000E-01  2.4000E+08
         773  8.0000E-02  1.0000E-01  3.8000E-01  2.4000E+08
         774  8.0000E-02  1.0000E-01  4.0000E-01  2.4000E+08
         775  8.0000E-02  1.0000E-01  4.2000E-01  2.4000E+08
         776  8.0000E-02  1.0000E-01  4.4000E-01  2.4000E+08
         777  8.0000E-02  1.0000E-01  4.6000E-01  2.4000E+08
         778  8.0000E-02  1.0000E-01  4.8000E-01  2.4000E+08
         779  8.0000E-02  1.0000E-01  5.0000E-01  2.4000E+08
         780  1.0000E-01  0.0000E+00  0.0000E+00  2.4000E+08
         781  1.0000E-01  2.0000E-02  0.0000E+00  2.4000E+08
         782  1.0000E-01  0.0000E+00  2.0000E-02  2.4000E+08
         783  1.0000E-01  2.0000E-02  2.0000E-02  2.4000E+08
         784  1.0000E-01  0.0000E+00  4.0000E-02  2.4000E+08
         785  1.0000E-01  2.0000E-02  4.0000E-02  2.4000E+08
         786  1.0000E-01  0.0000E+00  6.0000E-02  2.4000E+08
         787  1.0000E-01  2.0000E-02  6.0000E-02  2.4000E+08
         788  1.0000E-01  0.0000E+00  8.0000E-02  2.4000E+08
         789  1.0000E-01  2.0000E-02  8.0000E-02  2.4000E+08
         790  1.0000E-01  0.0000E+00  1.0000E-01  2.4000E+08
         791  1.0000E-01  2.0000E-02  1.0000E-01  2.4000E+08
         792  1.0000E-01  0.0000E+00  1.2000E-01  2.4000E+08
         793  1.0000E-01  2.0000E-02  1.2000E-01  2.4000E+08
         794  1.0000E-01  0.0000E+00  1.4000E-01  2.4000E+08
         795  1.0000E-01  2.0000E-02  1.4000E-01  2.4000E+08
         796  1.0000E-01  0.0000E+00  1.6000E-01  2.4000E+08
         797  1.0000E-01  2.0000E-02  1.6000E-01  2.4000E+08
         798  1.0000E-01  0.0000E+00  1.8000E-01  2.4000E+08
         799  1.0000E-01  2.0000E-02  1.8000E-01  2.4000E+08
         800  1.0000E-01  0.0000E+00  2.0000E-01  2.3999E+08
         801  1.0000E-01  2.0000E-02  2.0000E-01  2.4000E+08
         802  1.0000E-01  0.0000E+00  2.2000E-01  2.4000E+08
         803  1.0000E-01  2.0000E-02  2.2000E-01  2.4000E+08
         804  1.0000E-01  0.0000E+00  2.4000E-01  2.4001E+08
         805  1.0000E-01  2.0000E-02  2.4000E-01  2.4000E+08
         806  1.0000E-01  0.0000E+00  2.6000E-01  2.4000E+08
         807  1.0000E-01  2.0000E-02  2.6000E-01  2.4000E+08
         808  1.0000E-01  0.0000E+00  2.8000E-01  2.3999E+08
         809  1.0000E-01  2.0000E-02  2.8000E-01  2.4000E+08
         810  1.0000E-01  0.0000E+00  3.0000E-01  2.4000E+08
         811  1.0000E-01  2.0000E-02  3.0000E-01  2.4000E+08
         812  1.0000E-01  0.0000E+00  3.2000E-01  2.4000E+08
         813  1.0000E-01  2.0000E-02  3.2000E-01  2.4000E+08
         814  1.0000E-01  0.0000E+00  3.4000E-01  2.4000E+08
         815  1.0000E-01  2.0000E-02  3.4000E-01  2.4000E+08
         816  1.0000E-01  0.0000E+00  3.6000E-01  2.4000E+08
         817  1.0000E-01  2.0000E-02  3.6000E-01  2.4000E+08
         818  1.0000E-01  0.0000E+00  3.8000E-01  2.4000E+08
         819  1.0000E-01  2.0000E-02  3.8000E-01  2.4000E+08
         820  1.0000E-01  0.0000E+00  4.0000E-01  2.4000E+08
         821  1.0000E-01  2.0000E-02  4.0000E-01  2.4000E+08
         822  1.0000E-01  0.0000E+00  4.2000E-01  2.4000E+08
         823  1.0000E-01  2.0000E-02  4.2000E-01  2.4000E+08
         824  1.0000E-01  0.0000E+00  4.4000E-01  2.4000E+08
         825  1.0000E-01  2.0000E-02  4.4000E-01  2.4000E+08
         826  1.0000E-01  0.0000E+00  4.6000E-01  2.4000E+08
         827  1.0000E-01  2.0000E-02  4.6000E-01  2.4000E+08
         828  1.0000E-01  0.0000E+00  4.8000E-01  2.4000E+08
         829  1.0000E-01  2.0000E-02  4.8000E-01  2.4000E+08
         830  1.0000E-01  0.0000E+00  5.0000E-01  2.4000E+08
         831  1.0000E-01  2.0000E-02  5.0000E-01  2.4000E+08
         832  1.0000E-01  4.0000E-02  0.0000E+00  2.4000E+08
         833  1.0000E-01  4.0000E-02  2.0000E-02  2.4000E+08
         834  1.0000E-01  4.0000E-02  4.0000E-02  2.4000E+08
         835  1.0000E-01  4.0000E-02  6.0000E-02  2.4000E+08
         836  1.0000E-01  4.0000E-02  8.0000E-02  2.4000E+08
         837  1.0000E-01  4.0000E-02  1.0000E-01  2.4000E+08
         838  1.0000E-01  4.0000E-02  1.2000E-01  2.4000E+08
         839  1.0000E-01  4.0000E-02  1.4000E-01  2.4000E+08
         840  1.0000E-01  4.0000E-02  1.6000E-01  2.4000E+08
         841  1.0000E-01  4.0000E-02  1.8000E-01  2.4000E+08
         842  1.0000E-01  4.0000E-02  2.0000E-01  2.4000E+08
         843  1.0000E-01  4.0000E-02  2.2000E-01  2.4000E+08
         844  1.0000E-01  4.0000E-02  2.4000E-01  2.4000E+08
         845  1.0000E-01  4.0000E-02  2.6000E-01  2.4000E+08
         846  1.0000E-01  4.0000E-02  2.8000E-01  2.4000E+08
         847  1.0000E-01  4.0000E-02  3.0000E-01  2.4000E+08
         848  1.0000E-01  4.0000E-02  3.2000E-01  2.4000E+08
         849  1.0000E-01  4.0000E-02  3.4000E-01  2.4000E+08
         850  1.0000E-01  4.0000E-02  3.6000E-01  2.4000E+08
         851  1.0000E-01  4.0000E-02  3.8000E-01  2.4000E+08
         852  1.0000E-01  4.0000E-02  4.0000E-01  2.4000E+08
         853  1.0000E-01  4.0000E-02  4.2000E-01  2.4000E+08
         854  1.0000E-01  4.0000E-02  4.4000E-01  2.4000E+08
         855  1.0000E-01  4.0000E-02  4.6000E-01  2.4000E+08
         856  1.0000E-01  4.0000E-02  4.8000E-01  2.4000E+08
         857  1.0000E-01  4.0000E-02  5.0000E-01  2.4000E+08
         858  1.0000E-01  6.0000E-02  0.0000E+00  2.4000E+08
         859  1.0000E-01  6.0000E-02  2.0000E-02  2.4000E+08
         860  1.0000E-01  6.0000E-02  4.0000E-02  2.4000E+08
         861  1.0000E-01  6.0000E-02  6.0000E-02  2.4000E+08
         862  1.0000E-01  6.0000E-02  8.0000E-02  2.4000E+08
         863  1.0000E-01  6.0000E-02  1.0000E-01  2.4000E+08
         864  1.0000E-01  6.0000E-02  1.2000E-01  2.4000E+08
         865  1.0000E-01  6.0000E-02  1.4000E-01  2.4000E+08
         866  1.0000E-01  6.0000E-02  1.6000E-01  2.4000E+08
         867  1.0000E-01  6.0000E-02  1.8000E-01  2.4000E+08
         868  1.0000E-01  6.0000E-02  2.0000E-01  2.4000E+08
         869  1.0000E-01  6.0000E-02  2.2000E-01  2.4000E+08
         870  1.0000E-01  6.0000E-02  2.4000E-01  2.3999E+08
         871  1.0000E-01  6.0000E-02  2.6000E-01  2.4000E+08
         872  1.0000E-01  6.0000E-02  2.8000E-01  2.4000E+08
         873  1.0000E-01  6.0000E-02  3.0000E-01  2.4000E+08
         874  1.0000E-01  6.0000E-02  3.2000E-01  2.4000E+08
         875  1.0000E-01  6.0000E-02  3.4000E-01  2.4000E+08
         876  1.0000E-01  6.0000E-02  3.6000E-01  2.4000E+08
         877  1.0000E-01  6.0000E-02  3.8000E-01  2.4000E+08
         878  1.0000E-01  6.0000E-02  4.0000E-01  2.4000E+08
         879  1.0000E-01  6.0000E-02  4.2000E-01  2.4000E+08
         880  1.0000E-01  6.0000E-02  4.4000E-01  2.4000E+08
         881  1.0000E-01  6.0000E-02  4.6000E-01  2.4000E+08
         882  1.0000E-01  6.0000E-02  4.8000E-01  2.4000E+08
         883  1.0000E-01  6.0000E-02  5.0000E-01  2.4000E+08
         884  1.0000E-01  8.0000E-02  0.0000E+00  2.4000E+08
         885  1.0000E-01  8.0000E-02  2.0000E-02  2.4000E+08
         886  1.0000E-01  8.0000E-02  4.0000E-02  2.4000E+08
         887  1.0000E-01  8.0000E-02  6.0000E-02  2.4000E+08
         888  1.0000E-01  8.0000E-02  8.0000E-02  2.4000E+08
         889  1.0000E-01  8.0000E-02  1.0000E-01  2.4000E+08
         890  1.0000E-01  8.0000E-02  1.2000E-01  2.4000E+08
         891  1.0000E-01  8.0000E-02  1.4000E-01  2.4000E+08
         892  1.0000E-01  8.0000E-02  1.6000E-01  2.4000E+08
         893  1.0000E-01  8.0000E-02  1.8000E-01  2.4000E+08
         894  1.0000E-01  8.0000E-02  2.0000E-01  2.4000E+08
         895  1.0000E-01  8.0000E-02  2.2000E-01  2.4000E+08
         896  1.0000E-01  8.0000E-02  2.4000E-01  2.4000E+08
         897  1.0000E-01  8.0000E-02  2.6000E-01  2.4000E+08
         898  1.0000E-01  8.0000E-02  2.8000E-01  2.4000E+08
         899  1.0000E-01  8.0000E-02  3.0000E-01  2.4000E+08
         900  1.0000E-01  8.0000E-02  3.2000E-01  2.4000E+08
         901  1.0000E-01  8.0000E-02  3.4000E-01  2.4000E+08
         902  1.0000E-01  8.0000E-02  3.6000E-01  2.4000E+08
         903  1.0000E-01  8.0000E-02  3.8000E-01  2.4000E+08
         904  1.0000E-01  8.0000E-02  4.0000E-01  2.4000E+08
         905  1.0000E-01  8.0000E-02  4.2000E-01  2.4000E+08
         906  1.0000E-01  8.0000E-02  4.4000E-01  2.4000E+08
         907  1.0000E-01  8.0000E-02  4.6000E-01  2.4000E+08
         908  1.0000E-01  8.0000E-02  4.8000E-01  2.4000E+08
         909  1.0000E-01  8.0000E-02  5.0000E-01  2.4000E+08
         910  1.0000E-01  1.0000E-01  0.0000E+00  2.4000E+08
         911  1.0000E-01  1.0000E-01  2.0000E-02  2.4000E+08
         912  1.0000E-01  1.0000E-01  4.0000E-02  2.4000E+08
         913  1.0000E-01  1.0000E-01  6.0000E-02  2.4000E+08
         914  1.0000E-01  1.0000E-01  8.0000E-02  2.4000E+08
         915  1.0000E-01  1.0000E-01  1.0000E-01  2.4000E+08
         916  1.0000E-01  1.0000E-01  1.2000E-01  2.4000E+08
         917  1.0000E-01  1.0000E-01  1.4000E-01  2.4000E+08
         918  1.0000E-01  1.0000E-01  1.6000E-01  2.4000E+08
         919  1.0000E-01  1.0000E-01  1.8000E-01  2.4000E+08
         920  1.0000E-01  1.0000E-01  2.0000E-01  2.4000E+08
         921  1.0000E-01  1.0000E-01  2.2000E-01  2.4000E+08
         922  1.0000E-01  1.0000E-01  2.4000E-01  2.4000E+08
         923  1.0000E-01  1.0000E-01  2.6000E-01  2.4000E+08
         924  1.0000E-01  1.0000E-01  2.8000E-01  2.4000E+08
         925  1.0000E-01  1.0000E-01  3.0000E-01  2.4000E+08
         926  1.0000E-01  1.0000E-01  3.2000E-01  2.4000E+08
         927  1.0000E-01  1.0000E-01  3.4000E-01  2.4000E+08
         928  1.0000E-01  1.0000E-01  3.6000E-01  2.4000E+08
         929  1.0000E-01  1.0000E-01  3.8000E-01  2.4000E+08
         930  1.0000E-01  1.0000E-01  4.0000E-01  2.4000E+08
         931  1.0000E-01  1.0000E-01  4.2000E-01  2.4000E+08
         932  1.0000E-01  1.0000E-01  4.4000E-01  2.4000E+08
         933  1.0000E-01  1.0000E-01  4.6000E-01  2.4000E+08
         934  1.0000E-01  1.0000E-01  4.8000E-01  2.4000E+08
         935  1.0000E-01  1.0000E-01  5.0000E-01  2.4000E+08
