Scalar STRAINXY under NLStatic for nodeset
189
   0.0000E+00
  0.0000E+00
  0.0000E+00
  0.0000E+00
  0.0000E+00
  0.0000E+00
  0.0000E+00
  0.0000E+00
  0.0000E+00
  0.0000E+00
 -3.0818E-03
  9.3063E-03
  1.2785E-02
  8.6680E-03
  1.3139E-02
  1.3529E-02
  8.0653E-03
  1.4514E-02
  1.9319E-02
  3.8840E-01
  2.0171E-01
 -3.5025E-02
  1.2224E-01
  3.7353E-02
  1.5687E-02
 -4.1702E-02
  7.6107E-03
 -1.0498E-02
 -2.5783E+00
  5.3041E-01
 -9.4122E-02
  5.8175E-01
 -1.1944E-01
 -1.3730E-01
  2.8412E-02
  2.5128E-02
 -5.1272E-02
 -9.9658E-01
 -2.4002E-01
 -2.5638E-01
  1.8930E-01
 -8.9581E-02
 -4.0018E-01
  6.5189E-01
  1.9179E-01
 -2.7933E-03
 -6.6848E-02
 -1.4737E-01
 -1.5067E-01
  6.3693E-02
  7.5015E-03
 -1.0477E-01
  1.1656E-01
  1.2589E-01
 -8.9865E-04
  6.6872E-04
 -3.9622E-02
  3.6103E-03
  3.0344E-02
  1.4309E-03
 -2.8260E-02
  6.7245E-03
  3.8230E-02
 -7.0277E-03
  7.7607E-05
 -1.1351E-02
 -3.2037E-03
  9.2262E-03
  9.5036E-05
 -8.9458E-03
  3.9962E-03
  1.0784E-02
 -1.2076E-03
  2.3051E-04
 -7.1153E-03
 -1.9059E-03
  6.8828E-03
  4.9909E-05
 -6.8565E-03
  2.1701E-03
  7.1035E-03
 -5.9304E-04
 -1.2546E-03
 -2.1059E-02
 -4.5451E-03
  2.0903E-02
  5.8250E-04
 -2.1311E-02
  8.1625E-03
  2.1173E-02
 -1.2594E-03
 -1.2352E-02
 -6.9880E-02
  5.2766E-03
  7.2792E-02
  7.1614E-03
 -7.1261E-02
  3.4908E-02
  7.3640E-02
 -1.2701E-02
 -3.9221E-02
 -1.9803E-01
 -1.5969E-01
  2.0260E-01
  5.0469E-02
 -2.0254E-01
  1.6040E-01
  2.0386E-01
 -4.5251E-02
 -1.1111E-01
 -2.3003E-01
 -3.3931E-01
  3.0410E-01
  1.0171E-01
 -2.2722E-01
  4.6656E-01
  3.0587E-01
 -1.2216E-01
  2.6483E-02
  3.5256E-04
 -2.7552E-02
  7.5924E-02
  3.5617E-02
  2.1003E-03
  1.4324E-01
  7.7329E-02
  2.6073E-02
  1.9676E-02
  5.9518E-03
 -6.6836E-03
  3.6336E-03
  2.7720E-03
  5.7318E-03
 -6.7894E-03
  3.3871E-03
  1.9752E-02
  1.8536E-03
 -1.7628E-03
 -2.8854E-03
 -7.9870E-05
 -2.0108E-03
 -1.8610E-03
 -3.9954E-04
 -1.6922E-04
  1.6868E-03
 -3.6135E-04
 -1.1216E-03
 -1.1788E-03
 -1.8251E-04
 -9.1269E-04
 -1.1506E-03
  2.7043E-04
 -2.1159E-04
 -4.1380E-04
 -1.6331E-04
 -3.5448E-04
 -4.5930E-04
 -3.8785E-05
 -2.4562E-04
 -3.6578E-04
  1.7523E-04
 -5.0060E-05
 -1.8833E-04
 -3.7302E-05
 -1.0240E-04
 -1.7036E-04
  2.5573E-05
 -4.3175E-05
 -1.0767E-04
  1.0044E-04
  2.0261E-05
 -4.8533E-05
 -3.8378E-06
 -2.7004E-05
 -5.6581E-05
  1.9932E-05
 -3.3770E-06
 -2.9014E-05
  4.5815E-05
  1.7917E-05
 -8.2237E-06
  3.2495E-06
 -2.0490E-06
 -1.0253E-05
  8.8796E-06
  3.7054E-06
 -2.5580E-06
  1.5389E-05
  8.3700E-06
  2.0799E-06
