Scalar STRAINXX under NLStatic for nodeset
189
   0.0000E+00
  0.0000E+00
  0.0000E+00
  0.0000E+00
  0.0000E+00
  0.0000E+00
  0.0000E+00
  0.0000E+00
  0.0000E+00
  0.0000E+00
 -1.0769E-01
 -1.0576E-01
 -1.0769E-01
 -1.0769E-01
 -1.0576E-01
 -1.0769E-01
 -1.0769E-01
 -1.0576E-01
 -1.0769E-01
 -1.1094E-01
 -1.1286E-01
 -1.1094E-01
 -1.1094E-01
 -1.1286E-01
 -1.1094E-01
 -1.1094E-01
 -1.1286E-01
 -1.1094E-01
 -1.1115E-01
 -1.1124E-01
 -1.1115E-01
 -1.1115E-01
 -1.1124E-01
 -1.1115E-01
 -1.1115E-01
 -1.1124E-01
 -1.1115E-01
 -1.1098E-01
 -1.1097E-01
 -1.1097E-01
 -1.1098E-01
 -1.1097E-01
 -1.1098E-01
 -1.1098E-01
 -1.1097E-01
 -1.1098E-01
 -1.1095E-01
 -1.1095E-01
 -1.1095E-01
 -1.1096E-01
 -1.1095E-01
 -1.1095E-01
 -1.1096E-01
 -1.1095E-01
 -1.1095E-01
 -1.1096E-01
 -1.1095E-01
 -1.1094E-01
 -1.1096E-01
 -1.1095E-01
 -1.1094E-01
 -1.1096E-01
 -1.1095E-01
 -1.1095E-01
 -1.1096E-01
 -1.1095E-01
 -1.1093E-01
 -1.1097E-01
 -1.1095E-01
 -1.1094E-01
 -1.1097E-01
 -1.1096E-01
 -1.1094E-01
 -1.1097E-01
 -1.1094E-01
 -1.1091E-01
 -1.1098E-01
 -1.1095E-01
 -1.1092E-01
 -1.1100E-01
 -1.1096E-01
 -1.1093E-01
 -1.1099E-01
 -1.1093E-01
 -1.1086E-01
 -1.1102E-01
 -1.1095E-01
 -1.1089E-01
 -1.1104E-01
 -1.1098E-01
 -1.1091E-01
 -1.1102E-01
 -1.1090E-01
 -1.1077E-01
 -1.1108E-01
 -1.1095E-01
 -1.1082E-01
 -1.1113E-01
 -1.1101E-01
 -1.1088E-01
 -1.1105E-01
 -1.1082E-01
 -1.1056E-01
 -1.1116E-01
 -1.1093E-01
 -1.1068E-01
 -1.1127E-01
 -1.1105E-01
 -1.1081E-01
 -1.1084E-01
 -1.1015E-01
 -1.1021E-01
 -1.1086E-01
 -1.1058E-01
 -1.1052E-01
 -1.1088E-01
 -1.1100E-01
 -1.1082E-01
 -1.0672E-01
 -1.0788E-01
 -1.1089E-01
 -1.0787E-01
 -1.0844E-01
 -1.1270E-01
 -1.0903E-01
 -1.0901E-01
 -1.1450E-01
 -9.6183E-02
 -1.0663E-01
 -1.2607E-01
 -9.7630E-02
 -1.1017E-01
 -1.3452E-01
 -9.9077E-02
 -1.1371E-01
 -1.4296E-01
 -9.9881E-02
 -1.6434E-01
 -2.0865E-01
 -1.3361E-01
 -1.6320E-01
 -2.1450E-01
 -1.6734E-01
 -1.6206E-01
 -2.2036E-01
 -8.7455E-02
 -1.2733E-01
 -2.4332E-01
 -7.1448E-02
 -1.8019E-01
 -1.2919E-01
 -5.5442E-02
 -2.3305E-01
 -1.5055E-02
 -1.4818E-01
 -6.9723E-02
 -1.6315E-01
 -9.6406E-02
 -1.2696E-01
 -9.8231E-02
 -4.4629E-02
 -1.8419E-01
 -3.3315E-02
 -1.2862E-01
 -9.3707E-02
 -1.2830E-01
 -1.0995E-01
 -1.1285E-01
 -1.0841E-01
 -9.1274E-02
 -1.3200E-01
 -8.8513E-02
 -1.1655E-01
 -1.0560E-01
 -1.1610E-01
 -1.1100E-01
 -1.1108E-01
 -1.1053E-01
 -1.0546E-01
 -1.1655E-01
 -1.0495E-01
 -1.1414E-01
 -1.0812E-01
 -1.1403E-01
 -1.1105E-01
 -1.1097E-01
 -1.1077E-01
 -1.0796E-01
 -1.1381E-01
 -1.0751E-01
