Scalar STRAINXY under NLStatic for nodeset
189
   0.0000E+00
  0.0000E+00
  0.0000E+00
  0.0000E+00
  0.0000E+00
  0.0000E+00
  0.0000E+00
  0.0000E+00
  0.0000E+00
  0.0000E+00
  3.6317E-03
 -2.6970E-11
 -3.6317E-03
  2.6211E-11
 -1.8915E-12
  2.4606E-11
 -3.6317E-03
 -2.8581E-11
  3.6317E-03
 -3.8588E-03
 -4.7535E-12
  3.8588E-03
  1.5545E-11
  6.1993E-12
  1.0607E-11
  3.8588E-03
 -9.6880E-12
 -3.8588E-03
 -1.7519E-04
 -2.2638E-11
  1.7519E-04
  1.4590E-11
 -1.6012E-12
  2.5023E-11
  1.7519E-04
 -1.2204E-11
 -1.7519E-04
  1.8603E-05
 -5.2465E-12
 -1.8603E-05
  2.8793E-11
 -2.7622E-12
  9.2814E-12
 -1.8603E-05
 -2.4752E-11
  1.8603E-05
  4.2684E-06
 -5.7066E-12
 -4.2684E-06
  2.4419E-11
  1.0562E-11
  2.0396E-11
 -4.2684E-06
 -9.7366E-12
  4.2684E-06
  6.8373E-07
 -2.2689E-11
 -6.8375E-07
  4.6020E-12
 -1.1136E-11
  1.0277E-11
 -6.8375E-07
 -1.7023E-11
  6.8376E-07
  1.6348E-08
 -1.8524E-11
 -1.6356E-08
  1.0307E-11
 -3.0608E-12
  1.1936E-11
 -1.6356E-08
 -1.6893E-11
  1.6351E-08
 -9.3754E-09
 -2.7308E-11
  9.3945E-09
  6.9382E-12
 -1.9639E-12
  1.8568E-11
  9.3946E-09
 -1.5665E-11
 -9.4407E-09
 -1.5823E-09
 -3.8392E-11
  1.5902E-09
  1.2355E-12
  8.6085E-12
  3.9715E-11
  1.5902E-09
  9.5303E-14
 -1.6273E-09
 -1.1562E-10
 -1.3002E-11
  1.0280E-10
  2.6555E-11
 -2.3870E-12
  3.7108E-12
  1.0282E-10
 -3.5840E-11
 -1.1760E-10
 -1.0111E-11
  1.2345E-11
 -1.0553E-11
  4.2435E-11
 -1.5861E-11
 -3.4336E-11
 -1.0570E-11
 -6.4423E-11
  6.7204E-12
 -3.9170E-12
 -1.3194E-11
 -1.8200E-11
 -1.7407E-12
  3.7522E-12
  1.7339E-11
 -1.8210E-11
  5.8699E-12
  4.1866E-11
  2.8752E-11
 -3.7590E-11
 -1.8452E-11
 -4.8603E-11
  1.4076E-11
  5.5011E-11
 -1.8437E-11
  6.5996E-11
  2.1459E-11
  2.3237E-11
  4.2290E-11
  5.2490E-11
  1.3890E-11
  1.1746E-11
 -8.7466E-12
  5.2476E-11
  1.9663E-11
 -4.0996E-11
 -1.3825E-11
  2.5831E-11
  2.3091E-11
 -5.8994E-12
  1.2062E-11
 -4.0497E-13
  2.3057E-11
  3.1343E-11
  2.1170E-11
 -1.9355E-11
  1.2751E-11
  3.9595E-13
 -2.9920E-12
  1.3961E-11
  1.3036E-12
  3.7606E-13
  1.7014E-11
  1.8894E-11
  5.3840E-11
  3.2258E-12
  5.5151E-11
  2.0802E-11
 -1.2751E-11
  5.7622E-12
  5.5097E-11
 -1.1930E-11
 -7.7367E-11
 -9.9633E-11
 -3.1280E-11
 -3.0052E-11
  3.2752E-11
  2.0892E-12
 -3.6296E-14
 -3.0034E-11
 -6.4432E-11
  2.5369E-11
 -1.0910E-10
 -1.2560E-10
 -5.0037E-11
 -4.7944E-11
 -6.8356E-11
  1.3676E-11
 -5.1264E-11
 -6.5501E-11
  3.3087E-11
 -4.8973E-09
 -1.1213E-09
  2.3161E-10
 -8.1884E-10
 -1.7187E-11
  1.3900E-11
  2.2544E-10
 -2.9437E-10
  6.7899E-11
