Scalar STRAINXZ under NLStatic for nodeset
189
   0.0000E+00
  1.1433E-01
  1.1216E-01
  1.1433E-01
  9.2385E-10
  2.8424E-11
 -8.7476E-10
 -1.1433E-01
 -1.1216E-01
 -1.1433E-01
  3.3226E-02
  3.4019E-02
  3.3226E-02
  9.2266E-10
  1.2695E-11
 -9.0433E-10
 -3.3226E-02
 -3.4019E-02
 -3.3226E-02
 -1.4686E-03
 -9.2001E-04
 -1.4686E-03
  9.3399E-10
  2.9967E-12
 -9.2493E-10
  1.4686E-03
  9.2001E-04
  1.4686E-03
 -3.8686E-04
 -8.7352E-04
 -3.8686E-04
  9.3516E-10
  5.3269E-12
 -9.2898E-10
  3.8686E-04
  8.7352E-04
  3.8686E-04
 -8.1423E-05
 -1.0287E-04
 -8.1425E-05
  9.3856E-10
 -2.8820E-12
 -9.3970E-10
  8.1425E-05
  1.0287E-04
  8.1423E-05
 -4.3298E-06
 -2.0308E-06
 -4.3317E-06
  9.2216E-10
  1.8781E-12
 -9.2073E-10
  4.3316E-06
  2.0308E-06
  4.3298E-06
  8.1398E-07
  1.3419E-06
  8.1218E-07
  8.9710E-10
 -4.3877E-13
 -8.9694E-10
 -8.1220E-07
 -1.3419E-06
 -8.1396E-07
  1.7816E-07
  2.6313E-07
  1.7637E-07
  8.9011E-10
 -2.5642E-13
 -8.8906E-10
 -1.7639E-07
 -2.6313E-07
 -1.7815E-07
  1.7251E-08
  1.8456E-08
  1.5446E-08
  8.9150E-10
  2.1144E-12
 -8.8772E-10
 -1.5458E-08
 -1.8450E-08
 -1.7229E-08
  4.2664E-10
 -1.5895E-09
 -1.3458E-09
  8.7480E-10
  2.0639E-13
 -8.7136E-10
  1.3282E-09
  1.5891E-09
 -4.0116E-10
  4.5170E-10
 -5.8057E-10
 -1.2361E-09
  8.3685E-10
  1.3392E-12
 -8.3261E-10
  1.2191E-09
  5.8202E-10
 -4.2855E-10
  7.3578E-10
 -9.2706E-11
 -8.5079E-10
  7.8765E-10
  3.9435E-12
 -7.8078E-10
  8.3855E-10
  1.0244E-10
 -7.1016E-10
  7.2080E-10
 -4.3724E-11
 -7.4695E-10
  7.2965E-10
 -1.5360E-12
 -7.2515E-10
  7.3764E-10
  3.7119E-11
 -7.0235E-10
  6.5235E-10
 -2.0782E-11
 -6.8781E-10
  6.7302E-10
  6.5983E-12
 -6.6327E-10
  6.8826E-10
  3.3467E-11
 -6.3324E-10
  5.8853E-10
 -2.0395E-11
 -6.2476E-10
  6.0708E-10
 -1.9042E-12
 -6.0267E-10
  6.2403E-10
  1.9231E-11
 -5.7859E-10
  5.2501E-10
 -2.2671E-11
 -5.4127E-10
  5.3017E-10
  3.2512E-12
 -5.2209E-10
  5.4122E-10
  2.3749E-11
 -5.0925E-10
  4.2075E-10
 -1.6237E-11
 -4.3957E-10
  4.3067E-10
  9.7427E-13
 -4.2565E-10
  4.4121E-10
  1.9374E-11
 -4.0916E-10
  2.9844E-10
 -1.1621E-11
 -3.3851E-10
  3.2030E-10
 -2.0191E-12
 -3.2091E-10
  3.3574E-10
  1.0120E-11
 -2.9465E-10
  2.0343E-10
 -1.0820E-11
 -2.3183E-10
  2.0824E-10
 -1.0392E-12
 -2.1359E-10
  2.2548E-10
  6.4143E-12
 -2.0579E-10
  9.4578E-11
 -1.2219E-11
 -1.1791E-10
  9.8457E-11
 -1.3792E-11
 -1.1928E-10
  9.0766E-11
 -1.1185E-11
 -9.2370E-11
  4.1928E-11
 -9.2718E-12
 -7.5596E-11
  4.6882E-11
 -1.8141E-11
 -7.7212E-11
 -2.6728E-12
 -1.9569E-11
  3.1453E-12
