Scalar STRAINXX under NLStatic for nodeset
189
   0.0000E+00
  0.0000E+00
  0.0000E+00
  0.0000E+00
  0.0000E+00
  0.0000E+00
  0.0000E+00
  0.0000E+00
  0.0000E+00
  0.0000E+00
 -1.1420E-01
 -8.7689E-02
 -9.6764E-02
 -1.1412E-01
 -8.7741E-02
 -9.7028E-02
 -1.1404E-01
 -8.7793E-02
 -9.7292E-02
 -1.1900E-01
 -5.9530E-02
 -3.0745E-02
 -1.1906E-01
 -5.9539E-02
 -3.0896E-02
 -1.1913E-01
 -5.9548E-02
 -3.1047E-02
 -1.2921E-01
 -7.9580E-02
 -2.1580E-02
 -1.2914E-01
 -7.9314E-02
 -2.2228E-02
 -1.2906E-01
 -7.9047E-02
 -2.2877E-02
 -1.1082E-01
 -1.0715E-01
 -1.0095E-01
 -1.1064E-01
 -1.0705E-01
 -1.0140E-01
 -1.1045E-01
 -1.0695E-01
 -1.0185E-01
 -1.0447E-01
 -1.1114E-01
 -1.1799E-01
 -1.0448E-01
 -1.1115E-01
 -1.1799E-01
 -1.0449E-01
 -1.1116E-01
 -1.1800E-01
 -1.1032E-01
 -1.0674E-01
 -1.0194E-01
 -1.1053E-01
 -1.0686E-01
 -1.0150E-01
 -1.1074E-01
 -1.0698E-01
 -1.0107E-01
 -1.2859E-01
 -7.8179E-02
 -2.3300E-02
 -1.2870E-01
 -7.8487E-02
 -2.2705E-02
 -1.2880E-01
 -7.8794E-02
 -2.2109E-02
 -1.1797E-01
 -5.7541E-02
 -3.0678E-02
 -1.1796E-01
 -5.7581E-02
 -3.0559E-02
 -1.1794E-01
 -5.7622E-02
 -3.0440E-02
 -1.1658E-01
 -9.1566E-02
 -9.9212E-02
 -1.1680E-01
 -9.1633E-02
 -9.9012E-02
 -1.1702E-01
 -9.1700E-02
 -9.8813E-02
 -1.1495E-01
 -1.0699E-01
 -1.1164E-01
 -1.1548E-01
 -1.0733E-01
 -1.1153E-01
 -1.1601E-01
 -1.0767E-01
 -1.1141E-01
 -1.1103E-01
 -1.0847E-01
 -1.1002E-01
 -1.1270E-01
 -1.0936E-01
 -1.0967E-01
 -1.1438E-01
 -1.1024E-01
 -1.0933E-01
 -1.1847E-01
 -1.0333E-01
 -9.8973E-02
 -1.2450E-01
 -1.0640E-01
 -1.0146E-01
 -1.3053E-01
 -1.0947E-01
 -1.0395E-01
 -1.7605E-01
 -1.3404E-01
 -7.7439E-02
 -1.9066E-01
 -1.3996E-01
 -8.4460E-02
 -2.0526E-01
 -1.4588E-01
 -9.1481E-02
 -2.5451E-01
 -2.0054E-01
 -9.7302E-02
 -1.5174E-01
 -2.1329E-01
 -1.2053E-01
 -4.8960E-02
 -2.2603E-01
 -1.4375E-01
 -1.8222E-01
 -7.7364E-02
 -1.1115E-01
 -9.6635E-02
 -1.4372E-01
 -9.8441E-02
 -1.1048E-02
 -2.1007E-01
 -8.5734E-02
 -1.3913E-01
 -8.2412E-02
 -1.2673E-01
 -1.0512E-01
 -1.2007E-01
 -7.6520E-02
 -7.1121E-02
 -1.5773E-01
 -2.6308E-02
 -1.1864E-01
 -1.0191E-01
 -1.2035E-01
 -1.0973E-01
 -1.1090E-01
 -1.1215E-01
 -1.0083E-01
 -1.1989E-01
 -1.0395E-01
 -1.1266E-01
 -1.0871E-01
 -1.1305E-01
 -1.1047E-01
 -1.1086E-01
 -1.1087E-01
 -1.0829E-01
 -1.1300E-01
 -1.0869E-01
 -1.1113E-01
 -1.1037E-01
 -1.1134E-01
 -1.1070E-01
 -1.1078E-01
 -1.1090E-01
 -1.1026E-01
 -1.1119E-01
 -1.1046E-01
 -1.1099E-01
 -1.1071E-01
 -1.1108E-01
 -1.1073E-01
 -1.1079E-01
 -1.1084E-01
 -1.1047E-01
 -1.1087E-01
 -1.1059E-01
