Scalar STRAINXY under NLStatic for nodeset
189
   0.0000E+00
  0.0000E+00
  0.0000E+00
  0.0000E+00
  0.0000E+00
  0.0000E+00
  0.0000E+00
  0.0000E+00
  0.0000E+00
  0.0000E+00
  3.2666E-03
 -4.5170E-04
 -4.2777E-03
  1.6382E-05
  3.0412E-06
 -1.1955E-05
 -3.2324E-03
  4.5544E-04
  4.2477E-03
 -2.1048E-03
 -2.5522E-04
  4.6656E-04
  3.6809E-05
  4.3600E-06
 -4.1097E-05
  2.1633E-03
  2.5631E-04
 -5.4861E-04
  7.4490E-03
 -2.1000E-03
 -1.2169E-02
  7.4166E-05
 -3.8128E-05
 -1.2419E-04
 -7.3515E-03
  2.0071E-03
  1.1938E-02
 -2.3689E-02
 -2.7120E-02
 -3.8521E-02
 -4.5698E-04
 -1.5275E-04
 -2.0067E-04
  2.2772E-02
  2.6931E-02
  3.8289E-02
 -3.8049E-02
 -5.1011E-02
 -3.0184E-02
  3.6402E-04
 -2.4203E-04
 -9.7760E-05
  3.8225E-02
  5.0458E-02
  2.9939E-02
 -4.4824E-03
 -6.5197E-03
 -6.7620E-04
  5.8310E-04
 -9.2884E-05
 -3.1785E-04
  5.3626E-03
  6.1262E-03
 -1.2796E-04
  6.2487E-03
  3.5139E-03
 -1.5819E-03
 -1.4545E-04
 -5.3397E-05
  1.5289E-04
 -4.8717E-03
 -3.6356E-03
  1.6900E-04
  1.8707E-02
  2.4099E-03
 -1.6268E-02
 -1.2004E-03
 -7.8358E-05
  1.2639E-03
 -1.5982E-02
 -2.6251E-03
  1.3516E-02
  4.2420E-02
  1.0282E-03
 -4.1873E-02
  6.4320E-02
  1.9753E-04
 -6.3677E-02
  1.0333E-01
 -1.7195E-03
 -1.0412E-01
  2.4421E-02
  2.2587E-04
 -2.3947E-02
  1.1760E-01
  2.7938E-05
 -1.1790E-01
  1.3951E-01
  4.8334E-04
 -1.3959E-01
  2.8569E-03
  2.3916E-05
 -2.7196E-03
  3.4421E-02
  1.0211E-05
 -3.4468E-02
  4.6342E-03
  3.3009E-05
 -4.7469E-03
  2.5387E-03
 -1.1045E-06
 -2.5014E-03
  1.8526E-02
  2.3006E-06
 -1.8526E-02
  2.6291E-03
  6.4471E-06
 -2.6567E-03
 -8.7544E-04
  3.9102E-06
  8.9660E-04
  3.3849E-02
  1.2218E-06
 -3.3848E-02
  6.2071E-03
  6.9127E-07
 -6.2177E-03
  6.5210E-02
  6.0022E-06
 -6.5192E-02
  5.8833E-02
  2.0071E-06
 -5.8832E-02
 -3.2372E-02
  1.1922E-06
  3.2371E-02
  8.3892E-02
  2.7437E-07
 -8.3894E-02
  2.1821E-02
  1.0600E-06
 -2.1819E-02
 -1.9399E-02
  3.6910E-07
  1.9400E-02
  4.8186E-03
  1.2067E-06
 -4.8168E-03
 -3.5894E-03
  1.3156E-07
  3.5894E-03
 -6.6764E-03
 -4.1251E-07
  6.6757E-03
  2.1136E-03
  3.9646E-07
 -2.1132E-03
 -2.2550E-03
  3.9845E-08
  2.2550E-03
 -4.8431E-03
 -2.7963E-07
  4.8428E-03
 -1.0265E-04
  1.2571E-07
  1.0280E-04
 -5.3081E-04
 -3.0829E-09
  5.3080E-04
 -9.7410E-04
 -1.0303E-07
  9.7398E-04
 -1.5664E-04
  3.5939E-08
  1.5668E-04
 -1.7199E-04
 -3.9711E-09
  1.7198E-04
 -1.8571E-04
 -3.9394E-08
  1.8566E-04
 -6.6711E-05
  1.5453E-08
  6.6720E-05
 -5.9013E-05
 -4.5783E-09
  5.9004E-05
 -5.5865E-05
 -2.3124E-08
  5.5840E-05
