Vector MODE under Modal for nodeset
189
   1.3441E-01
  0.0000E+00  0.0000E+00  0.0000E+00
  0.0000E+00  0.0000E+00  0.0000E+00
  0.0000E+00  0.0000E+00  0.0000E+00
  0.0000E+00  0.0000E+00  0.0000E+00
  0.0000E+00  0.0000E+00  0.0000E+00
  0.0000E+00  0.0000E+00  0.0000E+00
  0.0000E+00  0.0000E+00  0.0000E+00
  0.0000E+00  0.0000E+00  0.0000E+00
  0.0000E+00  0.0000E+00  0.0000E+00
 -5.3889E-03 -7.5608E-04  9.3262E-04
 -4.9788E-03 -8.1320E-15  9.4238E-04
 -5.3889E-03  7.5608E-04  9.3262E-04
 -5.7153E-03 -4.0063E-15 -1.8669E-15
 -5.3368E-03 -4.5471E-15 -7.3486E-16
 -5.7153E-03 -4.3828E-15  6.3406E-16
 -5.3889E-03  7.5608E-04 -9.3262E-04
 -4.9788E-03 -1.7288E-15 -9.4238E-04
 -5.3889E-03 -7.5608E-04 -9.3262E-04
 -2.0526E-03 -1.6033E-04  3.1272E-03
 -2.0236E-03 -6.1711E-15  3.4067E-03
 -2.0526E-03  1.6033E-04  3.1272E-03
 -2.1911E-03 -2.7607E-15 -4.8125E-15
 -2.1862E-03 -2.9873E-15 -1.5831E-15
 -2.1911E-03 -2.5868E-15  2.1260E-15
 -2.0526E-03  1.6033E-04 -3.1272E-03
 -2.0236E-03  1.5713E-16 -3.4067E-03
 -2.0526E-03 -1.6033E-04 -3.1272E-03
  4.4299E-03  1.2252E-03  1.6685E-03
  3.7212E-03  2.4160E-15  1.8017E-03
  4.4299E-03 -1.2252E-03  1.6685E-03
  4.9063E-03  7.9993E-16 -3.7273E-15
  4.2673E-03  1.8918E-15 -1.3117E-15
  4.9063E-03  1.9586E-15  1.3630E-15
  4.4299E-03 -1.2252E-03 -1.6685E-03
  3.7212E-03  1.9444E-15 -1.8017E-03
  4.4299E-03  1.2252E-03 -1.6685E-03
  2.9580E-03  8.0028E-04 -1.6348E-03
  2.4973E-03  5.1597E-15 -1.9239E-03
  2.9580E-03 -8.0028E-04 -1.6348E-03
  3.2696E-03  8.5231E-17  8.7762E-17
  2.8558E-03  1.3476E-15  9.2022E-17
  3.2696E-03  2.3350E-15 -2.1131E-16
  2.9580E-03 -8.0028E-04  1.6348E-03
  2.4973E-03 -7.1506E-16  1.9239E-03
  2.9580E-03  8.0028E-04  1.6348E-03
 -3.8065E-03 -8.3044E-04 -1.4478E-03
 -3.3685E-03 -1.3384E-15 -1.6855E-03
 -3.8065E-03  8.3044E-04 -1.4478E-03
 -4.1625E-03 -4.3023E-15  1.8258E-15
 -3.7865E-03 -3.2224E-15  2.4075E-15
 -4.1625E-03 -2.2347E-15  2.2193E-15
 -3.8065E-03  8.3044E-04  1.4478E-03
 -3.3685E-03 -5.2006E-15  1.6855E-03
 -3.8065E-03 -8.3044E-04  1.4478E-03
 -3.9540E-03 -8.9177E-04  1.6343E-03
 -3.4764E-03 -3.6399E-15  1.8457E-03
 -3.9540E-03  8.9177E-04  1.6343E-03
 -4.3305E-03 -1.8955E-15  4.3593E-16
 -3.9170E-03 -2.0256E-15  3.7353E-15
 -4.3305E-03 -1.2317E-15  5.7539E-15
 -3.9540E-03  8.9177E-04 -1.6343E-03
 -3.4764E-03 -1.5957E-15 -1.8457E-03
 -3.9540E-03 -8.9177E-04 -1.6343E-03
  2.7995E-03  6.7446E-04  2.0561E-03
  2.4279E-03  3.9771E-15  2.3349E-03
  2.7995E-03 -6.7446E-04  2.0561E-03
  3.0758E-03  5.5721E-15 -1.6116E-15
  2.7492E-03  5.3339E-15  2.3470E-15
  3.0758E-03  4.7042E-15  5.1309E-15
  2.7995E-03 -6.7446E-04 -2.0561E-03
  2.4279E-03  7.6534E-15 -2.3349E-03
  2.7995E-03  6.7446E-04 -2.0561E-03
  4.6262E-03  1.0928E-03 -1.0060E-03
  4.0290E-03  1.0731E-14 -1.1552E-03
  4.6262E-03 -1.0928E-03 -1.0060E-03
  5.0779E-03  9.8754E-15 -1.1651E-15
  4.5553E-03  9.5577E-15 -9.6392E-16
  5.0779E-03  7.7922E-15 -9.4819E-16
  4.6262E-03 -1.0928E-03  1.0060E-03
  4.0290E-03  9.2569E-15  1.1552E-03
  4.6262E-03  1.0928E-03  1.0060E-03
 -1.6682E-03 -3.8800E-04 -2.2265E-03
 -1.4575E-03  8.5230E-15 -2.5463E-03
 -1.6682E-03  3.8800E-04 -2.2265E-03
 -1.8296E-03  6.0341E-15  2.7256E-16
 -1.6460E-03  6.2777E-15 -3.8969E-15
 -1.8296E-03  4.4073E-15 -7.1789E-15
 -1.6682E-03  3.8800E-04  2.2265E-03
 -1.4575E-03  2.9392E-15  2.5463E-03
 -1.6682E-03 -3.8800E-04  2.2265E-03
 -5.0399E-03 -1.1834E-03  5.1585E-04
 -4.3948E-03  2.2764E-15  5.8314E-04
 -5.0399E-03  1.1834E-03  5.1585E-04
 -5.5303E-03  1.9999E-15  3.4377E-15
 -4.9666E-03  7.0792E-16 -4.3740E-15
 -5.5303E-03  2.8176E-15 -1.0378E-14
 -5.0399E-03  1.1834E-03 -5.1585E-04
 -4.3948E-03 -2.0344E-15 -5.8314E-04
 -5.0399E-03 -1.1834E-03 -5.1585E-04
  4.2883E-04  9.1012E-05  2.4125E-03
  3.8148E-04 -4.2760E-15  2.7456E-03
  4.2883E-04 -9.1012E-05  2.4125E-03
  4.6837E-04 -5.5545E-15  2.3520E-15
  4.2802E-04 -4.2069E-15 -1.6167E-15
  4.6837E-04 -2.1569E-15 -4.6475E-15
  4.2883E-04 -9.1012E-05 -2.4125E-03
  3.8148E-04 -4.5587E-15 -2.7456E-03
  4.2883E-04  9.1012E-05 -2.4125E-03
  5.1545E-03  1.1883E-03  1.5697E-04
  4.5119E-03 -4.7193E-15  1.6755E-04
  5.1545E-03 -1.1883E-03  1.5697E-04
  5.6511E-03 -2.7607E-15  1.7618E-15
  5.0919E-03 -1.8630E-15  2.6908E-15
  5.6511E-03  2.5766E-16  3.0455E-15
  5.1545E-03 -1.1883E-03 -1.5697E-04
  4.5119E-03  3.1177E-16 -1.6755E-04
  5.1545E-03  1.1883E-03 -1.5697E-04
  8.5944E-04  1.6639E-04 -2.2505E-03
  7.7700E-04  3.4771E-15 -2.5877E-03
  8.5944E-04 -1.6639E-04 -2.2505E-03
  9.3507E-04  5.6159E-15  3.5270E-15
  8.6681E-04  6.1142E-15  5.5266E-15
  9.3507E-04  5.7654E-15  5.5446E-15
  8.5944E-04 -1.6639E-04  2.2505E-03
  7.7700E-04  8.9094E-15  2.5877E-03
  8.5944E-04  1.6639E-04  2.2505E-03
 -4.9098E-03 -1.2121E-03 -5.0302E-04
 -4.2351E-03  4.7600E-15 -6.0798E-04
 -4.9098E-03  1.2121E-03 -5.0302E-04
 -5.4009E-03  7.4671E-15  5.4739E-15
 -4.8050E-03  6.2342E-15  4.3730E-15
 -5.4009E-03  4.3615E-15  1.5958E-15
 -4.9098E-03  1.2121E-03  5.0302E-04
 -4.2351E-03  6.6424E-15  6.0798E-04
 -4.9098E-03 -1.2121E-03  5.0302E-04
 -2.0108E-03 -5.8071E-04  2.4884E-03
 -1.6688E-03 -2.4922E-15  2.7802E-03
 -2.0108E-03  5.8071E-04  2.4884E-03
 -2.2309E-03 -5.5767E-16  3.1132E-15
 -1.9205E-03 -2.6284E-15 -1.8720E-16
 -2.2309E-03 -5.0590E-15 -2.9237E-15
 -2.0108E-03  5.8071E-04 -2.4884E-03
 -1.6688E-03 -3.3239E-15 -2.7802E-03
 -2.0108E-03 -5.8071E-04 -2.4884E-03
  4.5177E-03  8.6481E-04  1.7499E-03
  4.0921E-03 -6.8761E-15  1.8924E-03
  4.5177E-03 -8.6481E-04  1.7499E-03
  4.9129E-03 -5.8291E-15 -5.9807E-15
  4.5620E-03 -7.7903E-15 -4.6214E-15
  4.9129E-03 -8.3996E-15 -1.7614E-15
  4.5177E-03 -8.6481E-04 -1.7499E-03
  4.0921E-03 -8.6438E-15 -1.8924E-03
  4.5177E-03  8.6481E-04 -1.7499E-03
  3.3042E-03  4.3342E-04 -9.4515E-04
  3.1495E-03 -2.7723E-15 -1.2626E-03
  3.3042E-03 -4.3342E-04 -9.4515E-04
  3.5504E-03 -4.8248E-15 -8.4075E-15
  3.4519E-03 -4.1125E-15 -5.6727E-15
  3.5504E-03 -3.7601E-15 -7.7945E-16
  3.3042E-03 -4.3342E-04  9.4515E-04
  3.1495E-03 -5.0708E-15  1.2626E-03
  3.3042E-03  4.3342E-04  9.4515E-04
 -3.3848E-03 -1.3980E-03 -2.0361E-05
 -2.4750E-03  2.5564E-15 -3.5876E-04
 -3.3848E-03  1.3980E-03 -2.0361E-05
 -3.8593E-03 -1.4740E-15 -2.5690E-15
 -2.9908E-03  8.4798E-16 -2.6746E-15
 -3.8593E-03  1.4623E-15 -1.8614E-15
 -3.3848E-03  1.3980E-03  2.0361E-05
 -2.4750E-03  5.1991E-16  3.5876E-04
 -3.3848E-03 -1.3980E-03  2.0361E-05
 -3.6512E-03 -1.9612E-03  4.4025E-03
 -2.2821E-03 -1.5915E-15  4.3932E-03
 -3.6512E-03  1.9612E-03  4.4025E-03
 -4.1788E-03 -4.1883E-15  6.2977E-15
 -2.8608E-03 -2.5716E-15  1.6626E-15
 -4.1788E-03 -1.8964E-15 -3.3063E-15
 -3.6512E-03  1.9612E-03 -4.4025E-03
 -2.2821E-03 -1.3892E-15 -4.3932E-03
 -3.6512E-03 -1.9612E-03 -4.4025E-03
  3.4772E-03 -1.5699E-03  7.2151E-03
  4.8045E-03 -9.8489E-15  7.3648E-03
  3.4772E-03  1.5699E-03  7.2151E-03
  3.2457E-03 -1.0588E-14  1.0766E-14
  4.5525E-03 -9.4650E-15  3.6737E-15
  3.2457E-03 -9.1698E-15 -4.0345E-15
  3.4772E-03  1.5699E-03 -7.2151E-03
  4.8045E-03 -8.4123E-15 -7.3648E-03
  3.4772E-03 -1.5699E-03 -7.2151E-03
   1.3741E-01
  0.0000E+00  0.0000E+00  0.0000E+00
  0.0000E+00  0.0000E+00  0.0000E+00
  0.0000E+00  0.0000E+00  0.0000E+00
  0.0000E+00  0.0000E+00  0.0000E+00
  0.0000E+00  0.0000E+00  0.0000E+00
  0.0000E+00  0.0000E+00  0.0000E+00
  0.0000E+00  0.0000E+00  0.0000E+00
  0.0000E+00  0.0000E+00  0.0000E+00
  0.0000E+00  0.0000E+00  0.0000E+00
  8.2040E-04  4.9081E-03  1.4833E-03
 -3.0817E-15  5.3478E-03 -1.5880E-15
 -8.2040E-04  4.9081E-03 -1.4833E-03
 -2.2223E-15  4.5785E-03  1.4801E-03
 -2.6116E-15  5.0567E-03 -1.1755E-15
 -2.3089E-15  4.5785E-03 -1.4801E-03
 -8.2040E-04  4.9081E-03  1.4833E-03
 -1.9854E-15  5.3478E-03 -8.6328E-16
  8.2040E-04  4.9081E-03 -1.4833E-03
  1.9032E-04  1.6726E-03  3.5860E-03
 -2.0523E-15  1.7868E-03 -1.7803E-15
 -1.9032E-04  1.6726E-03 -3.5860E-03
 -2.3403E-15  1.6076E-03  3.9189E-03
 -1.8789E-15  1.7509E-03 -2.0856E-15
 -3.6926E-16  1.6076E-03 -3.9189E-03
 -1.9032E-04  1.6726E-03  3.5860E-03
 -1.4459E-15  1.7868E-03 -2.1354E-15
  1.9032E-04  1.6726E-03 -3.5860E-03
 -1.0451E-03 -4.1758E-03  2.1949E-03
  1.1987E-15 -4.6815E-03 -2.1484E-15
  1.0451E-03 -4.1758E-03 -2.1949E-03
 -2.5066E-16 -3.7385E-03  2.3474E-03
  1.3748E-15 -4.3259E-03 -1.6095E-15
  4.1928E-15 -3.7385E-03 -2.3474E-03
  1.0451E-03 -4.1758E-03  2.1949E-03
  1.0357E-15 -4.6815E-03 -8.1439E-16
 -1.0451E-03 -4.1758E-03 -2.1949E-03
 -6.7374E-04 -2.6375E-03 -8.0001E-04
  1.7531E-15 -2.9621E-03 -2.4451E-15
  6.7374E-04 -2.6375E-03  8.0001E-04
  6.4824E-16 -2.3549E-03 -1.1152E-03
  1.5402E-15 -2.7315E-03 -1.0839E-16
  3.4647E-15 -2.3549E-03  1.1152E-03
  6.7374E-04 -2.6375E-03 -8.0001E-04
  1.1924E-15 -2.9621E-03  2.4638E-15
 -6.7374E-04 -2.6375E-03  8.0001E-04
  7.2018E-04  3.5898E-03 -6.4115E-04
 -1.0373E-15  3.9485E-03 -3.1998E-16
 -7.2018E-04  3.5898E-03  6.4115E-04
  7.3288E-16  3.2996E-03 -8.9977E-04
 -1.3834E-15  3.7268E-03  1.8156E-15
 -4.0792E-15  3.2996E-03  8.9977E-04
 -7.2018E-04  3.5898E-03 -6.4115E-04
 -1.5291E-15  3.9485E-03  2.6139E-15
  7.2018E-04  3.5898E-03  6.4115E-04
  7.7473E-04  3.7304E-03  2.1043E-03
 -1.0919E-16  4.1142E-03  2.9547E-15
 -7.7473E-04  3.7304E-03 -2.1043E-03
  3.6294E-15  3.4162E-03  2.3333E-03
 -5.7272E-17  3.8715E-03  2.4644E-15
 -5.3654E-15  3.4162E-03 -2.3333E-03
 -7.7473E-04  3.7304E-03  2.1043E-03
  5.5470E-16  4.1142E-03  1.3821E-15
  7.7473E-04  3.7304E-03 -2.1043E-03
 -5.6962E-04 -2.4936E-03  2.5047E-03
  3.9423E-15 -2.7720E-03  2.7262E-15
  5.6962E-04 -2.4936E-03 -2.5047E-03
  5.0437E-15 -2.2587E-03  2.8138E-03
  4.9449E-15 -2.5856E-03  1.6361E-15
  4.6976E-15 -2.2587E-03 -2.8138E-03
  5.6962E-04 -2.4936E-03  2.5047E-03
  5.4783E-15 -2.7720E-03  2.5710E-16
 -5.6962E-04 -2.4936E-03 -2.5047E-03
 -9.6512E-04 -4.3857E-03 -2.4930E-04
  4.5871E-15 -4.8598E-03 -7.8577E-16
  9.6512E-04 -4.3857E-03  2.4930E-04
  1.3131E-15 -3.9902E-03 -4.0441E-04
  5.6276E-15 -4.5492E-03 -2.0893E-16
  1.0358E-14 -3.9902E-03  4.0441E-04
  9.6512E-04 -4.3857E-03 -2.4930E-04
  6.2558E-15 -4.8598E-03  6.0454E-16
 -9.6512E-04 -4.3857E-03  2.4930E-04
  2.9846E-04  1.2861E-03 -1.4569E-03
  8.5439E-16  1.4317E-03 -2.9757E-15
 -2.9846E-04  1.2861E-03  1.4569E-03
 -1.6427E-15  1.1627E-03 -1.8200E-03
  1.7399E-15  1.3333E-03 -1.9427E-15
  3.3923E-15  1.1627E-03  1.8200E-03
 -2.9846E-04  1.2861E-03 -1.4569E-03
  1.9576E-15  1.4317E-03 -4.6991E-17
  2.9846E-04  1.2861E-03  1.4569E-03
  1.0714E-03  4.7166E-03  9.8726E-04
  1.2690E-15  5.2407E-03 -5.9379E-15
 -1.0714E-03  4.7166E-03 -9.8726E-04
  2.5763E-15  4.2753E-03  1.0307E-03
  5.0102E-17  4.8909E-03 -2.0241E-15
 -4.3026E-15  4.2753E-03 -1.0307E-03
 -1.0714E-03  4.7166E-03  9.8726E-04
  6.0250E-16  5.2407E-03 -6.5101E-16
  1.0714E-03  4.7166E-03 -9.8726E-04
  5.1196E-05 -3.7596E-05  2.9658E-03
 -1.0738E-15 -1.6551E-05 -2.5975E-15
 -5.1196E-05 -3.7596E-05 -2.9658E-03
  8.9946E-16 -6.2737E-05  3.3287E-03
 -1.4589E-15 -4.1683E-05 -1.7504E-15
 -3.5103E-15 -6.2737E-05 -3.3287E-03
 -5.1196E-05 -3.7596E-05  2.9658E-03
 -1.8120E-15 -1.6551E-05 -3.6062E-16
  5.1196E-05 -3.7596E-05 -2.9658E-03
 -9.7061E-04 -4.8160E-03  1.2415E-03
 -1.3319E-15 -5.2991E-03  3.1008E-16
  9.7061E-04 -4.8160E-03 -1.2415E-03
 -6.8765E-15 -4.4246E-03  1.2844E-03
 -2.2003E-15 -4.9996E-03 -2.4368E-16
  1.6944E-15 -4.4246E-03 -1.2844E-03
  9.7061E-04 -4.8160E-03  1.2415E-03
 -2.6713E-15 -5.2991E-03 -6.2227E-16
 -9.7061E-04 -4.8160E-03 -1.2415E-03
 -1.9424E-04 -1.4220E-03 -9.5209E-04
  1.1639E-15 -1.5256E-03  2.0671E-15
  1.9424E-04 -1.4220E-03  9.5209E-04
 -4.7245E-15 -1.3507E-03 -1.3197E-03
  7.7542E-16 -1.4804E-03  1.0107E-15
  6.0178E-15 -1.3507E-03  1.3197E-03
  1.9424E-04 -1.4220E-03 -9.5209E-04
  1.5533E-16 -1.5256E-03 -2.6080E-16
 -1.9424E-04 -1.4220E-03  9.5209E-04
  1.0885E-03  4.2468E-03  5.3227E-04
  3.3520E-15  4.7709E-03  4.8785E-16
 -1.0885E-03  4.2468E-03 -5.3227E-04
  3.0534E-15  3.7900E-03  3.6755E-04
  3.5203E-15  4.3981E-03  1.2106E-15
  4.2024E-15  3.7900E-03 -3.6755E-04
 -1.0885E-03  4.2468E-03  5.3227E-04
  3.0926E-15  4.7709E-03  1.5547E-15
  1.0885E-03  4.2468E-03 -5.3227E-04
  7.2385E-04  2.3607E-03  3.6302E-03
  6.9649E-16  2.7021E-03 -1.9920E-15
 -7.2385E-04  2.3607E-03 -3.6302E-03
  4.9231E-15  2.0498E-03  3.9271E-03
  1.4155E-15  2.4394E-03  4.0877E-16
 -1.9646E-15  2.0498E-03 -3.9271E-03
 -7.2385E-04  2.3607E-03  3.6302E-03
  1.1891E-15  2.7021E-03  2.1693E-15
  7.2385E-04  2.3607E-03 -3.6302E-03
 -5.8806E-04 -3.9030E-03  3.6549E-03
 -2.1579E-15 -4.2105E-03 -2.8143E-15
  5.8806E-04 -3.9030E-03 -3.6549E-03
 -2.5401E-16 -3.6809E-03  3.8703E-03
 -2.0046E-15 -4.0605E-03 -8.2165E-16
 -4.3511E-15 -3.6809E-03 -3.8703E-03
  5.8806E-04 -3.9030E-03  3.6549E-03
 -1.6515E-15 -4.2105E-03  1.4776E-15
 -5.8806E-04 -3.9030E-03 -3.6549E-03
 -4.9659E-04 -3.8399E-03  1.4153E-03
 -3.8779E-15 -4.1096E-03 -2.5811E-15
  4.9659E-04 -3.8399E-03 -1.4153E-03
 -6.4401E-15 -3.6612E-03  1.1396E-03
 -3.9725E-15 -3.9993E-03 -1.2701E-15
 -2.3002E-15 -3.6612E-03 -1.1396E-03
  4.9659E-04 -3.8399E-03  1.4153E-03
 -4.0600E-15 -4.1096E-03  4.1100E-16
 -4.9659E-04 -3.8399E-03 -1.4153E-03
  9.4667E-04  2.3129E-03  1.8840E-03
 -4.6076E-15  2.7705E-03 -2.2490E-15
 -9.4667E-04  2.3129E-03 -1.8840E-03
 -7.9728E-15  1.8969E-03  1.5317E-03
 -4.9004E-15  2.3908E-03 -8.5893E-16
 -2.1241E-15  1.8969E-03 -1.5317E-03
 -9.4667E-04  2.3129E-03  1.8840E-03
 -5.3881E-15  2.7705E-03  8.3135E-16
  9.4667E-04  2.3129E-03 -1.8840E-03
  1.4208E-03  3.8681E-03  5.7312E-03
 -6.7945E-15  4.4697E-03 -2.0669E-15
 -1.4208E-03  3.8681E-03 -5.7312E-03
 -6.8218E-15  3.2119E-03  5.7079E-03
 -7.0460E-15  3.8680E-03  8.0271E-17
 -7.5044E-15  3.2119E-03 -5.7079E-03
 -1.4208E-03  3.8681E-03  5.7312E-03
 -7.5238E-15  4.4697E-03  2.1217E-15
  1.4208E-03  3.8681E-03 -5.7312E-03
  1.0436E-03 -2.1211E-03  8.3688E-03
 -9.3891E-15 -1.7775E-03 -1.8822E-15
 -1.0436E-03 -2.1211E-03 -8.3688E-03
 -6.1593E-15 -2.7126E-03  8.5153E-03
 -9.7565E-15 -2.3454E-03  4.8642E-16
 -1.3507E-14 -2.7126E-03 -8.5153E-03
 -1.0436E-03 -2.1211E-03  8.3688E-03
 -1.0165E-14 -1.7775E-03  2.8415E-15
  1.0436E-03 -2.1211E-03 -8.3688E-03
   1.4313E-01
  0.0000E+00  0.0000E+00  0.0000E+00
  0.0000E+00  0.0000E+00  0.0000E+00
  0.0000E+00  0.0000E+00  0.0000E+00
  0.0000E+00  0.0000E+00  0.0000E+00
  0.0000E+00  0.0000E+00  0.0000E+00
  0.0000E+00  0.0000E+00  0.0000E+00
  0.0000E+00  0.0000E+00  0.0000E+00
  0.0000E+00  0.0000E+00  0.0000E+00
  0.0000E+00  0.0000E+00  0.0000E+00
  6.9187E-03  5.6364E-03 -1.5407E-04
 -5.1858E-15  5.5133E-03 -1.4475E-14
 -6.9187E-03  5.6364E-03  1.5407E-04
  7.0277E-03  2.2594E-15 -1.4765E-14
 -2.2959E-16 -3.3664E-15 -1.4881E-14
 -7.0277E-03 -8.4678E-15 -1.3314E-14
  6.9187E-03 -5.6364E-03  1.5407E-04
  4.8025E-15 -5.5133E-03 -1.4739E-14
 -6.9187E-03 -5.6364E-03 -1.5407E-04
  3.3133E-03  2.7392E-03 -1.0861E-03
  7.2667E-17  2.6463E-03 -2.1249E-14
 -3.3133E-03  2.7392E-03  1.0861E-03
  3.3990E-03 -1.7342E-15 -2.2312E-14
  2.0982E-16 -1.3172E-15 -2.3916E-14
 -3.3990E-03 -8.3444E-16 -1.8309E-14
  3.3133E-03 -2.7392E-03  1.0861E-03
  2.9256E-16 -2.6463E-03 -2.1762E-14
 -3.3133E-03 -2.7392E-03 -1.0861E-03
 -5.3723E-03 -4.2598E-03 -7.5165E-04
  5.6226E-15 -4.0572E-03 -1.3110E-14
  5.3723E-03 -4.2598E-03  7.5165E-04
 -5.5535E-03 -4.6946E-15 -1.2783E-14
  8.2750E-16  2.6424E-15 -1.4715E-14
  5.5535E-03  9.0972E-15 -1.1645E-14
 -5.3723E-03  4.2598E-03  7.5165E-04
 -4.0715E-15  4.0572E-03 -1.3081E-14
  5.3723E-03  4.2598E-03 -7.5165E-04
 -5.8840E-03 -4.6911E-03  6.5390E-04
  6.5643E-15 -4.4767E-03  4.5085E-15
  5.8840E-03 -4.6911E-03 -6.5390E-04
 -6.0757E-03 -7.2517E-15  6.6842E-15
  6.0715E-16  1.5223E-15  5.4798E-15
  6.0757E-03  9.7610E-15  2.2966E-15
 -5.8840E-03  4.6911E-03 -6.5390E-04
 -5.5232E-15  4.4767E-03  5.3414E-15
  5.8840E-03  4.6911E-03  6.5390E-04
  2.5851E-03  2.0631E-03  1.0590E-03
  2.6333E-15  1.9679E-03  1.9273E-14
 -2.5851E-03  2.0631E-03 -1.0590E-03
  2.6703E-03 -6.6530E-15  2.0404E-14
 -3.9552E-16 -2.7975E-15  2.1897E-14
 -2.6703E-03  1.3346E-15  1.5713E-14
  2.5851E-03 -2.0631E-03 -1.0590E-03
 -3.0102E-15 -1.9679E-03  2.0038E-14
 -2.5851E-03 -2.0631E-03  1.0590E-03
  7.1001E-03  5.6666E-03 -1.4688E-04
 -2.5443E-15  5.4068E-03  2.0877E-14
 -7.1001E-03  5.6666E-03  1.4688E-04
  7.3325E-03  1.1653E-15  1.8875E-14
 -5.7395E-17 -2.3916E-15  2.2616E-14
 -7.3325E-03 -5.2575E-15  1.8418E-14
  7.1001E-03 -5.6666E-03  1.4688E-04
  2.6294E-15 -5.4068E-03  1.9668E-14
 -7.1001E-03 -5.6666E-03 -1.4688E-04
  7.6316E-04  6.0885E-04 -1.1245E-03
 -4.1816E-15  5.8088E-04  7.0764E-15
 -7.6316E-04  6.0885E-04  1.1245E-03
  7.8818E-04  1.0760E-14  6.1137E-15
  2.1155E-15  3.0585E-15  7.0881E-15
 -7.8818E-04 -5.3673E-15  5.4507E-15
  7.6316E-04 -6.0885E-04  1.1245E-03
  8.2225E-15 -5.8088E-04  5.5686E-15
 -7.6316E-04 -6.0885E-04 -1.1245E-03
 -6.7400E-03 -5.3799E-03 -3.8234E-04
 -2.8215E-15 -5.1336E-03 -1.2607E-14
  6.7400E-03 -5.3799E-03  3.8234E-04
 -6.9603E-03  1.1373E-14 -7.9249E-15
  2.7715E-15  4.7849E-15 -1.3627E-14
  6.9603E-03 -2.8364E-15 -1.4758E-14
 -6.7400E-03  5.3799E-03  3.8234E-04
  8.0453E-15  5.1336E-03 -1.1891E-14
  6.7400E-03  5.3799E-03 -3.8234E-04
 -3.9416E-03 -3.1462E-03  9.4435E-04
 -1.3605E-16 -3.0022E-03 -2.3429E-14
  3.9416E-03 -3.1462E-03 -9.4435E-04
 -4.0705E-03  1.4153E-15 -1.4992E-14
  9.2284E-16  5.6165E-16 -2.4918E-14
  4.0705E-03 -8.3154E-16 -2.5917E-14
 -3.9416E-03  3.1462E-03 -9.4435E-04
  1.7743E-15  3.0022E-03 -2.1236E-14
  3.9416E-03  3.1462E-03  9.4435E-04
  4.8812E-03  3.8962E-03  8.2771E-04
  4.5463E-15  3.7178E-03 -1.8570E-14
 -4.8812E-03  3.8962E-03 -8.2771E-04
  5.0407E-03 -7.1057E-15 -1.0822E-14
 -4.1445E-17 -2.1770E-15 -1.8846E-14
 -5.0407E-03  4.3059E-15 -2.1222E-14
  4.8812E-03 -3.8962E-03 -8.2771E-04
 -4.1243E-15 -3.7178E-03 -1.6656E-14
 -4.8812E-03 -3.8962E-03  8.2771E-04
  6.2436E-03  4.9836E-03 -5.5395E-04
  6.2862E-15  4.7554E-03 -4.0440E-16
 -6.2436E-03  4.9836E-03  5.5395E-04
  6.4477E-03 -9.2389E-15  3.7746E-15
 -7.9396E-17 -6.2083E-16  6.9792E-17
 -6.4477E-03  8.1415E-15 -3.5821E-15
  6.2436E-03 -4.9836E-03  5.5395E-04
 -6.4264E-15 -4.7554E-03  6.2106E-16
 -6.2436E-03 -4.9836E-03 -5.5395E-04
 -1.9365E-03 -1.5461E-03 -1.0890E-03
  4.8005E-15 -1.4754E-03  1.7085E-14
  1.9365E-03 -1.5461E-03  1.0890E-03
 -1.9998E-03 -4.3553E-15  1.8908E-14
  6.3501E-16  1.1688E-15  1.9223E-14
  1.9998E-03  6.7505E-15  1.2798E-14
 -1.9365E-03  1.5461E-03  1.0890E-03
 -3.5499E-15  1.4754E-03  1.7568E-14
  1.9365E-03  1.5461E-03 -1.0890E-03
 -7.1565E-03 -5.7134E-03  3.9296E-05
 -4.4263E-17 -5.4522E-03  2.1745E-14
  7.1565E-03 -5.7134E-03 -3.9296E-05
 -7.3901E-03  2.8113E-15  2.3385E-14
  1.0217E-15  1.1410E-15  2.4731E-14
  7.3901E-03 -4.3827E-16  1.7392E-14
 -7.1565E-03  5.7134E-03 -3.9296E-05
  1.9195E-15  5.4522E-03  2.2755E-14
  7.1565E-03  5.7134E-03  3.9296E-05
 -1.4382E-03 -1.1494E-03  1.1028E-03
 -4.9245E-15 -1.0980E-03  1.0757E-14
  1.4382E-03 -1.1494E-03 -1.1028E-03
 -1.4842E-03  7.4585E-15  1.2526E-14
  4.6729E-16 -4.4549E-16  1.2760E-14
  1.4842E-03 -7.8352E-15  8.6013E-15
 -1.4382E-03  1.1494E-03 -1.1028E-03
  5.8507E-15  1.0980E-03  1.2209E-14
  1.4382E-03  1.1494E-03  1.1028E-03
  6.4758E-03  5.1724E-03  4.6839E-04
 -6.2241E-15  4.9339E-03 -7.7655E-15
 -6.4758E-03  5.1724E-03 -4.6839E-04
  6.6892E-03  7.7246E-15 -6.5997E-15
 -2.7410E-16 -8.4698E-16 -8.1917E-15
 -6.6892E-03 -8.6761E-15 -6.4961E-15
  6.4758E-03 -5.1724E-03 -4.6839E-04
  5.6390E-15 -4.9339E-03 -6.6852E-15
 -6.4758E-03 -5.1724E-03  4.6839E-04
  4.4776E-03  3.6049E-03 -8.9525E-04
 -2.4597E-15  3.4446E-03 -2.0904E-14
 -4.4776E-03  3.6049E-03  8.9525E-04
  4.6213E-03  4.2195E-15 -2.0066E-14
 -2.7038E-16  1.1325E-15 -2.3047E-14
 -4.6213E-03 -1.8689E-15 -1.7870E-14
  4.4776E-03 -3.6049E-03  8.9525E-04
  1.9289E-15 -3.4446E-03 -2.0514E-14
 -4.4776E-03 -3.6049E-03 -8.9525E-04
 -4.4129E-03 -3.4030E-03 -8.3202E-04
  3.0348E-15 -3.2087E-03 -1.9407E-14
  4.4129E-03 -3.4030E-03  8.3202E-04
 -4.5849E-03 -2.0345E-15 -1.8358E-14
 -6.8084E-17  2.2256E-15 -2.1429E-14
  4.5849E-03  6.2702E-15 -1.6919E-14
 -4.4129E-03  3.4030E-03  8.3202E-04
 -3.2505E-15  3.2087E-03 -1.9020E-14
  4.4129E-03  3.4030E-03 -8.3202E-04
 -6.6431E-03 -5.0387E-03  9.2785E-04
  6.0018E-15 -4.6576E-03 -4.4358E-15
  6.6431E-03 -5.0387E-03 -9.2785E-04
 -6.9805E-03 -7.8416E-15 -4.2046E-15
 -1.6412E-16  2.5190E-16 -4.6333E-15
  6.9805E-03  8.5838E-15 -2.9433E-15
 -6.6431E-03  5.0387E-03 -9.2785E-04
 -6.3558E-15  4.6576E-03 -3.8592E-15
  6.6431E-03  5.0387E-03  9.2785E-04
  1.3117E-03  1.2108E-03  2.7419E-03
  4.2119E-15  1.4482E-03  1.3384E-14
 -1.3117E-03  1.2108E-03 -2.7419E-03
  1.1047E-03 -7.2778E-15  1.1400E-14
 -3.8763E-16 -8.9865E-16  1.4680E-14
 -1.1047E-03  5.8854E-15  1.5261E-14
  1.3117E-03 -1.2108E-03 -2.7419E-03
 -4.9994E-15 -1.4482E-03  1.3979E-14
 -1.3117E-03 -1.2108E-03  2.7419E-03
  8.5063E-03  4.5314E-03  3.4605E-03
  1.5087E-15  4.6268E-03  2.2391E-14
 -8.5063E-03  4.5314E-03 -3.4605E-03
  8.4273E-03 -2.3297E-15  1.8931E-14
 -6.0180E-16  1.0446E-15  2.4007E-14
 -8.4273E-03  4.7101E-15  2.5029E-14
  8.5063E-03 -4.5314E-03 -3.4605E-03
 -2.7369E-15 -4.6268E-03  2.2913E-14
 -8.5063E-03 -4.5314E-03  3.4605E-03
   1.4357E-01
  0.0000E+00  0.0000E+00  0.0000E+00
  0.0000E+00  0.0000E+00  0.0000E+00
  0.0000E+00  0.0000E+00  0.0000E+00
  0.0000E+00  0.0000E+00  0.0000E+00
  0.0000E+00  0.0000E+00  0.0000E+00
  0.0000E+00  0.0000E+00  0.0000E+00
  0.0000E+00  0.0000E+00  0.0000E+00
  0.0000E+00  0.0000E+00  0.0000E+00
  0.0000E+00  0.0000E+00  0.0000E+00
  9.8605E-04 -1.2084E-03  3.0810E-03
  1.1029E-03  2.6236E-14  3.2668E-03
  9.8605E-04  1.2084E-03  3.0810E-03
  3.0363E-14 -1.2304E-03  3.1614E-03
 -1.0885E-15  1.4233E-15  3.3364E-03
 -3.2737E-14  1.2304E-03  3.1614E-03
 -9.8605E-04 -1.2084E-03  3.0810E-03
 -1.1029E-03 -2.3234E-14  3.2668E-03
 -9.8605E-04  1.2084E-03  3.0810E-03
 -6.1833E-05  7.4085E-05  4.0778E-03
  1.6234E-08  1.2657E-14  4.8321E-03
 -6.1833E-05 -7.4085E-05  4.0778E-03
  1.5906E-14  5.6670E-05  4.5668E-03
  5.1598E-16  7.3921E-16  5.3684E-03
 -1.4622E-14 -5.6670E-05  4.5668E-03
  6.1833E-05  7.4085E-05  4.0778E-03
 -1.6234E-08 -1.1198E-14  4.8321E-03
  6.1833E-05 -7.4085E-05  4.0778E-03
 -9.6105E-04  1.4699E-03  2.4558E-03
 -1.1027E-03 -1.8470E-14  2.9749E-03
 -9.6105E-04 -1.4699E-03  2.4558E-03
 -2.1617E-14  1.4947E-03  2.7602E-03
  2.5723E-15 -4.7835E-16  3.3248E-03
  2.7731E-14 -1.4947E-03  2.7602E-03
  9.6105E-04  1.4699E-03  2.4558E-03
  1.1027E-03  1.7247E-14  2.9749E-03
  9.6105E-04 -1.4699E-03  2.4558E-03
 -1.1700E-03  1.8392E-03 -8.5245E-04
 -1.3658E-03 -1.9022E-14 -1.0439E-03
 -1.1700E-03 -1.8392E-03 -8.5245E-04
 -2.4626E-14  1.8549E-03 -9.6080E-04
  1.6154E-15  1.4968E-16 -1.1619E-03
  2.8346E-14 -1.8549E-03 -9.6080E-04
  1.1700E-03  1.8392E-03 -8.5245E-04
  1.3658E-03  1.9464E-14 -1.0439E-03
  1.1700E-03 -1.8392E-03 -8.5245E-04
 -5.5840E-04  8.8498E-04 -3.5469E-03
 -6.5448E-04  1.0852E-14 -4.3428E-03
 -5.5840E-04 -8.8498E-04 -3.5469E-03
  1.2275E-14  8.9086E-04 -3.9903E-03
 -6.3848E-16  1.6679E-15 -4.8328E-03
 -1.3587E-14 -8.9086E-04 -3.9903E-03
  5.5840E-04  8.8498E-04 -3.5469E-03
  6.5448E-04 -7.9667E-15 -4.3428E-03
  5.5840E-04 -8.8498E-04 -3.5469E-03
  4.4442E-04 -7.0397E-04 -3.7252E-03
  5.1998E-04  2.4594E-14 -4.5628E-03
  4.4442E-04  7.0397E-04 -3.7252E-03
  2.9466E-14 -7.0922E-04 -4.1899E-03
 -2.9250E-15  1.3682E-15 -5.0766E-03
 -3.5664E-14  7.0922E-04 -4.1899E-03
 -4.4442E-04 -7.0397E-04 -3.7252E-03
 -5.1998E-04 -2.2739E-14 -4.5628E-03
 -4.4442E-04  7.0397E-04 -3.7252E-03
  1.1315E-03 -1.7947E-03 -1.2617E-03
  1.3251E-03  1.6272E-15 -1.5456E-03
  1.1315E-03  1.7947E-03 -1.2617E-03
 -2.4603E-15 -1.8073E-03 -1.4189E-03
 -3.9074E-15  7.2381E-16 -1.7195E-03
 -6.0014E-15  1.8073E-03 -1.4189E-03
 -1.1315E-03 -1.7947E-03 -1.2617E-03
 -1.3251E-03 -7.6154E-16 -1.5456E-03
 -1.1315E-03  1.7947E-03 -1.2617E-03
  1.0163E-03 -1.6123E-03  2.0966E-03
  1.1903E-03 -2.0924E-14  2.5684E-03
  1.0163E-03  1.6123E-03  2.0966E-03
 -3.6274E-14 -1.6235E-03  2.3580E-03
 -3.9262E-15  2.8337E-15  2.8574E-03
  2.7608E-14  1.6235E-03  2.3580E-03
 -1.0163E-03 -1.6123E-03  2.0966E-03
 -1.1903E-03  2.6528E-14  2.5684E-03
 -1.0163E-03  1.6123E-03  2.0966E-03
  1.8037E-04 -2.8618E-04  3.9678E-03
  2.1127E-04 -8.1888E-15  4.8607E-03
  1.8037E-04  2.8618E-04  3.9678E-03
 -2.1817E-14 -2.8817E-04  4.4624E-03
 -5.2388E-15  5.0472E-15  5.4077E-03
  1.2063E-14  2.8817E-04  4.4624E-03
 -1.8037E-04 -2.8618E-04  3.9678E-03
 -2.1127E-04  1.7436E-14  4.8607E-03
 -1.8037E-04  2.8618E-04  3.9678E-03
 -7.8345E-04  1.2429E-03  3.0247E-03
 -9.1761E-04  2.0678E-14  3.7055E-03
 -7.8345E-04 -1.2429E-03  3.0247E-03
  2.0402E-14  1.2516E-03  3.4018E-03
 -5.1667E-15  2.8343E-15  4.1225E-03
 -2.7744E-14 -1.2516E-03  3.4018E-03
  7.8345E-04  1.2429E-03  3.0247E-03
  9.1761E-04 -1.5623E-14  3.7055E-03
  7.8345E-04 -1.2429E-03  3.0247E-03
 -1.1916E-03  1.8905E-03 -6.3624E-05
 -1.3957E-03  1.9296E-14 -7.7934E-05
 -1.1916E-03 -1.8905E-03 -6.3624E-05
  3.4669E-14  1.9036E-03 -7.1558E-05
  3.2290E-15 -3.6880E-15 -8.6707E-05
 -2.6355E-14 -1.9036E-03 -7.1558E-05
  1.1916E-03  1.8905E-03 -6.3624E-05
  1.3957E-03 -2.6614E-14 -7.7934E-05
  1.1916E-03 -1.8905E-03 -6.3624E-05
 -7.5459E-04  1.1972E-03 -3.1069E-03
 -8.8381E-04 -9.5778E-15 -3.8061E-03
 -7.5459E-04 -1.1972E-03 -3.1069E-03
 -1.3485E-15  1.2055E-03 -3.4942E-03
  6.3738E-15 -3.0678E-15 -4.2344E-03
  1.5981E-14 -1.2055E-03 -3.4942E-03
  7.5459E-04  1.1972E-03 -3.1069E-03
  8.8381E-04  2.7543E-15 -3.8061E-03
  7.5459E-04 -1.1972E-03 -3.1069E-03
  2.1769E-04 -3.4517E-04 -3.9465E-03
  2.5492E-04 -2.0562E-14 -4.8347E-03
  2.1769E-04  3.4517E-04 -3.9465E-03
 -3.8105E-14 -3.4760E-04 -4.4386E-03
 -3.2309E-15  4.4960E-15 -5.3787E-03
  3.0862E-14  3.4760E-04 -4.4386E-03
 -2.1769E-04 -3.4517E-04 -3.9465E-03
 -2.5492E-04  2.9972E-14 -4.8347E-03
 -2.1769E-04  3.4517E-04 -3.9465E-03
  1.0358E-03 -1.6425E-03 -1.9869E-03
  1.2128E-03  7.6978E-18 -2.4344E-03
  1.0358E-03  1.6425E-03 -1.9869E-03
 -1.6414E-14 -1.6541E-03 -2.2346E-03
 -8.2268E-15  5.8566E-15 -2.7082E-03
 -1.4035E-15  1.6541E-03 -2.2346E-03
 -1.0358E-03 -1.6425E-03 -1.9869E-03
 -1.2128E-03  1.1007E-14 -2.4344E-03
 -1.0358E-03  1.6425E-03 -1.9869E-03
  1.1193E-03 -1.7749E-03  1.3822E-03
  1.3103E-03  2.1358E-14  1.6918E-03
  1.1193E-03  1.7749E-03  1.3822E-03
  2.8954E-14 -1.7877E-03  1.5551E-03
 -1.2228E-16 -9.2201E-16  1.8828E-03
 -3.1956E-14  1.7877E-03  1.5551E-03
 -1.1193E-03 -1.7749E-03  1.3822E-03
 -1.3103E-03 -2.3071E-14  1.6918E-03
 -1.1193E-03  1.7749E-03  1.3822E-03
  4.0711E-04 -6.5150E-04  3.7712E-03
  4.7753E-04  1.0322E-14  4.6173E-03
  4.0711E-04  6.5150E-04  3.7712E-03
  3.1544E-14 -6.5557E-04  4.2432E-03
  1.0766E-14 -6.1403E-15  5.1383E-03
 -1.1404E-14  6.5557E-04  4.2432E-03
 -4.0711E-04 -6.5150E-04  3.7712E-03
 -4.7753E-04 -2.1521E-14  4.6173E-03
 -4.0711E-04  6.5150E-04  3.7712E-03
 -6.0104E-04  9.2078E-04  3.4823E-03
 -6.9309E-04 -1.9641E-14  4.2753E-03
 -6.0104E-04 -9.2078E-04  3.4823E-03
 -4.4475E-15  9.3423E-04  3.9198E-03
  1.5144E-14 -5.9258E-15  4.7523E-03
  3.5313E-14 -9.3423E-04  3.9198E-03
  6.0104E-04  9.2078E-04  3.4823E-03
  6.9309E-04  8.0248E-15  4.2753E-03
  6.0104E-04 -9.2078E-04  3.4823E-03
 -1.1904E-03  1.8241E-03  6.9503E-04
 -1.3468E-03 -2.3417E-14  9.3617E-04
 -1.1904E-03 -1.8241E-03  6.9503E-04
 -2.0539E-14  1.8424E-03  7.9498E-04
  1.1207E-14 -3.4079E-15  1.0347E-03
  4.0998E-14 -1.8424E-03  7.9498E-04
  1.1904E-03  1.8241E-03  6.9503E-04
  1.3468E-03  1.7580E-14  9.3617E-04
  1.1904E-03 -1.8241E-03  6.9503E-04
 -9.0324E-04  1.4817E-03 -2.7456E-03
 -9.9330E-04  2.3662E-15 -3.0122E-03
 -9.0324E-04 -1.4817E-03 -2.7456E-03
  1.6754E-14  1.4841E-03 -2.9413E-03
  1.3110E-14 -5.0476E-15 -3.2326E-03
  5.7209E-15 -1.4841E-03 -2.9413E-03
  9.0324E-04  1.4817E-03 -2.7456E-03
  9.9330E-04 -1.1534E-14 -3.0122E-03
  9.0324E-04 -1.4817E-03 -2.7456E-03
 -4.2468E-04  8.1958E-04 -4.5768E-03
 -4.5243E-04  1.1553E-14 -5.0010E-03
 -4.2468E-04 -8.1958E-04 -4.5768E-03
  6.0698E-14  8.0716E-04 -4.8437E-03
  2.4316E-14 -9.9937E-15 -5.2924E-03
 -1.5684E-14 -8.0716E-04 -4.8437E-03
  4.2468E-04  8.1958E-04 -4.5768E-03
  4.5243E-04 -3.0668E-14 -5.0010E-03
  4.2468E-04 -8.1958E-04 -4.5768E-03
   1.4880E-01
  0.0000E+00  0.0000E+00  0.0000E+00
  0.0000E+00  0.0000E+00  0.0000E+00
  0.0000E+00  0.0000E+00  0.0000E+00
  0.0000E+00  0.0000E+00  0.0000E+00
  0.0000E+00  0.0000E+00  0.0000E+00
  0.0000E+00  0.0000E+00  0.0000E+00
  0.0000E+00  0.0000E+00  0.0000E+00
  0.0000E+00  0.0000E+00  0.0000E+00
  0.0000E+00  0.0000E+00  0.0000E+00
 -2.6010E-04  1.6675E-03 -7.9703E-04
  2.4019E-15  1.5387E-03 -2.2092E-15
  2.6010E-04  1.6675E-03  7.9703E-04
  5.1530E-15  1.7898E-03 -7.2541E-04
  3.0738E-15  1.6737E-03 -1.2321E-15
  1.4230E-15  1.7898E-03  7.2541E-04
  2.6010E-04  1.6675E-03 -7.9703E-04
  3.1395E-15  1.5387E-03 -2.0663E-16
 -2.6010E-04  1.6675E-03  7.9703E-04
 -3.9998E-04  1.0046E-03 -1.2907E-03
  1.5168E-16  8.8588E-04 -3.9919E-15
  3.9998E-04  1.0046E-03  1.2907E-03
  1.0931E-15  1.2224E-03 -1.1999E-03
  7.2065E-17  1.1007E-03 -1.7766E-15
 -1.1599E-15  1.2224E-03  1.1999E-03
  3.9998E-04  1.0046E-03 -1.2907E-03
 -3.5623E-17  8.8588E-04  8.6165E-16
 -3.9998E-04  1.0046E-03  1.2907E-03
 -7.3424E-04 -6.7319E-04 -2.6939E-03
 -2.9391E-15 -9.7845E-04 -1.4077E-15
  7.3424E-04 -6.7319E-04  2.6939E-03
 -5.6983E-15 -3.2448E-04 -2.6583E-03
 -3.8363E-15 -6.5181E-04 -7.5989E-16
 -2.9272E-15 -3.2448E-04  2.6583E-03
  7.3424E-04 -6.7319E-04 -2.6939E-03
 -3.8969E-15 -9.7845E-04  2.2126E-16
 -7.3424E-04 -6.7319E-04  2.6939E-03
 -6.0734E-04 -3.1356E-04 -4.5452E-03
 -9.2275E-16 -5.6000E-04  2.5620E-15
  6.0734E-04 -3.1356E-04  4.5452E-03
 -3.7974E-15 -2.0118E-05 -4.6461E-03
 -1.7138E-15 -2.8191E-04  1.0721E-15
 -4.3553E-18 -2.0118E-05  4.6461E-03
  6.0734E-04 -3.1356E-04 -4.5452E-03
 -2.0493E-15 -5.6000E-04 -5.5716E-16
 -6.0734E-04 -3.1356E-04  4.5452E-03
 -1.7915E-04  1.3540E-03 -5.4308E-03
  1.4816E-15  1.3101E-03  3.1916E-15
  1.7915E-04  1.3540E-03  5.4308E-03
  3.1698E-15  1.4666E-03 -5.5129E-03
  2.0391E-15  1.4428E-03  2.2560E-15
  2.2775E-15  1.4666E-03  5.5129E-03
  1.7915E-04  1.3540E-03 -5.4308E-03
  1.4622E-15  1.3101E-03  1.0385E-15
 -1.7915E-04  1.3540E-03  5.4308E-03
 -1.5997E-04  1.1114E-03 -5.5636E-03
 -5.3826E-16  1.0703E-03 -5.4898E-16
  1.5997E-04  1.1114E-03  5.5636E-03
  3.0385E-15  1.2103E-03 -5.5139E-03
  2.2362E-16  1.1854E-03  1.3629E-15
 -1.4639E-15  1.2103E-03  5.5139E-03
  1.5997E-04  1.1114E-03 -5.5636E-03
  5.2966E-16  1.0703E-03  3.0828E-15
 -1.5997E-04  1.1114E-03  5.5636E-03
 -4.7244E-04 -6.8171E-04 -6.3258E-03
 -5.7313E-15 -8.8228E-04 -2.8859E-15
  4.7244E-04 -6.8171E-04  6.3258E-03
 -4.8997E-15 -4.6151E-04 -6.2861E-03
 -5.2631E-15 -6.8137E-04 -1.0361E-15
 -5.9538E-15 -4.6151E-04  6.2861E-03
  4.7244E-04 -6.8171E-04 -6.3258E-03
 -4.2356E-15 -8.8228E-04  1.0124E-15
 -4.7244E-04 -6.8171E-04  6.3258E-03
 -3.9883E-04 -7.6326E-04 -7.6275E-03
 -6.4055E-15 -9.3633E-04 -2.5033E-15
  3.9883E-04 -7.6326E-04  7.6275E-03
 -9.0186E-15 -5.8077E-04 -7.7266E-03
 -6.2683E-15 -7.7330E-04 -3.2027E-15
 -4.2696E-15 -5.8077E-04  7.7266E-03
  3.9883E-04 -7.6326E-04 -7.6275E-03
 -5.6269E-15 -9.3633E-04 -3.3425E-15
 -3.9883E-04 -7.6326E-04  7.6275E-03
  6.5403E-05  8.9804E-04 -8.0407E-03
 -2.0154E-15  9.4187E-04 -1.2458E-15
 -6.5403E-05  8.9804E-04  8.0407E-03
 -3.7532E-15  8.8212E-04 -8.1507E-03
 -2.8755E-15  9.4222E-04 -3.5094E-15
 -6.9182E-17  8.8212E-04  8.1507E-03
 -6.5403E-05  8.9804E-04 -8.0407E-03
 -2.6044E-15  9.4187E-04 -5.1476E-15
  6.5403E-05  8.9804E-04  8.0407E-03
  1.9932E-04  1.0470E-03 -7.4592E-03
 -1.2996E-15  1.1468E-03  3.3600E-15
 -1.9932E-04  1.0470E-03  7.4592E-03
  1.2414E-15  9.6784E-04 -7.4346E-03
 -1.2263E-15  1.0886E-03 -1.7798E-15
 -1.8040E-15  9.6784E-04  7.4346E-03
 -1.9932E-04  1.0470E-03 -7.4592E-03
 -2.5731E-15  1.1468E-03 -6.5840E-15
  1.9932E-04  1.0470E-03  7.4592E-03
 -9.1260E-05 -7.3128E-04 -7.2809E-03
  2.5994E-15 -7.8201E-04  3.5294E-15
  9.1260E-05 -7.3128E-04  7.2809E-03
  5.1468E-15 -6.9961E-04 -7.2308E-03
  1.8336E-15 -7.6421E-04  1.1303E-15
 -1.8495E-15 -6.9961E-04  7.2308E-03
  9.1260E-05 -7.3128E-04 -7.2809E-03
  6.5191E-16 -7.8201E-04 -1.6217E-15
 -9.1260E-05 -7.3128E-04  7.2809E-03
 -1.0069E-04 -1.2274E-03 -7.7703E-03
  2.7120E-15 -1.2918E-03  3.2611E-15
  1.0069E-04 -1.2274E-03  7.7703E-03
  3.2785E-15 -1.2000E-03 -7.8513E-03
  2.5483E-15 -1.2868E-03  3.6513E-15
  2.6655E-15 -1.2000E-03  7.8513E-03
  1.0069E-04 -1.2274E-03 -7.7703E-03
  1.8207E-15 -1.2918E-03  3.3716E-15
 -1.0069E-04 -1.2274E-03  7.7703E-03
  3.4494E-04  3.5858E-04 -7.5627E-03
 -2.1890E-15  5.0224E-04  3.0051E-15
 -3.4494E-04  3.5858E-04  7.5627E-03
 -5.4084E-15  1.9529E-04 -7.6830E-03
 -2.0116E-15  3.5067E-04  3.9406E-15
  8.2385E-16  1.9529E-04  7.6830E-03
 -3.4494E-04  3.5858E-04 -7.5627E-03
 -1.4788E-15  5.0224E-04  4.1615E-15
  3.4494E-04  3.5858E-04  7.5627E-03
  5.5662E-04  9.1573E-04 -6.2430E-03
 -4.5383E-15  1.1543E-03  4.1132E-15
 -5.5662E-04  9.1573E-04  6.2430E-03
 -5.2367E-15  6.5834E-04 -6.2333E-03
 -4.2628E-15  9.2153E-04  1.9106E-15
 -3.5829E-15  6.5834E-04  6.2333E-03
 -5.5662E-04  9.1573E-04 -6.2430E-03
 -2.9319E-15  1.1543E-03 -6.5771E-16
  5.5662E-04  9.1573E-04  6.2430E-03
  2.7465E-04 -7.2224E-04 -5.1475E-03
 -1.1288E-15 -6.2801E-04  5.5209E-15
 -2.7465E-04 -7.2224E-04  5.1475E-03
  2.0477E-15 -8.7052E-04 -5.0780E-03
 -6.3905E-16 -7.8399E-04 -1.0405E-15
 -3.8483E-15 -8.7052E-04  5.0780E-03
 -2.7465E-04 -7.2224E-04 -5.1475E-03
  5.9223E-16 -6.2801E-04 -5.5175E-15
  2.7465E-04 -7.2224E-04  5.1475E-03
  1.5354E-04 -1.5801E-03 -4.8798E-03
  4.1855E-15 -1.5509E-03  1.9938E-15
 -1.5354E-04 -1.5801E-03  4.8798E-03
  7.0198E-15 -1.6843E-03 -4.9270E-03
  4.6170E-15 -1.6793E-03 -2.3494E-15
  1.7541E-15 -1.6843E-03  4.9270E-03
 -1.5354E-04 -1.5801E-03 -4.8798E-03
  4.3825E-15 -1.5509E-03 -6.4797E-15
  1.5354E-04 -1.5801E-03  4.8798E-03
  5.2758E-04 -1.3504E-04 -4.2131E-03
  7.9399E-15  7.1240E-05  1.7072E-16
 -5.2758E-04 -1.3504E-04  4.2131E-03
  6.1955E-15 -3.9720E-04 -4.3268E-03
  7.8668E-15 -1.8483E-04 -2.2062E-15
  9.9570E-15 -3.9720E-04  4.3268E-03
 -5.2758E-04 -1.3504E-04 -4.2131E-03
  7.3405E-15  7.1240E-05 -4.3752E-15
  5.2758E-04 -1.3504E-04  4.2131E-03
  7.8100E-04  8.2187E-04 -2.4424E-03
  6.8980E-15  1.1462E-03  1.2671E-15
 -7.8100E-04  8.2187E-04  2.4424E-03
  1.7814E-15  4.5174E-04 -2.4403E-03
  6.1898E-15  8.0289E-04 -5.8739E-16
  9.7940E-15  4.5174E-04  2.4403E-03
 -7.8100E-04  8.2187E-04 -2.4424E-03
  5.7833E-15  1.1462E-03 -2.3868E-15
  7.8100E-04  8.2187E-04  2.4424E-03
  5.1161E-04 -5.6386E-04 -7.7175E-04
  7.1947E-15 -3.8630E-04  5.1534E-15
 -5.1161E-04 -5.6386E-04  7.7175E-04
  5.8261E-15 -8.2083E-04 -6.5854E-04
  6.4879E-15 -6.3137E-04  1.2150E-15
  5.2606E-15 -8.2083E-04  6.5854E-04
 -5.1161E-04 -5.6386E-04 -7.7175E-04
  6.3629E-15 -3.8630E-04 -3.0593E-15
  5.1161E-04 -5.6386E-04  7.7175E-04
  2.1458E-04 -1.7125E-03 -1.4694E-04
  1.2189E-14 -1.6567E-03  7.7979E-15
 -2.1458E-04 -1.7125E-03  1.4694E-04
  1.5553E-14 -1.8821E-03 -1.6813E-05
  1.1899E-14 -1.8265E-03  1.9635E-15
  6.2840E-15 -1.8821E-03  1.6813E-05
 -2.1458E-04 -1.7125E-03 -1.4694E-04
  1.1865E-14 -1.6567E-03 -4.1225E-15
  2.1458E-04 -1.7125E-03  1.4694E-04
   1.5382E-01
  0.0000E+00  0.0000E+00  0.0000E+00
  0.0000E+00  0.0000E+00  0.0000E+00
  0.0000E+00  0.0000E+00  0.0000E+00
  0.0000E+00  0.0000E+00  0.0000E+00
  0.0000E+00  0.0000E+00  0.0000E+00
  0.0000E+00  0.0000E+00  0.0000E+00
  0.0000E+00  0.0000E+00  0.0000E+00
  0.0000E+00  0.0000E+00  0.0000E+00
  0.0000E+00  0.0000E+00  0.0000E+00
  1.2473E-03  2.6854E-03  2.9371E-03
 -2.4403E-15  3.3407E-03 -1.1205E-15
 -1.2473E-03  2.6854E-03 -2.9371E-03
 -2.6565E-15  2.1641E-03  2.8982E-03
 -2.0750E-15  2.8540E-03 -1.5832E-15
 -1.8515E-15  2.1641E-03 -2.8982E-03
 -1.2473E-03  2.6854E-03  2.9371E-03
 -1.4693E-15  3.3407E-03 -1.9678E-15
  1.2473E-03  2.6854E-03 -2.9371E-03
  4.2364E-04 -7.0582E-04  5.3532E-03
 -6.2372E-16 -5.8302E-04 -9.9386E-16
 -4.2364E-04 -7.0582E-04 -5.3532E-03
 -7.5703E-16 -9.3442E-04  5.6353E-03
 -6.9720E-16 -7.9455E-04 -2.4033E-15
 -5.9205E-16 -9.3442E-04 -5.6353E-03
 -4.2364E-04 -7.0582E-04  5.3532E-03
 -7.6949E-16 -5.8302E-04 -3.2914E-15
  4.2364E-04 -7.0582E-04 -5.3532E-03
 -3.5735E-04 -3.5231E-03  4.8491E-03
  1.2890E-15 -3.7374E-03 -7.8526E-16
  3.5735E-04 -3.5231E-03 -4.8491E-03
  1.3823E-15 -3.4122E-03  4.8889E-03
  9.2480E-16 -3.6942E-03 -1.2710E-15
  6.7801E-16 -3.4122E-03 -4.8889E-03
  3.5735E-04 -3.5231E-03  4.8491E-03
  1.5851E-16 -3.7374E-03 -1.4241E-15
 -3.5735E-04 -3.5231E-03 -4.8491E-03
  2.3423E-04  1.2429E-05  4.2219E-03
 -2.9314E-16  1.0210E-04  5.0977E-16
 -2.3423E-04  1.2429E-05 -4.2219E-03
 -1.0331E-15 -1.0431E-04  4.0326E-03
 -1.0525E-15 -9.8924E-06  8.2838E-16
 -1.0225E-15 -1.0431E-04 -4.0326E-03
 -2.3423E-04  1.2429E-05  4.2219E-03
 -1.3850E-15  1.0210E-04  7.8019E-16
  2.3423E-04  1.2429E-05 -4.2219E-03
  7.4214E-04  3.2315E-03  5.8918E-03
 -2.2193E-15  3.5879E-03  3.5809E-15
 -7.4214E-04  3.2315E-03 -5.8918E-03
 -3.3123E-15  2.9244E-03  5.9676E-03
 -2.5176E-15  3.3490E-03  2.0828E-15
 -2.2269E-15  2.9244E-03 -5.9676E-03
 -7.4214E-04  3.2315E-03  5.8918E-03
 -2.5512E-15  3.5879E-03 -7.9800E-16
  7.4214E-04  3.2315E-03 -5.8918E-03
 -1.5004E-04  1.1279E-04  7.0888E-03
  1.1315E-15  5.7857E-05  4.3738E-15
  1.5004E-04  1.1279E-04 -7.0888E-03
  1.5255E-15  1.8972E-04  7.4123E-03
  1.5921E-15  1.3393E-04  1.3649E-15
  1.4621E-15  1.8972E-04 -7.4123E-03
  1.5004E-04  1.1279E-04  7.0888E-03
  1.9739E-15  5.7857E-05 -1.8072E-15
 -1.5004E-04  1.1279E-04 -7.0888E-03
 -1.0302E-03 -3.0058E-03  5.2082E-03
  3.8392E-15 -3.4674E-03  8.8847E-16
  1.0302E-03 -3.0058E-03 -5.2082E-03
  5.5753E-15 -2.5508E-03  5.2754E-03
  4.7069E-15 -3.0822E-03 -3.1188E-16
  4.2925E-15 -2.5508E-03 -5.2754E-03
  1.0302E-03 -3.0058E-03  5.2082E-03
  4.8151E-15 -3.4674E-03 -1.3910E-15
 -1.0302E-03 -3.0058E-03 -5.2082E-03
 -4.9040E-04  1.9858E-04  2.9085E-03
  1.2325E-15  1.5264E-05 -1.6265E-15
  4.9040E-04  1.9858E-04 -2.9085E-03
  1.3451E-15  4.4675E-04  2.7033E-03
  1.3193E-15  2.5772E-04 -1.7370E-15
  9.7575E-16  4.4675E-04 -2.7033E-03
  4.9040E-04  1.9858E-04  2.9085E-03
  1.6376E-15  1.5264E-05 -1.4711E-15
 -4.9040E-04  1.9858E-04 -2.9085E-03
  1.4892E-04  3.6879E-03  2.9970E-03
 -7.1255E-16  3.8273E-03 -2.7822E-16
 -1.4892E-04  3.6879E-03 -2.9970E-03
 -2.6868E-15  3.6851E-03  3.0146E-03
 -7.4270E-16  3.8895E-03 -1.9472E-15
 -9.7503E-16  3.6851E-03 -3.0146E-03
 -1.4892E-04  3.6879E-03  2.9970E-03
 -9.9390E-16  3.8273E-03 -3.1776E-15
  1.4892E-04  3.6879E-03 -2.9970E-03
 -5.6793E-04  8.2230E-04  3.0709E-03
  3.2051E-15  6.2323E-04 -1.5007E-15
  5.6793E-04  8.2230E-04 -3.0709E-03
  1.3072E-15  1.1212E-03  3.3458E-03
  2.2354E-15  9.2549E-04 -7.1486E-16
  1.6160E-15  1.1212E-03 -3.3458E-03
  5.6793E-04  8.2230E-04  3.0709E-03
  2.2547E-15  6.2323E-04 -2.2938E-15
 -5.6793E-04  8.2230E-04 -3.0709E-03
 -1.3791E-03 -2.7040E-03  3.5575E-04
  1.7066E-15 -3.2924E-03 -2.6276E-16
  1.3791E-03 -2.7040E-03 -3.5575E-04
  2.3174E-15 -2.0693E-03  3.8960E-04
  1.7427E-15 -2.7288E-03  1.6512E-16
  1.8286E-15 -2.0693E-03 -3.8960E-04
  1.3791E-03 -2.7040E-03  3.5575E-04
  1.1920E-15 -3.2924E-03  7.1694E-16
 -1.3791E-03 -2.7040E-03 -3.5575E-04
 -7.5626E-04  2.6892E-05 -2.7042E-03
 -8.6393E-16 -2.6205E-04  5.4732E-16
  7.5626E-04  2.6892E-05  2.7042E-03
 -8.5744E-16  4.0419E-04 -2.9733E-03
 -1.1104E-15  1.0172E-04  1.0186E-15
 -1.5477E-15  4.0419E-04  2.9733E-03
  7.5626E-04  2.6892E-05 -2.7042E-03
 -1.0216E-15 -2.6205E-04  1.2509E-15
 -7.5626E-04  2.6892E-05  2.7042E-03
  1.1883E-04  3.6642E-03 -3.0163E-03
 -3.8919E-16  3.7916E-03  1.5531E-15
 -1.1883E-04  3.6642E-03  3.0163E-03
  7.2670E-16  3.6760E-03 -3.0934E-03
 -2.5318E-16  3.8674E-03  9.2877E-16
 -1.0956E-15  3.6760E-03  3.0934E-03
 -1.1883E-04  3.6642E-03 -3.0163E-03
 -2.2581E-17  3.7916E-03  1.6043E-16
  1.1883E-04  3.6642E-03  3.0163E-03
 -3.4346E-04  1.0241E-03 -2.6725E-03
  1.8618E-15  9.1547E-04  1.2987E-16
  3.4346E-04  1.0241E-03  2.6725E-03
  3.2362E-15  1.2150E-03 -2.4690E-03
  2.2301E-15  1.1174E-03  2.7977E-16
  2.0357E-15  1.2150E-03  2.4690E-03
  3.4346E-04  1.0241E-03 -2.6725E-03
  2.2686E-15  9.1547E-04  5.1824E-16
 -3.4346E-04  1.0241E-03  2.6725E-03
 -1.0491E-03 -2.8966E-03 -4.6851E-03
  1.7219E-16 -3.3630E-03 -2.4160E-15
  1.0491E-03 -2.8966E-03  4.6851E-03
  1.4417E-15 -2.4300E-03 -4.6871E-03
  9.4261E-16 -2.9647E-03 -4.4092E-16
  2.0402E-15 -2.4300E-03  4.6871E-03
  1.0491E-03 -2.8966E-03 -4.6851E-03
  6.6580E-16 -3.3630E-03  2.1609E-15
 -1.0491E-03 -2.8966E-03  4.6851E-03
 -3.6708E-04 -6.5300E-04 -6.9519E-03
 -2.9177E-15 -8.0820E-04 -2.7377E-15
  3.6708E-04 -6.5300E-04  6.9519E-03
 -3.4398E-15 -4.8292E-04 -7.2666E-03
 -3.1748E-15 -6.5593E-04 -6.0754E-16
 -2.4791E-15 -4.8292E-04  7.2666E-03
  3.6708E-04 -6.5300E-04 -6.9519E-03
 -2.9212E-15 -8.0820E-04  1.5888E-15
 -3.6708E-04 -6.5300E-04  6.9519E-03
  6.7433E-04  3.1438E-03 -6.2291E-03
 -4.7734E-15  3.4737E-03 -1.2894E-15
 -6.7433E-04  3.1438E-03  6.2291E-03
 -5.2263E-15  2.8690E-03 -6.3701E-03
 -5.0503E-15  3.2627E-03 -4.5658E-16
 -4.9916E-15  2.8690E-03  6.3701E-03
 -6.7433E-04  3.1438E-03 -6.2291E-03
 -4.9461E-15  3.4737E-03  2.8622E-16
  6.7433E-04  3.1438E-03  6.2291E-03
  3.8027E-04  8.4538E-04 -4.3833E-03
 -2.8825E-15  9.8758E-04 -7.4757E-16
 -3.8027E-04  8.4538E-04  4.3833E-03
 -2.2084E-15  6.6972E-04 -4.1981E-03
 -2.7876E-15  8.4663E-04 -7.8681E-17
 -2.4405E-15  6.6972E-04  4.1981E-03
 -3.8027E-04  8.4538E-04 -4.3833E-03
 -3.0371E-15  9.8758E-04  6.4449E-16
  3.8027E-04  8.4538E-04  4.3833E-03
 -3.5512E-04 -3.3853E-03 -4.7741E-03
 -3.0556E-15 -3.5668E-03 -2.6418E-15
  3.5512E-04 -3.3853E-03  4.7741E-03
 -2.2832E-15 -3.2304E-03 -4.5848E-03
 -2.7681E-15 -3.4265E-03  1.8174E-16
 -2.0069E-15 -3.2304E-03  4.5848E-03
  3.5512E-04 -3.3853E-03 -4.7741E-03
 -3.1774E-15 -3.5668E-03  3.4286E-15
 -3.5512E-04 -3.3853E-03  4.7741E-03
 -5.5830E-04 -1.4990E-03 -5.9067E-03
 -7.3814E-15 -1.6827E-03 -4.2020E-15
  5.5830E-04 -1.4990E-03  5.9067E-03
 -7.0992E-15 -1.2499E-03 -5.8050E-03
 -7.3388E-15 -1.4514E-03  4.9057E-16
 -5.8220E-15 -1.2499E-03  5.8050E-03
  5.5830E-04 -1.4990E-03 -5.9067E-03
 -7.5810E-15 -1.6827E-03  5.3184E-15
 -5.5830E-04 -1.4990E-03  5.9067E-03
   1.5605E-01
  0.0000E+00  0.0000E+00  0.0000E+00
  0.0000E+00  0.0000E+00  0.0000E+00
  0.0000E+00  0.0000E+00  0.0000E+00
  0.0000E+00  0.0000E+00  0.0000E+00
  0.0000E+00  0.0000E+00  0.0000E+00
  0.0000E+00  0.0000E+00  0.0000E+00
  0.0000E+00  0.0000E+00  0.0000E+00
  0.0000E+00  0.0000E+00  0.0000E+00
  0.0000E+00  0.0000E+00  0.0000E+00
  5.4855E-03  8.6812E-04 -1.5690E-03
  5.0455E-03  2.6659E-15 -1.6477E-03
  5.4855E-03 -8.6812E-04 -1.5690E-03
  5.8953E-03  1.2317E-15  2.7036E-15
  5.4996E-03  1.9592E-15  3.5388E-16
  5.8953E-03  1.5764E-15 -1.9681E-15
  5.4855E-03 -8.6812E-04  1.5690E-03
  5.0455E-03  1.9760E-15  1.6477E-03
  5.4855E-03  8.6812E-04  1.5690E-03
  2.0223E-04 -2.8398E-04 -3.4143E-03
  4.3932E-04 -8.0983E-16 -3.7423E-03
  2.0223E-04  2.8398E-04 -3.4143E-03
  1.7686E-04 -1.1748E-15  4.8503E-15
  4.1015E-04 -1.0669E-15  4.9180E-16
  1.7686E-04 -1.0765E-15 -3.9933E-15
  2.0223E-04  2.8398E-04  3.4143E-03
  4.3932E-04 -9.9377E-16  3.7423E-03
  2.0223E-04 -2.8398E-04  3.4143E-03
 -5.2253E-03 -1.4713E-03 -7.6613E-04
 -4.3574E-03 -3.3473E-15 -7.4210E-04
 -5.2253E-03  1.4713E-03 -7.6613E-04
 -5.7711E-03 -2.8554E-15  3.9194E-15
 -4.9952E-03 -3.1420E-15  2.6064E-16
 -5.7711E-03 -3.0202E-15 -3.6136E-15
 -5.2253E-03  1.4713E-03  7.6613E-04
 -4.3574E-03 -3.0238E-15  7.4210E-04
 -5.2253E-03 -1.4713E-03  7.6613E-04
  1.4237E-04 -1.2213E-04  1.7647E-03
  2.5695E-04 -4.5130E-17  2.1312E-03
  1.4237E-04  1.2213E-04  1.7647E-03
  1.3357E-04 -1.1688E-16  2.7795E-15
  2.5143E-04 -2.2274E-16 -2.1684E-16
  1.3357E-04 -3.1356E-16 -3.4079E-15
  1.4237E-04  1.2213E-04 -1.7647E-03
  2.5695E-04 -2.1399E-16 -2.1312E-03
  1.4237E-04 -1.2213E-04 -1.7647E-03
  5.2830E-03  1.1490E-03 -4.2529E-04
  4.6917E-03  2.9246E-15 -4.2992E-04
  5.2830E-03 -1.1490E-03 -4.2529E-04
  5.7825E-03  1.7445E-15  4.0636E-15
  5.2856E-03  2.2524E-15 -5.2476E-16
  5.7825E-03  1.7613E-15 -5.1131E-15
  5.2830E-03 -1.1490E-03  4.2529E-04
  4.6917E-03  1.9946E-15  4.2992E-04
  5.2830E-03  1.1490E-03  4.2529E-04
 -3.4233E-04 -1.5420E-04 -2.4651E-03
 -2.3569E-04 -9.0380E-17 -2.8073E-03
 -3.4233E-04  1.5420E-04 -2.4651E-03
 -3.8618E-04 -5.1129E-16  5.2163E-15
 -2.8521E-04 -3.7752E-16 -6.5573E-16
 -3.8618E-04 -2.9142E-16 -6.3352E-15
 -3.4233E-04  1.5420E-04  2.4651E-03
 -2.3569E-04 -3.3809E-16  2.8073E-03
 -3.4233E-04 -1.5420E-04  2.4651E-03
 -5.2402E-03 -1.2972E-03  8.4050E-05
 -4.5188E-03 -3.6649E-15  1.1962E-04
 -5.2402E-03  1.2972E-03  8.4050E-05
 -5.7585E-03 -2.8029E-15  4.3138E-15
 -5.1299E-03 -2.8659E-15 -5.2823E-16
 -5.7585E-03 -2.3226E-15 -5.3490E-15
 -5.2402E-03  1.2972E-03 -8.4050E-05
 -4.5188E-03 -2.3226E-15 -1.1962E-04
 -5.2402E-03 -1.2972E-03 -8.4050E-05
  6.0003E-04  1.0073E-04  2.1954E-03
  5.5842E-04 -1.8702E-15  2.5451E-03
  6.0003E-04 -1.0073E-04  2.1954E-03
  6.5251E-04 -9.4249E-16  2.8146E-15
  6.2180E-04 -9.1275E-16 -3.5475E-16
  6.5251E-04 -6.3686E-16 -3.6707E-15
  6.0003E-04 -1.0073E-04 -2.1954E-03
  5.5842E-04 -2.6686E-16 -2.5451E-03
  6.0003E-04  1.0073E-04 -2.1954E-03
  5.2284E-03  1.2036E-03 -3.0865E-04
  4.5864E-03  1.2083E-15 -3.5585E-04
  5.2284E-03 -1.2036E-03 -3.0865E-04
  5.7324E-03  1.5972E-15  2.7439E-15
  5.1835E-03  1.6067E-15 -4.6620E-16
  5.7324E-03  1.5200E-15 -3.7366E-15
  5.2284E-03 -1.2036E-03  3.0865E-04
  4.5864E-03  1.4914E-15  3.5585E-04
  5.2284E-03  1.2036E-03  3.0865E-04
 -8.2362E-04 -2.3671E-04 -2.1870E-03
 -6.8209E-04  5.0546E-16 -2.5344E-03
 -8.2362E-04  2.3671E-04 -2.1870E-03
 -9.0979E-04  3.1863E-17  2.9226E-15
 -7.8265E-04  2.3282E-16 -8.6476E-16
 -9.0979E-04  2.3938E-16 -4.1434E-15
 -8.2362E-04  2.3671E-04  2.1870E-03
 -6.8209E-04 -2.3281E-16  2.5344E-03
 -8.2362E-04 -2.3671E-04  2.1870E-03
 -5.1758E-03 -1.2805E-03  5.2060E-04
 -4.4639E-03 -1.0537E-15  5.7972E-04
 -5.1758E-03  1.2805E-03  5.2060E-04
 -5.6876E-03 -1.6587E-15  1.8345E-15
 -5.0673E-03 -1.2980E-15 -4.4322E-16
 -5.6876E-03 -5.0877E-16 -2.7096E-15
 -5.1758E-03  1.2805E-03 -5.2060E-04
 -4.4639E-03 -1.5933E-15 -5.7972E-04
 -5.1758E-03 -1.2805E-03 -5.2060E-04
  1.0778E-03  1.8545E-04  2.4138E-03
  9.9919E-04 -7.6822E-17  2.7499E-03
  1.0778E-03 -1.8545E-04  2.4138E-03
  1.1727E-03 -1.0135E-15  2.5856E-15
  1.1137E-03 -3.9040E-16  1.1167E-15
  1.1727E-03  3.2224E-16 -6.7893E-16
  1.0778E-03 -1.8545E-04 -2.4138E-03
  9.9919E-04 -6.9675E-16 -2.7499E-03
  1.0778E-03  1.8545E-04 -2.4138E-03
  5.1528E-03  1.1216E-03 -1.9812E-04
  4.5754E-03  1.1066E-15 -2.8736E-04
  5.1528E-03 -1.1216E-03 -1.9812E-04
  5.6403E-03  5.3820E-16  3.8958E-15
  5.1550E-03  7.2255E-16  2.3839E-15
  5.6403E-03  7.4811E-16  1.1103E-16
  5.1528E-03 -1.1216E-03  1.9812E-04
  4.5754E-03  4.0562E-16  2.8736E-04
  5.1528E-03  1.1216E-03  1.9812E-04
 -1.2745E-03 -4.5424E-04 -1.7151E-03
 -9.7998E-04  8.3997E-17 -2.0709E-03
 -1.2745E-03  4.5424E-04 -1.7151E-03
 -1.4204E-03  6.4075E-16  3.7036E-15
 -1.1477E-03 -1.2677E-16  1.8596E-15
 -1.4204E-03 -6.9422E-16 -1.9602E-16
 -1.2745E-03  4.5424E-04  1.7151E-03
 -9.7998E-04 -6.1757E-16  2.0709E-03
 -1.2745E-03 -4.5424E-04  1.7151E-03
 -5.0394E-03 -1.4246E-03  1.3441E-03
 -4.1935E-03 -1.0954E-15  1.4126E-03
 -5.0394E-03  1.4246E-03  1.3441E-03
 -5.5630E-03  1.8301E-16  6.6657E-16
 -4.8052E-03 -9.1661E-16 -4.1201E-17
 -5.5630E-03 -1.7690E-15 -1.6393E-15
 -5.0394E-03  1.4246E-03 -1.3441E-03
 -4.1935E-03 -8.3226E-16 -1.4126E-03
 -5.0394E-03 -1.4246E-03 -1.3441E-03
  1.5860E-03  3.1428E-05  3.2880E-03
  1.6783E-03 -5.3865E-16  3.5838E-03
  1.5860E-03 -3.1428E-05  3.2880E-03
  1.6912E-03  4.8747E-16 -1.3735E-15
  1.8141E-03  4.3081E-18 -2.2994E-15
  1.6912E-03 -4.4062E-16 -2.1172E-15
  1.5860E-03 -3.1428E-05 -3.2880E-03
  1.6783E-03  5.0319E-16 -3.5838E-03
  1.5860E-03  3.1428E-05 -3.2880E-03
  5.0853E-03  6.8085E-04  9.9393E-04
  4.8868E-03  4.7049E-17  8.2321E-04
  5.0853E-03 -6.8085E-04  9.9393E-04
  5.5105E-03 -1.9426E-16 -1.4719E-15
  5.4057E-03  1.7500E-16 -2.6238E-15
  5.5105E-03  4.6978E-16 -2.6090E-15
  5.0853E-03 -6.8085E-04 -9.9393E-04
  4.8868E-03  3.5978E-16 -8.2321E-04
  5.0853E-03  6.8085E-04 -9.9393E-04
 -1.6488E-03 -1.2121E-03  4.6289E-04
 -7.0833E-04 -1.1466E-15  1.6025E-05
 -1.6488E-03  1.2121E-03  4.6289E-04
 -1.9354E-03 -1.9299E-15 -1.9690E-16
 -1.0029E-03 -1.1216E-15 -9.3284E-16
 -1.9354E-03 -1.2099E-16 -1.1918E-15
 -1.6488E-03  1.2121E-03 -4.6289E-04
 -7.0833E-04 -1.3051E-15 -1.6025E-05
 -1.6488E-03 -1.2121E-03 -4.6289E-04
 -4.9073E-03 -2.5107E-03  4.8071E-03
 -3.0044E-03 -2.0223E-15  4.6377E-03
 -4.9073E-03  2.5107E-03  4.8071E-03
 -5.4514E-03 -2.4616E-15  9.7795E-16
 -3.6046E-03 -1.7811E-15  1.3518E-15
 -5.4514E-03 -8.9034E-16  1.5920E-15
 -4.9073E-03  2.5107E-03 -4.8071E-03
 -3.0044E-03 -1.8874E-15 -4.6377E-03
 -4.9073E-03 -2.5107E-03 -4.8071E-03
  2.1140E-03 -2.4102E-03  8.3394E-03
  4.1642E-03 -1.2697E-15  8.3778E-03
  2.1140E-03  2.4102E-03  8.3394E-03
  1.8488E-03 -1.3850E-15  1.4424E-15
  3.8670E-03 -9.7518E-16  2.6090E-15
  1.8488E-03 -3.9661E-16  3.4009E-15
  2.1140E-03  2.4102E-03 -8.3394E-03
  4.1642E-03 -1.0073E-15 -8.3778E-03
  2.1140E-03 -2.4102E-03 -8.3394E-03
   1.6160E-01
  0.0000E+00  0.0000E+00  0.0000E+00
  0.0000E+00  0.0000E+00  0.0000E+00
  0.0000E+00  0.0000E+00  0.0000E+00
  0.0000E+00  0.0000E+00  0.0000E+00
  0.0000E+00  0.0000E+00  0.0000E+00
  0.0000E+00  0.0000E+00  0.0000E+00
  0.0000E+00  0.0000E+00  0.0000E+00
  0.0000E+00  0.0000E+00  0.0000E+00
  0.0000E+00  0.0000E+00  0.0000E+00
 -2.0374E-04  4.3520E-03 -7.0994E-04
 -1.4930E-15  4.2917E-03  4.6596E-17
  2.0374E-04  4.3520E-03  7.0994E-04
  5.2783E-15  4.4813E-03 -5.4934E-04
 -1.5111E-15  4.4577E-03 -4.0974E-16
 -8.5187E-15  4.4813E-03  5.4934E-04
  2.0374E-04  4.3520E-03 -7.0994E-04
 -1.3064E-15  4.2917E-03 -8.4543E-16
 -2.0374E-04  4.3520E-03  7.0994E-04
 -8.3697E-04  1.0839E-03 -1.1209E-03
  4.7663E-17  8.4325E-04  4.1626E-16
  8.3697E-04  1.0839E-03  1.1209E-03
  1.6590E-15  1.5356E-03 -8.8457E-04
  2.4059E-17  1.2709E-03 -5.8308E-16
 -1.3456E-15  1.5356E-03  8.8457E-04
  8.3697E-04  1.0839E-03 -1.1209E-03
 -7.6456E-17  8.4325E-04 -1.4498E-15
 -8.3697E-04  1.0839E-03  1.1209E-03
 -1.4911E-03 -3.1023E-03 -4.2444E-03
  1.5135E-15 -3.7246E-03 -2.8440E-16
  1.4911E-03 -3.1023E-03  4.2444E-03
 -4.5584E-15 -2.4117E-03 -4.3276E-03
  1.4927E-15 -3.1164E-03 -2.7758E-16
  8.2962E-15 -2.4117E-03  4.3276E-03
  1.4911E-03 -3.1023E-03 -4.2444E-03
  1.1506E-15 -3.7246E-03 -1.6374E-16
 -1.4911E-03 -3.1023E-03  4.2444E-03
 -4.3985E-04 -4.5175E-06 -7.0783E-03
  1.7254E-16 -1.6344E-04 -8.0717E-16
  4.3985E-04 -4.5175E-06  7.0783E-03
 -2.0416E-15  2.1916E-04 -7.5003E-03
 -2.1045E-17  5.0393E-05  1.9665E-16
  2.2890E-15  2.1916E-04  7.5003E-03
  4.3985E-04 -4.5175E-06 -7.0783E-03
 -3.0082E-16 -1.6344E-04  1.3276E-15
 -4.3985E-04 -4.5175E-06  7.0783E-03
  7.8187E-04  3.6042E-03 -6.1160E-03
 -1.1286E-15  3.9814E-03 -6.0753E-16
 -7.8187E-04  3.6042E-03  6.1160E-03
  5.4751E-15  3.2838E-03 -6.2797E-03
 -1.2484E-15  3.7382E-03  4.0107E-16
 -7.6159E-15  3.2838E-03  6.2797E-03
 -7.8187E-04  3.6042E-03 -6.1160E-03
 -1.1301E-15  3.9814E-03  1.6265E-15
  7.8187E-04  3.6042E-03  6.1160E-03
  3.8070E-04 -1.8393E-04 -4.1755E-03
 -2.0298E-16 -5.1083E-05 -2.3207E-16
 -3.8070E-04 -1.8393E-04  4.1755E-03
  3.1292E-15 -3.8127E-04 -4.0335E-03
 -2.8739E-16 -2.4310E-04  4.1174E-16
 -3.1741E-15 -3.8127E-04  4.0335E-03
 -3.8070E-04 -1.8393E-04 -4.1755E-03
 -3.3812E-16 -5.1083E-05  9.8368E-16
  3.8070E-04 -1.8393E-04  4.1755E-03
 -1.0131E-04 -4.0743E-03 -4.4762E-03
 -3.2769E-16 -4.2178E-03 -7.1305E-16
  1.0131E-04 -4.0743E-03  4.4762E-03
 -6.7089E-15 -4.1098E-03 -4.5899E-03
 -2.8955E-16 -4.3232E-03  3.0580E-16
  6.2030E-15 -4.1098E-03  4.5899E-03
  1.0131E-04 -4.0743E-03 -4.4762E-03
 -3.9463E-16 -4.2178E-03  1.3316E-15
 -1.0131E-04 -4.0743E-03  4.4762E-03
  9.4683E-04 -4.9600E-04 -4.1306E-03
 -1.1610E-15 -1.6665E-04 -8.9605E-16
 -9.4683E-04 -4.9600E-04  4.1306E-03
 -5.8906E-15 -9.8764E-04 -4.4792E-03
 -1.2015E-15 -6.4564E-04  2.0822E-16
  3.4144E-15 -9.8764E-04  4.4792E-03
 -9.4683E-04 -4.9600E-04 -4.1306E-03
 -1.2223E-15 -1.6665E-04  1.3351E-15
  9.4683E-04 -4.9600E-04  4.1306E-03
  1.8080E-03  2.8974E-03 -3.9331E-04
 -8.7366E-16  3.6272E-03 -3.0039E-16
 -1.8080E-03  2.8974E-03  3.9331E-04
  4.7963E-15  2.0407E-03 -3.8727E-04
 -1.1793E-15  2.8584E-03  3.0804E-16
 -6.2516E-15  2.0407E-03  3.8727E-04
 -1.8080E-03  2.8974E-03 -3.9331E-04
 -1.0995E-15  3.6272E-03  9.0403E-16
  1.8080E-03  2.8974E-03  3.9331E-04
  9.0540E-04 -1.0007E-03  3.2170E-03
 -2.2106E-16 -6.9958E-04  1.5689E-15
 -9.0540E-04 -1.0007E-03 -3.2170E-03
  5.6678E-15 -1.4821E-03  3.5420E-03
 -1.6855E-16 -1.1776E-03  4.7956E-16
 -5.8194E-15 -1.4821E-03 -3.5420E-03
 -9.0540E-04 -1.0007E-03  3.2170E-03
 -2.4433E-16 -6.9958E-04  7.1391E-17
  9.0540E-04 -1.0007E-03 -3.2170E-03
  1.6613E-05 -4.1256E-03  3.5724E-03
  1.0232E-15 -4.2278E-03  1.6054E-16
 -1.6613E-05 -4.1256E-03 -3.5724E-03
 -3.4427E-15 -4.2221E-03  3.6320E-03
  1.2637E-15 -4.3925E-03  5.4872E-16
  4.9473E-15 -4.2221E-03 -3.6320E-03
 -1.6613E-05 -4.1256E-03  3.5724E-03
  1.2489E-15 -4.2278E-03  6.5979E-16
  1.6613E-05 -4.1256E-03 -3.5724E-03
  6.3084E-04  1.7626E-04  3.7692E-03
  1.1503E-15  4.0899E-04 -1.1321E-15
 -6.3084E-04  1.7626E-04 -3.7692E-03
 -4.7376E-15 -1.4049E-04  3.6197E-03
  1.5056E-15  1.0908E-04 -2.5777E-16
  7.4798E-15 -1.4049E-04 -3.6197E-03
 -6.3084E-04  1.7626E-04  3.7692E-03
  1.7521E-15  4.0899E-04  5.6603E-16
  6.3084E-04  1.7626E-04 -3.7692E-03
  9.3507E-04  3.4404E-03  6.2335E-03
 -1.4919E-16  3.8688E-03 -1.6301E-15
 -9.3507E-04  3.4404E-03 -6.2335E-03
  2.8930E-15  3.0387E-03  6.4315E-03
 -2.1194E-17  3.5449E-03 -1.0714E-15
 -3.5776E-15  3.0387E-03 -6.4315E-03
 -9.3507E-04  3.4404E-03  6.2335E-03
  2.7242E-16  3.8688E-03 -3.3166E-16
  9.3507E-04  3.4404E-03 -6.2335E-03
 -3.8337E-04 -5.7120E-04  7.3426E-03
 -4.6931E-16 -7.2482E-04 -3.8842E-16
  3.8337E-04 -5.7120E-04 -7.3426E-03
  5.8675E-15 -3.8862E-04  7.7664E-03
 -7.3048E-16 -5.6017E-04 -1.0422E-15
 -7.8725E-15 -3.8862E-04 -7.7664E-03
  3.8337E-04 -5.7120E-04  7.3426E-03
 -6.8933E-16 -7.2482E-04 -1.5134E-15
 -3.8337E-04 -5.7120E-04 -7.3426E-03
 -1.3436E-03 -3.1146E-03  4.6705E-03
  6.0332E-16 -3.6821E-03  1.7933E-15
  1.3436E-03 -3.1146E-03 -4.6705E-03
 -2.1454E-15 -2.4984E-03  4.7306E-03
  1.2793E-16 -3.1473E-03 -1.4031E-16
  1.9452E-15 -2.4984E-03 -4.7306E-03
  1.3436E-03 -3.1146E-03  4.6705E-03
 -6.6814E-17 -3.6821E-03 -1.2778E-15
 -1.3436E-03 -3.1146E-03 -4.6705E-03
 -6.4150E-04  1.4960E-03  1.9945E-03
  1.5647E-15  1.3031E-03  2.2483E-15
  6.4150E-04  1.4960E-03 -1.9945E-03
 -5.5762E-15  1.8536E-03  1.8059E-03
  1.3623E-15  1.6715E-03  1.0905E-15
  7.9948E-15  1.8536E-03 -1.8059E-03
  6.4150E-04  1.4960E-03  1.9945E-03
  9.5599E-16  1.3031E-03 -4.5472E-16
 -6.4150E-04  1.4960E-03 -1.9945E-03
 -2.3515E-04  4.1379E-03  1.7707E-03
  2.4719E-15  4.1625E-03  2.1797E-15
  2.3515E-04  4.1379E-03 -1.7707E-03
  4.0822E-15  4.3461E-03  1.8821E-03
  2.6194E-15  4.4329E-03  1.4068E-15
  1.2769E-15  4.3461E-03 -1.8821E-03
  2.3515E-04  4.1379E-03  1.7707E-03
  2.6618E-15  4.1625E-03  2.5247E-16
 -2.3515E-04  4.1379E-03 -1.7707E-03
 -1.2427E-03 -4.0807E-04  4.9638E-04
  2.3090E-15 -8.9380E-04  1.2507E-15
  1.2427E-03 -4.0807E-04 -4.9638E-04
  1.0154E-14  2.1324E-04  7.5937E-04
  2.7137E-15 -2.8923E-04  5.6439E-16
 -4.8755E-15  2.1324E-04 -7.5937E-04
  1.2427E-03 -4.0807E-04  4.9638E-04
  3.1377E-15 -8.9380E-04 -2.4252E-16
 -1.2427E-03 -4.0807E-04 -4.9638E-04
 -1.6607E-03 -2.8605E-03 -3.5912E-03
  2.6462E-15 -3.4650E-03  4.9750E-16
  1.6607E-03 -2.8605E-03  3.5912E-03
  3.1707E-15 -2.0302E-03 -3.5833E-03
  2.9566E-15 -2.6830E-03 -7.8876E-16
  2.2075E-15 -2.0302E-03  3.5833E-03
  1.6607E-03 -2.8605E-03 -3.5912E-03
  3.3546E-15 -3.4650E-03 -1.7532E-15
 -1.6607E-03 -2.8605E-03  3.5912E-03
 -1.2792E-03  1.6690E-03 -6.4409E-03
  4.1624E-15  1.3209E-03  2.2422E-16
  1.2792E-03  1.6690E-03  6.4409E-03
 -4.5371E-15  2.4332E-03 -6.5952E-03
  4.3048E-15  2.0601E-03 -1.4111E-15
  1.2658E-14  2.4332E-03  6.5952E-03
  1.2792E-03  1.6690E-03 -6.4409E-03
  4.4747E-15  1.3209E-03 -2.8110E-15
 -1.2792E-03  1.6690E-03  6.4409E-03
   1.6264E-01
  0.0000E+00  0.0000E+00  0.0000E+00
  0.0000E+00  0.0000E+00  0.0000E+00
  0.0000E+00  0.0000E+00  0.0000E+00
  0.0000E+00  0.0000E+00  0.0000E+00
  0.0000E+00  0.0000E+00  0.0000E+00
  0.0000E+00  0.0000E+00  0.0000E+00
  0.0000E+00  0.0000E+00  0.0000E+00
  0.0000E+00  0.0000E+00  0.0000E+00
  0.0000E+00  0.0000E+00  0.0000E+00
  7.2987E-03  5.9508E-03 -3.8344E-04
 -5.6586E-16  5.7898E-03  1.3345E-16
 -7.2987E-03  5.9508E-03  3.8344E-04
  7.4426E-03 -3.5633E-15  5.6506E-16
 -6.2118E-16 -3.5720E-15 -1.1112E-16
 -7.4426E-03 -3.7077E-15 -8.2701E-16
  7.2987E-03 -5.9508E-03  3.8344E-04
 -5.8308E-16 -5.7898E-03 -3.5670E-16
 -7.2987E-03 -5.9508E-03 -3.8344E-04
  1.2304E-03  1.1065E-03 -1.2411E-03
  6.2714E-17  1.0931E-03  3.8185E-16
 -1.2304E-03  1.1065E-03  1.2411E-03
  1.2451E-03 -1.2136E-15  1.0527E-15
  4.9000E-17 -9.9317E-16 -1.2095E-16
 -1.2451E-03 -1.3002E-15 -1.2924E-15
  1.2304E-03 -1.1065E-03  1.2411E-03
 -4.5091E-17 -1.0931E-03 -6.2171E-16
 -1.2304E-03 -1.1065E-03 -1.2411E-03
 -7.1459E-03 -5.6360E-03 -2.9547E-04
  5.4135E-16 -5.3446E-03  1.4021E-16
  7.1459E-03 -5.6360E-03  2.9547E-04
 -7.4064E-03  2.0204E-15  3.9829E-15
  5.1873E-16  2.5455E-15 -5.2250E-17
  7.4064E-03  2.0377E-15 -3.9793E-15
 -7.1459E-03  5.6360E-03  2.9547E-04
  3.9728E-16  5.3446E-03 -1.9307E-16
  7.1459E-03  5.6360E-03 -2.9547E-04
 -2.4791E-03 -1.9602E-03  1.0913E-03
 -1.5462E-16 -1.8627E-03  1.3800E-16
  2.4791E-03 -1.9602E-03 -1.0913E-03
 -2.5662E-03 -4.9415E-17  6.6431E-15
 -3.1099E-16  1.5442E-16  1.3085E-16
  2.5662E-03 -3.0556E-17 -6.2543E-15
 -2.4791E-03  1.9602E-03 -1.0913E-03
 -3.6486E-16  1.8627E-03  7.4839E-17
  2.4791E-03  1.9602E-03  1.0913E-03
  6.7106E-03  5.3377E-03  4.8078E-04
 -6.2620E-16  5.0713E-03  1.1006E-15
 -6.7106E-03  5.3377E-03 -4.8078E-04
  6.9489E-03 -2.5447E-15  6.2417E-15
 -8.3935E-16 -2.8692E-15  2.2693E-16
 -6.9489E-03 -2.6105E-15 -5.5443E-15
  6.7106E-03 -5.3377E-03 -4.8078E-04
 -7.4865E-16 -5.0713E-03 -3.5454E-16
 -6.7106E-03 -5.3377E-03  4.8078E-04
  3.5916E-03  2.8552E-03 -9.9494E-04
  1.0154E-15  2.7126E-03  1.4890E-15
 -3.5916E-03  2.8552E-03  9.9494E-04
  3.7192E-03 -1.2803E-17  4.2849E-15
  1.0091E-15 -2.5932E-16  2.5553E-16
 -3.7192E-03 -2.3425E-16 -3.8831E-15
  3.5916E-03 -2.8552E-03  9.9494E-04
  9.9810E-16 -2.7126E-03 -9.1291E-16
 -3.5916E-03 -2.8552E-03 -9.9494E-04
 -6.1122E-03 -4.8626E-03 -6.3766E-04
  2.3908E-15 -4.6215E-03  6.2214E-16
  6.1122E-03 -4.8626E-03  6.3766E-04
 -6.3280E-03  2.5213E-15  4.0687E-15
  2.5363E-15  2.3615E-15  5.5394E-17
  6.3280E-03  2.1147E-15 -3.9189E-15
 -6.1122E-03  4.8626E-03  6.3766E-04
  2.3856E-15  4.6215E-03 -4.3721E-16
  6.1122E-03  4.8626E-03 -6.3766E-04
 -4.6096E-03 -3.6669E-03  8.9165E-04
  1.6971E-15 -3.4849E-03 -1.6386E-16
  4.6096E-03 -3.6669E-03 -8.9165E-04
 -4.7725E-03  1.6999E-16  3.2030E-15
  1.6613E-15 -2.8894E-16 -1.2199E-16
  4.7725E-03 -7.1970E-17 -3.3333E-15
 -4.6096E-03  3.6669E-03 -8.9165E-04
  1.6587E-15  3.4849E-03 -5.0261E-17
  4.6096E-03  3.6669E-03  8.9165E-04
  5.3444E-03  4.2508E-03  7.8664E-04
  9.5897E-16  4.0397E-03 -2.5448E-16
 -5.3444E-03  4.2508E-03 -7.8664E-04
  5.5333E-03 -1.9193E-15 -7.0911E-16
  1.2343E-15 -2.8850E-15 -1.4815E-16
 -5.5333E-03 -1.8950E-15  5.5181E-16
  5.3444E-03 -4.2508E-03 -7.8664E-04
  8.5483E-16 -4.0397E-03 -3.9985E-17
 -5.3444E-03 -4.2508E-03  7.8664E-04
  5.5004E-03  4.3752E-03 -7.6104E-04
  2.2207E-15  4.1579E-03 -1.9998E-15
 -5.5004E-03  4.3752E-03  7.6104E-04
  5.6948E-03  3.7734E-16 -5.7084E-15
  1.7382E-15  5.6891E-16  1.5501E-17
 -5.6948E-03  4.8313E-16  5.6773E-15
  5.5004E-03 -4.3752E-03  7.6104E-04
  2.1104E-15 -4.1579E-03  1.9571E-15
 -5.5004E-03 -4.3752E-03 -7.6104E-04
 -4.4280E-03 -3.5213E-03 -9.1411E-04
 -7.8132E-16 -3.3463E-03 -1.5761E-15
  4.4280E-03 -3.5213E-03  9.1411E-04
 -4.5846E-03  4.3606E-15 -6.0821E-15
 -7.9481E-16  4.3908E-15  1.5334E-16
  4.5846E-03  4.3692E-15  6.2586E-15
 -4.4280E-03  3.5213E-03  9.1411E-04
 -7.4274E-16  3.3463E-03  1.8473E-15
  4.4280E-03  3.5213E-03 -9.1411E-04
 -6.2396E-03 -4.9605E-03  6.0942E-04
 -9.0472E-16 -4.7135E-03 -3.2079E-17
  6.2396E-03 -4.9605E-03 -6.0942E-04
 -6.4605E-03  6.1682E-16 -5.6557E-15
 -1.0004E-15  4.2725E-16  4.0668E-17
  6.4605E-03  4.2136E-16  5.6568E-15
 -6.2396E-03  4.9605E-03 -6.0942E-04
 -7.1206E-16  4.7135E-03  1.5023E-17
  6.2396E-03  4.9605E-03  6.0942E-04
  3.3860E-03  2.6982E-03  1.0226E-03
  1.8560E-15  2.5665E-03 -2.2694E-16
 -3.3860E-03  2.6982E-03 -1.0226E-03
  3.5039E-03 -3.9496E-15 -7.9246E-15
  2.1769E-15 -4.4266E-15 -2.5647E-16
 -3.5039E-03 -4.0353E-15  7.5039E-15
  3.3860E-03 -2.6982E-03 -1.0226E-03
  2.1046E-15 -2.5665E-03 -2.2029E-16
 -3.3860E-03 -2.6982E-03  1.0226E-03
  6.8028E-03  5.4145E-03 -4.1499E-04
  1.7581E-15  5.1501E-03 -1.9831E-15
 -6.8028E-03  5.4145E-03  4.1499E-04
  7.0395E-03 -1.2648E-15 -9.1392E-15
  1.8683E-15 -9.8347E-16 -3.7503E-16
 -7.0395E-03 -1.1554E-15  8.5428E-15
  6.8028E-03 -5.4145E-03  4.1499E-04
  1.7624E-15 -5.1501E-03  1.4474E-15
 -6.8028E-03 -5.4145E-03 -4.1499E-04
 -2.2408E-03 -1.8041E-03 -1.0401E-03
 -1.5185E-15 -1.7118E-03 -2.7527E-15
  2.2408E-03 -1.8041E-03  1.0401E-03
 -2.3235E-03  2.3384E-15 -6.2522E-15
 -1.2160E-15  2.9841E-15 -1.7525E-16
  2.3235E-03  2.6326E-15  5.7287E-15
 -2.2408E-03  1.8041E-03  1.0401E-03
 -1.4580E-15  1.7118E-03  2.2178E-15
  2.2408E-03  1.8041E-03 -1.0401E-03
 -7.1202E-03 -5.7817E-03  2.8707E-04
 -2.2490E-15 -5.5162E-03 -1.0026E-15
  7.1202E-03 -5.7817E-03 -2.8707E-04
 -7.3588E-03 -7.9738E-16 -1.7385E-15
 -2.5767E-15 -3.9706E-16  5.8445E-17
  7.3588E-03 -6.3238E-16  1.9711E-15
 -7.1202E-03  5.7817E-03 -2.8707E-04
 -2.4104E-15  5.5162E-03  1.1275E-15
  7.1202E-03  5.7817E-03  2.8707E-04
  1.2124E-03  6.1511E-04  9.0582E-04
 -3.5153E-15  4.7516E-04 -6.2639E-16
 -1.2124E-03  6.1511E-04 -9.0582E-04
  1.3327E-03 -2.5798E-15 -1.5928E-15
 -3.4743E-15 -2.6891E-15  2.0529E-16
 -1.3327E-03 -2.5416E-15  1.8956E-15
  1.2124E-03 -6.1511E-04 -9.0582E-04
 -3.4817E-15 -4.7516E-04  9.8142E-16
 -1.2124E-03 -6.1511E-04  9.0582E-04
  7.5753E-03  5.4184E-03 -1.2520E-03
 -4.2426E-15  4.8232E-03 -7.4452E-16
 -7.5753E-03  5.4184E-03  1.2520E-03
  8.0997E-03  1.1713E-15 -8.8423E-16
 -4.1314E-15  1.5748E-15  1.5849E-16
 -8.0997E-03  1.1925E-15  1.1649E-15
  7.5753E-03 -5.4184E-03  1.2520E-03
 -4.0686E-15 -4.8232E-03  1.0624E-15
 -7.5753E-03 -5.4184E-03 -1.2520E-03
  5.1666E-05 -1.2874E-04 -4.5080E-03
 -5.2019E-15 -6.0904E-04 -1.2141E-15
 -5.1666E-05 -1.2874E-04  4.5080E-03
  4.6956E-04  3.6218E-15  2.5755E-15
 -5.0679E-15  4.2367E-15  1.5387E-17
 -4.6956E-04  3.7116E-15 -2.4284E-15
  5.1666E-05  1.2874E-04  4.5080E-03
 -5.0282E-15  6.0904E-04  1.3376E-15
 -5.1666E-05  1.2874E-04 -4.5080E-03
 -9.8377E-03 -3.3507E-03 -6.0996E-03
 -6.6496E-15 -3.5868E-03 -1.5298E-15
  9.8377E-03 -3.3507E-03  6.0996E-03
 -9.6418E-03  2.8023E-16  5.0483E-15
 -6.5795E-15  6.0745E-16 -3.5208E-17
  9.6418E-03  3.2611E-16 -5.0864E-15
 -9.8377E-03  3.3507E-03  6.0996E-03
 -6.5788E-15  3.5868E-03  1.5053E-15
  9.8377E-03  3.3507E-03 -6.0996E-03
   1.6866E-01
  0.0000E+00  0.0000E+00  0.0000E+00
  0.0000E+00  0.0000E+00  0.0000E+00
  0.0000E+00  0.0000E+00  0.0000E+00
  0.0000E+00  0.0000E+00  0.0000E+00
  0.0000E+00  0.0000E+00  0.0000E+00
  0.0000E+00  0.0000E+00  0.0000E+00
  0.0000E+00  0.0000E+00  0.0000E+00
  0.0000E+00  0.0000E+00  0.0000E+00
  0.0000E+00  0.0000E+00  0.0000E+00
  1.6332E-03  1.8560E-03  4.0590E-03
 -1.2491E-15  2.6774E-03  4.2918E-16
 -1.6332E-03  1.8560E-03 -4.0590E-03
 -5.8024E-16  1.1546E-03  4.0303E-03
 -1.1806E-15  2.0225E-03 -3.6551E-16
 -1.7349E-15  1.1546E-03 -4.0303E-03
 -1.6332E-03  1.8560E-03  4.0590E-03
 -6.5778E-16  2.6774E-03 -1.0382E-15
  1.6332E-03  1.8560E-03 -4.0590E-03
  4.4327E-04 -1.6511E-03  6.6095E-03
  3.4417E-16 -1.5944E-03  1.0709E-15
 -4.4327E-04 -1.6511E-03 -6.6095E-03
 -2.9423E-16 -1.9232E-03  6.9863E-03
  4.0289E-16 -1.8422E-03 -5.2319E-16
  1.1377E-15 -1.9232E-03 -6.9863E-03
 -4.4327E-04 -1.6511E-03  6.6095E-03
  5.6594E-16 -1.5944E-03 -1.8184E-15
  4.4327E-04 -1.6511E-03 -6.6095E-03
 -4.4278E-04 -2.5840E-03  5.8572E-03
  1.5831E-15 -2.8109E-03  1.0782E-15
  4.4278E-04 -2.5840E-03 -5.8572E-03
  2.6171E-16 -2.4128E-03  5.9949E-03
  1.6660E-15 -2.6950E-03  2.5138E-16
  3.1691E-15 -2.4128E-03 -5.9949E-03
  4.4278E-04 -2.5840E-03  5.8572E-03
  1.4033E-15 -2.8109E-03 -6.5739E-16
 -4.4278E-04 -2.5840E-03 -5.8572E-03
 -1.6513E-04  1.9335E-03  5.0246E-03
  3.7843E-16  1.9348E-03  1.2297E-15
  1.6513E-04  1.9335E-03 -5.0246E-03
 -3.1386E-16  2.0633E-03  5.0689E-03
  6.2561E-16  2.0918E-03  9.8217E-16
  7.4798E-16  2.0633E-03 -5.0689E-03
  1.6513E-04  1.9335E-03  5.0246E-03
  5.6601E-16  1.9348E-03  4.9485E-16
 -1.6513E-04  1.9335E-03 -5.0246E-03
 -5.3645E-04  2.8988E-03  5.0023E-03
 -5.2708E-17  2.8033E-03  1.1830E-15
  5.3645E-04  2.8988E-03 -5.0023E-03
  6.7422E-17  3.2438E-03  5.3077E-03
 -4.0810E-17  3.1810E-03  9.9924E-16
 -1.3474E-15  3.2438E-03 -5.3077E-03
  5.3645E-04  2.8988E-03  5.0023E-03
  5.8491E-16  2.8033E-03  2.0465E-16
 -5.3645E-04  2.8988E-03 -5.0023E-03
 -1.7619E-03 -1.1611E-03  2.5688E-03
 -1.5176E-15 -1.7964E-03  1.7115E-16
  1.7619E-03 -1.1611E-03 -2.5688E-03
 -6.7335E-16 -2.7596E-04  2.8015E-03
 -7.4136E-16 -9.7515E-04 -1.8909E-16
 -9.8257E-16 -2.7596E-04 -2.8015E-03
  1.7619E-03 -1.1611E-03  2.5688E-03
 -3.2624E-16 -1.7964E-03 -8.6020E-16
 -1.7619E-03 -1.1611E-03 -2.5688E-03
 -1.7930E-03 -1.1673E-03 -2.0352E-03
 -2.6348E-15 -1.8134E-03 -9.4037E-16
  1.7930E-03 -1.1673E-03  2.0352E-03
 -2.9794E-15 -2.6620E-04 -2.2460E-03
 -2.0962E-15 -9.7707E-04 -1.6606E-15
 -1.1157E-15 -2.6620E-04  2.2460E-03
  1.7930E-03 -1.1673E-03 -2.0352E-03
 -1.4287E-15 -1.8134E-03 -2.1744E-15
 -1.7930E-03 -1.1673E-03  2.0352E-03
 -6.1404E-04  2.9244E-03 -4.5944E-03
 -3.5361E-15  2.8030E-03 -4.3784E-16
  6.1404E-04  2.9244E-03  4.5944E-03
 -4.5678E-15  3.3100E-03 -4.8855E-03
 -3.4662E-15  3.2200E-03 -1.9064E-15
 -3.0217E-15  3.3100E-03  4.8855E-03
  6.1404E-04  2.9244E-03 -4.5944E-03
 -3.3610E-15  2.8030E-03 -2.8009E-15
 -6.1404E-04  2.9244E-03  4.5944E-03
 -2.6538E-04  2.0213E-03 -4.8087E-03
 -3.2560E-15  1.9916E-03  3.0434E-15
  2.6538E-04  2.0213E-03  4.8087E-03
 -4.2982E-15  2.2056E-03 -4.8450E-03
 -4.9425E-15  2.2016E-03 -7.1721E-16
 -3.5053E-15  2.2056E-03  4.8450E-03
  2.6538E-04  2.0213E-03 -4.8087E-03
 -4.1190E-15  1.9916E-03 -3.8305E-15
 -2.6538E-04  2.0213E-03  4.8087E-03
 -5.5921E-04 -2.4983E-03 -5.8661E-03
 -5.1291E-15 -2.7639E-03  1.0012E-14
  5.5921E-04 -2.4983E-03  5.8661E-03
 -2.7393E-15 -2.2667E-03 -6.0011E-03
 -4.3448E-15 -2.5869E-03  8.3857E-16
 -2.1820E-15 -2.2667E-03  6.0011E-03
  5.5921E-04 -2.4983E-03 -5.8661E-03
 -5.2465E-15 -2.7639E-03 -9.9433E-15
 -5.5921E-04 -2.4983E-03  5.8661E-03
  3.2353E-04 -1.6320E-03 -6.8371E-03
  3.5482E-15 -1.5708E-03  8.6021E-15
 -3.2353E-04 -1.6320E-03  6.8371E-03
  6.1950E-15 -1.8373E-03 -7.2640E-03
  3.7651E-15 -1.7941E-03  9.8886E-16
  2.4148E-15 -1.8373E-03  7.2640E-03
 -3.2353E-04 -1.6320E-03 -6.8371E-03
  3.4071E-15 -1.5708E-03 -7.2643E-15
  3.2353E-04 -1.6320E-03  6.8371E-03
  1.6779E-03  2.0414E-03 -4.3959E-03
  4.3658E-15  2.6745E-03  3.9214E-15
 -1.6779E-03  2.0414E-03  4.3959E-03
  6.8616E-15  1.2202E-03 -4.6326E-03
  4.9864E-15  1.9292E-03  5.9585E-16
  4.0793E-15  1.2202E-03  4.6326E-03
 -1.6779E-03  2.0414E-03 -4.3959E-03
  4.5820E-15  2.6745E-03 -2.7925E-15
  1.6779E-03  2.0414E-03  4.3959E-03
  1.5445E-03  5.3420E-05 -2.2525E-04
 -3.2962E-15  5.8131E-04  3.1710E-15
 -1.5445E-03  5.3420E-05  2.2525E-04
 -6.1506E-15 -7.4488E-04 -6.0910E-05
 -3.8378E-15 -1.7648E-04 -1.7944E-16
 -3.1009E-15 -7.4488E-04  6.0910E-05
 -1.5445E-03  5.3420E-05 -2.2525E-04
 -3.3487E-15  5.8131E-04 -3.3798E-15
  1.5445E-03  5.3420E-05  2.2525E-04
  7.2523E-04 -3.6319E-03  1.8662E-03
 -3.3628E-15 -3.4939E-03  7.3324E-15
 -7.2523E-04 -3.6319E-03 -1.8662E-03
 -6.0460E-15 -4.0915E-03  1.9793E-03
 -3.9235E-15 -3.9935E-03 -4.1261E-16
 -3.1824E-15 -4.0915E-03 -1.9793E-03
 -7.2523E-04 -3.6319E-03  1.8662E-03
 -3.7963E-15 -3.4939E-03 -8.5174E-15
  7.2523E-04 -3.6319E-03 -1.8662E-03
  9.5332E-04 -1.0755E-03  3.0678E-03
  3.3783E-15 -7.8294E-04  1.0162E-14
 -9.5332E-04 -1.0755E-03 -3.0678E-03
  3.1116E-15 -1.5939E-03  3.0070E-03
  2.8008E-15 -1.2942E-03 -1.2156E-16
  1.5401E-15 -1.5939E-03 -3.0070E-03
 -9.5332E-04 -1.0755E-03  3.0678E-03
  2.8457E-15 -7.8294E-04 -8.5012E-15
  9.5332E-04 -1.0755E-03 -3.0678E-03
  1.1732E-03  2.5668E-03  5.8381E-03
  4.9654E-15  3.0436E-03  7.1961E-15
 -1.1732E-03  2.5668E-03 -5.8381E-03
  7.6082E-15  2.0190E-03  6.0493E-03
  5.1158E-15  2.5674E-03  1.1606E-15
  2.8935E-15  2.0190E-03 -6.0493E-03
 -1.1732E-03  2.5668E-03  5.8381E-03
  4.4681E-15  3.0436E-03 -5.0079E-15
  1.1732E-03  2.5668E-03 -5.8381E-03
 -7.4331E-05  5.7570E-05  7.5797E-03
  7.9812E-15  3.3414E-05  6.4663E-15
  7.4331E-05  5.7570E-05 -7.5797E-03
  9.0128E-15  9.7425E-05  8.0552E-03
  8.0563E-15  7.3203E-05  1.5127E-15
  8.4812E-15  9.7425E-05 -8.0552E-03
  7.4331E-05  5.7570E-05  7.5797E-03
  8.0634E-15  3.3414E-05 -3.8067E-15
 -7.4331E-05  5.7570E-05 -7.5797E-03
 -1.3177E-03 -2.4901E-03  5.5317E-03
  1.0264E-14 -3.0056E-03  4.3390E-15
  1.3177E-03 -2.4901E-03 -5.5317E-03
  8.7264E-15 -1.8643E-03  5.7326E-03
  1.0538E-14 -2.4581E-03  4.4229E-16
  1.3370E-14 -1.8643E-03 -5.7326E-03
  1.3177E-03 -2.4901E-03  5.5317E-03
  1.0624E-14 -3.0056E-03 -3.7401E-15
 -1.3177E-03 -2.4901E-03 -5.5317E-03
 -1.0730E-03  1.1211E-03  2.5365E-03
  1.1981E-14  8.0466E-04  2.5085E-15
  1.0730E-03  1.1211E-03 -2.5365E-03
  1.2550E-14  1.6801E-03  2.3691E-03
  1.2084E-14  1.3174E-03 -9.9918E-16
  1.2407E-14  1.6801E-03 -2.3691E-03
  1.0730E-03  1.1211E-03  2.5365E-03
  1.2299E-14  8.0466E-04 -5.0068E-15
 -1.0730E-03  1.1211E-03 -2.5365E-03
 -4.8124E-04  3.6579E-03  1.3841E-03
  1.5178E-14  3.5797E-03  1.8265E-15
  4.8124E-04  3.6579E-03 -1.3841E-03
  1.9613E-14  4.0527E-03  1.1203E-03
  1.5202E-14  3.9664E-03 -1.9876E-15
  1.1131E-14  4.0527E-03 -1.1203E-03
  4.8124E-04  3.6579E-03  1.3841E-03
  1.5528E-14  3.5797E-03 -6.0291E-15
 -4.8124E-04  3.6579E-03 -1.3841E-03
   1.7038E-01
  0.0000E+00  0.0000E+00  0.0000E+00
  0.0000E+00  0.0000E+00  0.0000E+00
  0.0000E+00  0.0000E+00  0.0000E+00
  0.0000E+00  0.0000E+00  0.0000E+00
  0.0000E+00  0.0000E+00  0.0000E+00
  0.0000E+00  0.0000E+00  0.0000E+00
  0.0000E+00  0.0000E+00  0.0000E+00
  0.0000E+00  0.0000E+00  0.0000E+00
  0.0000E+00  0.0000E+00  0.0000E+00
 -1.0293E-03  1.2490E-03 -3.3071E-03
 -1.2175E-03 -3.9948E-15 -3.7620E-03
 -1.0293E-03 -1.2490E-03 -3.3071E-03
 -1.3348E-15  1.2746E-03 -3.5005E-03
 -5.5992E-16 -3.0728E-15 -3.9596E-03
  5.6777E-16 -1.2746E-03 -3.5005E-03
  1.0293E-03  1.2490E-03 -3.3071E-03
  1.2175E-03 -2.5555E-15 -3.7620E-03
  1.0293E-03 -1.2490E-03 -3.3071E-03
  4.1706E-04 -8.3562E-04 -3.6068E-03
  4.4224E-04  1.3891E-15 -4.6377E-03
  4.1706E-04  8.3562E-04 -3.6068E-03
  8.7570E-16 -8.1497E-04 -4.2109E-03
  3.4954E-16  1.0640E-15 -5.3347E-03
  5.6811E-16  8.1497E-04 -4.2109E-03
 -4.1706E-04 -8.3562E-04 -3.6068E-03
 -4.4224E-04  1.0816E-15 -4.6377E-03
 -4.1706E-04  8.3562E-04 -3.6068E-03
  1.3001E-03 -2.4419E-03 -8.0841E-04
  1.6445E-03  4.9725E-15 -1.0256E-03
  1.3001E-03  2.4419E-03 -8.0841E-04
  3.1330E-15 -2.4593E-03 -9.4993E-04
  1.3739E-15  3.6054E-15 -1.2086E-03
  6.6542E-16  2.4593E-03 -9.4993E-04
 -1.3001E-03 -2.4419E-03 -8.0841E-04
 -1.6445E-03  2.9707E-15 -1.0256E-03
 -1.3001E-03  2.4419E-03 -8.0841E-04
  9.0666E-04 -1.7325E-03  2.6700E-03
  1.1685E-03 -4.9964E-16  3.6749E-03
  9.0666E-04  1.7325E-03  2.6700E-03
  1.5357E-15 -1.7334E-03  3.1365E-03
  1.0675E-15 -8.9547E-16  4.2179E-03
  1.2080E-15  1.7334E-03  3.1365E-03
 -9.0666E-04 -1.7325E-03  2.6700E-03
 -1.1685E-03 -7.6535E-16  3.6749E-03
 -9.0666E-04  1.7325E-03  2.6700E-03
 -3.4062E-04  6.8468E-04  3.5491E-03
 -4.4677E-04 -3.0681E-15  4.8714E-03
 -3.4062E-04 -6.8468E-04  3.5491E-03
  1.4757E-16  6.8148E-04  4.1671E-03
  6.5318E-16 -2.1850E-15  5.5951E-03
  9.3986E-16 -6.8148E-04  4.1671E-03
  3.4062E-04  6.8468E-04  3.5491E-03
  4.4677E-04 -2.0035E-15  4.8714E-03
  3.4062E-04 -6.8468E-04  3.5491E-03
 -1.2452E-03  2.4608E-03  9.9966E-04
 -1.6276E-03  2.1327E-15  1.3704E-03
 -1.2452E-03 -2.4608E-03  9.9966E-04
 -1.9953E-15  2.4507E-03  1.1738E-03
 -1.8968E-15  2.1721E-15  1.5745E-03
 -2.6305E-15 -2.4507E-03  1.1738E-03
  1.2452E-03  2.4608E-03  9.9966E-04
  1.6276E-03  1.6751E-15  1.3704E-03
  1.2452E-03 -2.4608E-03  9.9966E-04
 -9.4469E-04  1.8664E-03 -2.5141E-03
 -1.2352E-03  3.2546E-15 -3.4560E-03
 -9.4469E-04 -1.8664E-03 -2.5141E-03
 -3.6767E-15  1.8584E-03 -2.9490E-03
 -3.0061E-15  3.1375E-15 -3.9665E-03
 -3.7268E-15 -1.8584E-03 -2.9490E-03
  9.4469E-04  1.8664E-03 -2.5141E-03
  1.2352E-03  2.8598E-15 -3.4560E-03
  9.4469E-04 -1.8664E-03 -2.5141E-03
  2.6739E-04 -5.2970E-04 -3.6003E-03
  3.5006E-04 -1.3330E-15 -4.9478E-03
  2.6739E-04  5.2970E-04 -3.6003E-03
 -2.2716E-15 -5.2723E-04 -4.2232E-03
 -6.8853E-16 -5.8464E-16 -5.6790E-03
 -2.9030E-17  5.2723E-04 -4.2232E-03
 -2.6739E-04 -5.2970E-04 -3.6003E-03
 -3.5006E-04 -2.5462E-16 -4.9478E-03
 -2.6739E-04  5.2970E-04 -3.6003E-03
  1.2208E-03 -2.4151E-03 -1.2106E-03
  1.5974E-03 -1.1329E-15 -1.6636E-03
  1.2208E-03  2.4151E-03 -1.2106E-03
 -1.7250E-15 -2.4042E-03 -1.4201E-03
 -7.3939E-16 -4.5421E-16 -1.9095E-03
  3.8384E-16  2.4042E-03 -1.4201E-03
 -1.2208E-03 -2.4151E-03 -1.2106E-03
 -1.5974E-03 -5.0266E-16 -1.6636E-03
 -1.2208E-03  2.4151E-03 -1.2106E-03
  9.9550E-04 -1.9693E-03  2.3477E-03
  1.3026E-03  2.5995E-15  3.2265E-03
  9.9550E-04  1.9693E-03  2.3477E-03
 -1.6738E-15 -1.9604E-03  2.7539E-03
 -2.3487E-15  2.0215E-15  3.7033E-03
 -2.4004E-15  1.9604E-03  2.7539E-03
 -9.9550E-04 -1.9693E-03  2.3477E-03
 -1.3026E-03  1.9965E-15  3.2265E-03
 -9.9550E-04  1.9693E-03  2.3477E-03
 -1.9086E-04  3.7750E-04  3.6396E-03
 -2.4968E-04 -1.5370E-16  5.0020E-03
 -1.9086E-04 -3.7750E-04  3.6396E-03
  2.7602E-15  3.7582E-04  4.2692E-03
  2.0278E-15 -9.4819E-16  5.7411E-03
  5.2969E-16 -3.7582E-04  4.2692E-03
  1.9086E-04  3.7750E-04  3.6396E-03
  2.4968E-04 -8.2884E-16  5.0020E-03
  1.9086E-04 -3.7750E-04  3.6396E-03
 -1.1929E-03  2.3600E-03  1.4179E-03
 -1.5609E-03 -2.5226E-15  1.9489E-03
 -1.1929E-03 -2.3600E-03  1.4179E-03
  2.6199E-15  2.3494E-03  1.6631E-03
  2.8128E-15 -2.3868E-15  2.2367E-03
  2.1300E-15 -2.3494E-03  1.6631E-03
  1.1929E-03  2.3600E-03  1.4179E-03
  1.5609E-03 -2.1528E-15  1.9489E-03
  1.1929E-03 -2.3600E-03  1.4179E-03
 -1.0428E-03  2.0650E-03 -2.1725E-03
 -1.3651E-03  9.0582E-16 -2.9858E-03
 -1.0428E-03 -2.0650E-03 -2.1725E-03
 -3.7948E-15  2.0554E-03 -2.5485E-03
 -1.9879E-15  1.7707E-15 -3.4271E-03
 -2.6573E-15 -2.0554E-03 -2.5485E-03
  1.0428E-03  2.0650E-03 -2.1725E-03
  1.3651E-03  2.8407E-15 -2.9858E-03
  1.0428E-03 -2.0650E-03 -2.1725E-03
  1.1498E-04 -2.2245E-04 -3.6651E-03
  1.4837E-04  1.5539E-15 -5.0393E-03
  1.1498E-04  2.2245E-04 -3.6651E-03
 -2.7571E-15 -2.2254E-04 -4.2987E-03
 -2.0174E-15  2.9250E-15 -5.7832E-03
 -3.3712E-15  2.2254E-04 -4.2987E-03
 -1.1498E-04 -2.2245E-04 -3.6651E-03
 -1.4837E-04  3.2808E-15 -5.0393E-03
 -1.1498E-04  2.2245E-04 -3.6651E-03
  1.1617E-03 -2.2964E-03 -1.6182E-03
  1.5172E-03 -5.5609E-16 -2.2318E-03
  1.1617E-03  2.2964E-03 -1.6182E-03
 -3.1340E-16 -2.2879E-03 -1.8949E-03
  1.3881E-15 -4.9214E-16 -2.5577E-03
 -8.1105E-16  2.2879E-03 -1.8949E-03
 -1.1617E-03 -2.2964E-03 -1.6182E-03
 -1.5172E-03 -4.0687E-16 -2.2318E-03
 -1.1617E-03  2.2964E-03 -1.6182E-03
  1.0780E-03 -2.1682E-03  1.9917E-03
  1.4170E-03 -1.9705E-15  2.7271E-03
  1.0780E-03  2.1682E-03  1.9917E-03
  3.3733E-15 -2.1560E-03  2.3447E-03
  5.1099E-15 -3.1427E-15  3.1368E-03
  4.6883E-15  2.1560E-03  2.3447E-03
 -1.0780E-03 -2.1682E-03  1.9917E-03
 -1.4170E-03 -3.0786E-15  2.7271E-03
 -1.0780E-03  2.1682E-03  1.9917E-03
 -7.6097E-05  6.3041E-06  3.6672E-03
 -5.2521E-05 -4.4789E-15  5.0751E-03
 -7.6097E-05 -6.3041E-06  3.6672E-03
  1.2554E-14  2.8832E-05  4.3132E-03
  1.1847E-14 -5.2522E-15  5.8167E-03
  1.1940E-14 -2.8832E-05  4.3132E-03
  7.6097E-05  6.3041E-06  3.6672E-03
  5.2521E-05 -6.1406E-15  5.0751E-03
  7.6097E-05 -6.3041E-06  3.6672E-03
 -1.1929E-03  2.1208E-03  1.7256E-03
 -1.4203E-03 -5.0390E-15  2.6254E-03
 -1.1929E-03 -2.1208E-03  1.7256E-03
  1.3425E-14  2.1464E-03  2.0454E-03
  1.2547E-14 -6.1219E-15  2.9776E-03
  1.1512E-14 -2.1464E-03  2.0454E-03
  1.1929E-03  2.1208E-03  1.7256E-03
  1.4203E-03 -6.8944E-15  2.6254E-03
  1.1929E-03 -2.1208E-03  1.7256E-03
 -1.1030E-03  2.3197E-03 -2.2235E-03
 -1.2858E-03 -6.7078E-15 -2.1766E-03
 -1.1030E-03 -2.3197E-03 -2.2235E-03
  1.1503E-14  2.3217E-03 -2.3836E-03
  1.1881E-14 -7.1814E-15 -2.3680E-03
  1.0896E-14 -2.3217E-03 -2.3836E-03
  1.1030E-03  2.3197E-03 -2.2235E-03
  1.2858E-03 -7.2637E-15 -2.1766E-03
  1.1030E-03 -2.3197E-03 -2.2235E-03
 -5.1682E-04  1.7036E-03 -4.7470E-03
 -5.9240E-04 -9.5687E-15 -5.0417E-03
 -5.1682E-04 -1.7036E-03 -4.7470E-03
  1.7190E-14  1.6801E-03 -5.0694E-03
  1.8329E-14 -9.7592E-15 -5.4074E-03
  1.7172E-14 -1.6801E-03 -5.0694E-03
  5.1682E-04  1.7036E-03 -4.7470E-03
  5.9240E-04 -9.5786E-15 -5.0417E-03
  5.1682E-04 -1.7036E-03 -4.7470E-03
   1.7562E-01
  0.0000E+00  0.0000E+00  0.0000E+00
  0.0000E+00  0.0000E+00  0.0000E+00
  0.0000E+00  0.0000E+00  0.0000E+00
  0.0000E+00  0.0000E+00  0.0000E+00
  0.0000E+00  0.0000E+00  0.0000E+00
  0.0000E+00  0.0000E+00  0.0000E+00
  0.0000E+00  0.0000E+00  0.0000E+00
  0.0000E+00  0.0000E+00  0.0000E+00
  0.0000E+00  0.0000E+00  0.0000E+00
 -3.4103E-03 -1.0977E-03  2.1818E-03
 -2.7325E-03 -2.1272E-15  2.2208E-03
 -3.4103E-03  1.0977E-03  2.1818E-03
 -3.8258E-03 -2.1083E-15 -8.6879E-16
 -3.1781E-03 -1.2614E-15  9.1562E-16
 -3.8258E-03  2.4724E-16  3.7015E-15
 -3.4103E-03  1.0977E-03 -2.1818E-03
 -2.7325E-03 -1.4714E-15 -2.2208E-03
 -3.4103E-03 -1.0977E-03 -2.1818E-03
  1.1653E-03 -1.0510E-04  3.7096E-03
  1.3622E-03  9.9217E-16  3.9129E-03
  1.1653E-03  1.0510E-04  3.7096E-03
  1.2520E-03 -4.2277E-16 -2.4345E-15
  1.4629E-03  5.2093E-16  6.0691E-16
  1.2520E-03  1.9251E-15  3.7908E-15
  1.1653E-03  1.0510E-04 -3.7096E-03
  1.3622E-03  4.8692E-16 -3.9129E-03
  1.1653E-03 -1.0510E-04 -3.7096E-03
  3.1049E-03  3.4098E-04  2.1577E-03
  3.0692E-03  4.6311E-15  2.0526E-03
  3.1049E-03 -3.4098E-04  2.1577E-03
  3.3767E-03  2.2074E-17 -1.7420E-15
  3.3971E-03  1.6910E-15  7.5113E-17
  3.3767E-03  2.5254E-15  5.9942E-16
  3.1049E-03 -3.4098E-04 -2.1577E-03
  3.0692E-03 -1.9243E-16 -2.0526E-03
  3.1049E-03  3.4098E-04 -2.1577E-03
 -2.1379E-03 -8.6809E-04  2.1083E-03
 -1.5186E-03  1.6519E-15  1.9314E-03
 -2.1379E-03  8.6809E-04  2.1083E-03
 -2.3609E-03 -2.5854E-15 -8.5330E-16
 -1.7806E-03 -1.2183E-15 -8.5241E-16
 -2.3609E-03  2.4680E-17 -1.4791E-15
 -2.1379E-03  8.6809E-04 -2.1083E-03
 -1.5186E-03 -1.8506E-15 -1.9314E-03
 -2.1379E-03 -8.6809E-04 -2.1083E-03
 -2.5244E-03 -9.3181E-04  4.6333E-03
 -1.8801E-03 -1.5508E-15  4.8027E-03
 -2.5244E-03  9.3181E-04  4.6333E-03
 -2.7823E-03 -2.7086E-15 -1.4738E-15
 -2.1836E-03 -1.7940E-15 -7.4195E-16
 -2.7823E-03  2.3184E-16  2.7142E-16
 -2.5244E-03  9.3181E-04 -4.6333E-03
 -1.8801E-03 -2.1251E-15 -4.8027E-03
 -2.5244E-03 -9.3181E-04 -4.6333E-03
  2.8312E-03  3.5304E-04  4.8266E-03
  2.7644E-03  2.6182E-15  4.9701E-03
  2.8312E-03 -3.5304E-04  4.8266E-03
  3.0847E-03 -5.1342E-16 -5.6286E-16
  3.0697E-03  1.4784E-15  4.5409E-16
  3.0847E-03  3.2655E-15  1.5194E-15
  2.8312E-03 -3.5304E-04 -4.8266E-03
  2.7644E-03  3.7936E-16 -4.9701E-03
  2.8312E-03  3.5304E-04 -4.8266E-03
  1.6183E-03  1.0468E-04  3.0676E-03
  1.6722E-03  5.5369E-15  2.8757E-03
  1.6183E-03 -1.0468E-04  3.0676E-03
  1.7583E-03  1.6430E-15  9.1157E-16
  1.8420E-03  4.4732E-15  1.3185E-15
  1.7583E-03  6.9691E-15  9.4227E-16
  1.6183E-03 -1.0468E-04 -3.0676E-03
  1.6722E-03  4.3473E-15 -2.8757E-03
  1.6183E-03  1.0468E-04 -3.0676E-03
 -3.3682E-03 -1.0237E-03  4.1392E-03
 -2.7161E-03  1.9912E-16  4.0755E-03
 -3.3682E-03  1.0237E-03  4.1392E-03
 -3.7006E-03 -7.3074E-16  2.2661E-17
 -3.1095E-03  8.1407E-16  1.2079E-15
 -3.7006E-03  2.2760E-15  9.4135E-16
 -3.3682E-03  1.0237E-03 -4.1392E-03
 -2.7161E-03 -1.3057E-16 -4.0755E-03
 -3.3682E-03 -1.0237E-03 -4.1392E-03
 -6.5536E-04 -3.4851E-04  6.2222E-03
 -3.8681E-04 -1.0159E-15  6.4573E-03
 -6.5536E-04  3.4851E-04  6.2222E-03
 -7.2763E-04 -5.1199E-16 -2.2846E-15
 -4.7078E-04 -3.3619E-16  4.4741E-16
 -7.2763E-04 -4.5334E-16  2.4303E-15
 -6.5536E-04  3.4851E-04 -6.2222E-03
 -3.8681E-04 -2.3871E-15 -6.4573E-03
 -6.5536E-04 -3.4851E-04 -6.2222E-03
  3.5267E-03  6.7228E-04  5.0723E-03
  3.2230E-03  2.3837E-15  5.0909E-03
  3.5267E-03 -6.7228E-04  5.0723E-03
  3.8545E-03  3.1092E-15 -7.2851E-16
  3.6151E-03  2.7582E-15 -9.1985E-17
  3.8545E-03  2.6176E-15  2.2672E-16
  3.5267E-03 -6.7228E-04 -5.0723E-03
  3.2230E-03  2.2922E-15 -5.0909E-03
  3.5267E-03  6.7228E-04 -5.0723E-03
 -4.2991E-04 -2.0957E-04  3.7738E-03
 -2.7179E-04  1.4703E-15  3.5595E-03
 -4.2991E-04  2.0957E-04  3.7738E-03
 -4.7634E-04 -4.5918E-16  1.6588E-15
 -3.2592E-04  2.3090E-16 -4.9175E-16
 -4.7634E-04 -3.0904E-16 -3.3554E-15
 -4.2991E-04  2.0957E-04 -3.7738E-03
 -2.7179E-04  4.0006E-16 -3.5595E-03
 -4.2991E-04 -2.0957E-04 -3.7738E-03
 -3.4191E-03 -8.6413E-04  5.6436E-03
 -2.9232E-03 -4.9579E-16  5.7163E-03
 -3.4191E-03  8.6413E-04  5.6436E-03
 -3.7477E-03 -1.6897E-15  3.1717E-15
 -3.3138E-03 -2.5540E-15 -6.5520E-16
 -3.7477E-03 -2.9349E-15 -4.8191E-15
 -3.4191E-03  8.6413E-04 -5.6436E-03
 -2.9232E-03 -3.7272E-15 -5.7163E-03
 -3.4191E-03 -8.6413E-04 -5.6436E-03
  1.4407E-03  3.1809E-04  6.6015E-03
  1.2756E-03  2.5411E-15  6.8215E-03
  1.4407E-03 -3.1809E-04  6.6015E-03
  1.5769E-03  2.5887E-15  4.2288E-15
  1.4381E-03  1.5497E-15  2.2870E-16
  1.5769E-03  9.7227E-17 -3.9417E-15
  1.4407E-03 -3.1809E-04 -6.6015E-03
  1.2756E-03  5.2752E-16 -6.8215E-03
  1.4407E-03  3.1809E-04 -6.6015E-03
  2.9832E-03  7.2377E-04  4.5499E-03
  2.5797E-03  2.8662E-15  4.4388E-03
  2.9832E-03 -7.2377E-04  4.5499E-03
  3.2686E-03  5.1264E-15  5.2584E-15
  2.9194E-03  3.5949E-15  1.0200E-15
  3.2686E-03  2.3622E-15 -3.0613E-15
  2.9832E-03 -7.2377E-04 -4.5499E-03
  2.5797E-03  2.7723E-15 -4.4388E-03
  2.9832E-03  7.2377E-04 -4.5499E-03
 -2.3320E-03 -4.7691E-04  4.1967E-03
 -2.0989E-03 -6.1658E-16  4.0364E-03
 -2.3320E-03  4.7691E-04  4.1967E-03
 -2.5493E-03  1.0527E-15  2.8765E-15
 -2.3584E-03 -3.5400E-16  4.4107E-16
 -2.5493E-03 -1.5116E-15 -1.6678E-15
 -2.3320E-03  4.7691E-04 -4.1967E-03
 -2.0989E-03 -8.3697E-16 -4.0364E-03
 -2.3320E-03 -4.7691E-04 -4.1967E-03
 -2.2814E-03 -4.2851E-04  6.2320E-03
 -2.0863E-03 -2.4168E-15  6.4143E-03
 -2.2814E-03  4.2851E-04  6.2320E-03
 -2.4905E-03 -2.3138E-15 -1.5167E-15
 -2.3360E-03 -2.7999E-15 -1.3594E-15
 -2.4905E-03 -2.8016E-15  8.1255E-16
 -2.2814E-03  4.2851E-04 -6.2320E-03
 -2.0863E-03 -3.0633E-15 -6.4143E-03
 -2.2814E-03 -4.2851E-04 -6.2320E-03
  3.0031E-03  8.2749E-04  5.7469E-03
  2.5195E-03 -1.7695E-15  5.8671E-03
  3.0031E-03 -8.2749E-04  5.7469E-03
  3.3070E-03 -2.0054E-15 -2.6150E-15
  2.8799E-03 -1.9198E-15 -2.0252E-15
  3.3070E-03 -2.1844E-15 -1.5649E-16
  3.0031E-03 -8.2749E-04 -5.7469E-03
  2.5195E-03 -1.0916E-15 -5.8671E-03
  3.0031E-03  8.2749E-04 -5.7469E-03
  1.3157E-03  4.0163E-04  3.5524E-03
  1.1160E-03 -2.7937E-15  3.3030E-03
  1.3157E-03 -4.0163E-04  3.5524E-03
  1.4544E-03 -1.9654E-15 -4.2021E-16
  1.3022E-03 -2.4353E-15 -1.3358E-15
  1.4544E-03 -3.2117E-15 -1.6387E-15
  1.3157E-03 -4.0163E-04 -3.5524E-03
  1.1160E-03 -1.9036E-15 -3.3030E-03
  1.3157E-03  4.0163E-04 -3.5524E-03
 -3.7373E-03 -9.6690E-04  4.4020E-03
 -2.9702E-03 -5.9953E-15  4.0965E-03
 -3.7373E-03  9.6690E-04  4.4020E-03
 -3.9496E-03 -4.0905E-15  1.4908E-15
 -3.1925E-03 -4.9004E-15  3.5464E-16
 -3.9496E-03 -5.6636E-15 -5.6375E-16
 -3.7373E-03  9.6690E-04 -4.4020E-03
 -2.9702E-03 -4.0778E-15 -4.0965E-03
 -3.7373E-03 -9.6690E-04 -4.4020E-03
 -8.0951E-04 -1.4833E-03  6.2889E-03
  3.2206E-04 -6.7126E-15  6.0711E-03
 -8.0951E-04  1.4833E-03  6.2889E-03
 -9.8403E-04 -4.1628E-15  1.7614E-15
  1.2810E-04 -4.7095E-15  1.3769E-15
 -9.8403E-04 -5.4195E-15  1.3748E-15
 -8.0951E-04  1.4833E-03 -6.2889E-03
  3.2206E-04 -4.0065E-15 -6.0711E-03
 -8.0951E-04 -1.4833E-03 -6.2889E-03
