Scalar STRAINXZ under Static for nodeset
189
   0.0000E+00
 -1.5429E-01
 -1.5355E-01
 -1.5429E-01
  2.2149E-11
  8.3566E-11
  2.2149E-11
  1.5429E-01
  1.5355E-01
  1.5429E-01
 -4.3762E-02
 -4.4540E-02
 -4.3762E-02
  8.0599E-12
  2.7589E-11
  8.0599E-12
  4.3762E-02
  4.4540E-02
  4.3762E-02
  5.2726E-03
  5.2048E-03
  5.2726E-03
 -3.8866E-11
 -1.4642E-10
 -3.8866E-11
 -5.2726E-03
 -5.2048E-03
 -5.2726E-03
  1.6474E-04
  9.3183E-04
  1.6474E-04
 -6.1907E-11
 -2.3150E-10
 -6.1907E-11
 -1.6474E-04
 -9.3183E-04
 -1.6474E-04
  3.3384E-05
 -5.8105E-05
  3.3384E-05
 -2.8207E-11
 -1.0522E-10
 -2.8206E-11
 -3.3384E-05
  5.8105E-05
 -3.3384E-05
 -1.2688E-05
 -1.1203E-05
 -1.2688E-05
  3.5978E-11
  1.3504E-10
  3.5978E-11
  1.2688E-05
  1.1203E-05
  1.2688E-05
  4.5167E-07
  4.0741E-07
  4.5167E-07
  7.4042E-11
  2.7777E-10
  7.4042E-11
 -4.5172E-07
 -4.0752E-07
 -4.5172E-07
  6.6306E-08
  1.2031E-07
  6.6301E-08
  5.5321E-11
  2.0813E-10
  5.5321E-11
 -6.6344E-08
 -1.2039E-07
 -6.6339E-08
  8.5273E-11
  2.6294E-09
  8.1357E-11
  1.4298E-12
  6.2205E-12
  1.4314E-12
 -8.8761E-11
 -2.6391E-09
 -8.4842E-11
  3.0476E-09
 -3.3179E-09
  3.0422E-09
 -4.2335E-11
 -1.5860E-10
 -4.2333E-11
 -3.0203E-09
  3.3762E-09
 -3.0149E-09
  9.0754E-10
 -8.3244E-10
  9.0274E-10
 -4.9725E-11
 -1.8715E-10
 -4.9724E-11
 -8.7294E-10
  9.0852E-10
 -8.6814E-10
  2.6650E-11
  5.3386E-10
  2.9204E-11
 -2.5513E-11
 -9.6404E-11
 -2.5512E-11
 -7.7338E-12
 -4.9126E-10
 -1.0284E-11
 -1.6928E-09
  9.0800E-10
 -1.6796E-09
  9.0363E-12
  3.3582E-11
  9.0377E-12
  1.6878E-09
 -9.1774E-10
  1.6746E-09
 -3.9629E-09
  2.4964E-09
 -3.9453E-09
  3.0656E-11
  1.1481E-10
  3.0658E-11
  3.9433E-09
 -2.5381E-09
  3.9257E-09
  2.3854E-09
 -1.4995E-09
  2.3959E-09
  2.4236E-11
  9.0607E-11
  2.4240E-11
 -2.4005E-09
  1.4678E-09
 -2.4110E-09
  6.1173E-10
 -4.2837E-10
  6.1000E-10
 -5.8133E-12
 -2.2048E-11
 -5.8165E-12
 -6.0719E-10
  4.3874E-10
 -6.0547E-10
  1.1026E-09
 -2.0536E-10
  1.0946E-09
 -3.4469E-11
 -1.2930E-10
 -3.4472E-11
 -1.0800E-09
  2.5413E-10
 -1.0719E-09
 -9.3474E-10
  5.8913E-10
 -9.3924E-10
 -3.5618E-11
 -1.3334E-10
 -3.5613E-11
  9.5756E-10
 -5.4056E-10
  9.6207E-10
  6.8277E-10
 -2.3533E-10
  6.8583E-10
 -5.1393E-12
 -1.8715E-11
 -5.1310E-12
 -6.8062E-10
  2.3920E-10
 -6.8367E-10
 -1.8266E-11
 -4.3766E-10
 -1.0306E-11
  3.6192E-11
  1.3414E-10
  3.6191E-11
 -3.2525E-12
  3.9171E-10
 -1.1214E-11
 -1.6791E-09
  1.1695E-09
 -1.6721E-09
  5.1783E-11
  1.9068E-10
  5.1778E-11
  1.6407E-09
 -1.2626E-09
  1.6337E-09
