Scalar STRAINXZ under Static for nodeset
189
   0.0000E+00
 -1.5429E-01
 -1.5355E-01
 -1.5429E-01
  3.8721E-14
  5.0127E-14
  3.4037E-14
  1.5429E-01
  1.5355E-01
  1.5429E-01
 -4.3762E-02
 -4.4540E-02
 -4.3762E-02
  1.6098E-15
  9.8255E-15
 -3.1086E-15
  4.3762E-02
  4.4540E-02
  4.3762E-02
  5.2726E-03
  5.2048E-03
  5.2726E-03
  8.8818E-15
  5.2736E-15
  3.9413E-15
 -5.2726E-03
 -5.2048E-03
 -5.2726E-03
  1.6474E-04
  9.3183E-04
  1.6474E-04
  8.5487E-15
  3.5527E-15
  4.4409E-15
 -1.6474E-04
 -9.3183E-04
 -1.6474E-04
  3.3381E-05
 -5.8103E-05
  3.3381E-05
  7.6605E-15
  3.3307E-15
  4.1078E-15
 -3.3381E-05
  5.8103E-05
 -3.3381E-05
 -1.2689E-05
 -1.1204E-05
 -1.2689E-05
  7.3275E-15
  3.9968E-15
  4.2188E-15
  1.2689E-05
  1.1204E-05
  1.2689E-05
  4.5371E-07
  4.0611E-07
  4.5371E-07
  7.9936E-15
  3.3307E-15
  4.4409E-15
 -4.5371E-07
 -4.0611E-07
 -4.5371E-07
  6.8972E-08
  1.1948E-07
  6.8972E-08
  6.6613E-15
  3.5527E-15
  3.1086E-15
 -6.8972E-08
 -1.1948E-07
 -6.8972E-08
  4.3195E-11
  2.4001E-09
  4.3187E-11
  7.1054E-15
  2.8866E-15
  2.6645E-15
 -4.3182E-11
 -2.4001E-09
 -4.3183E-11
 -3.7346E-10
 -1.8094E-09
 -3.7346E-10
  6.6613E-15
  2.6645E-15
  3.5527E-15
  3.7347E-10
  1.8094E-09
  3.7347E-10
 -1.3542E-10
 -2.9514E-11
 -1.3542E-10
  7.1054E-15
  3.1086E-15
  2.2204E-15
  1.3543E-10
  2.9518E-11
  1.3542E-10
  1.9772E-11
  1.6726E-11
  1.9766E-11
  7.5495E-15
  2.2204E-15
  2.6645E-15
 -1.9759E-11
 -1.6724E-11
 -1.9762E-11
 -1.0036E-13
  9.1305E-13
 -1.0747E-13
  5.7732E-15
  2.6645E-15
  2.2204E-15
  1.1013E-13
 -9.0949E-13
  1.1013E-13
 -2.3537E-14
 -1.4788E-13
 -2.7534E-14
  5.3291E-15
  3.1086E-15
  8.8818E-16
  3.3307E-14
  1.5232E-13
  2.7978E-14
 -7.9936E-15
 -1.9096E-14
 -1.1102E-14
  4.4409E-15
  2.2204E-15
 -8.8818E-16
  1.6431E-14
  2.3093E-14
  8.8818E-15
  6.6613E-15
 -5.3291E-15
 -1.7764E-15
  3.1086E-15
  8.8818E-16
 -1.7764E-15
 -8.8818E-16
  6.6613E-15
 -2.2204E-15
  4.4409E-15
 -1.3323E-15
 -4.4409E-16
  2.6645E-15
 -8.8818E-16
  8.8818E-16
  4.4409E-16
 -2.2204E-15
  2.2204E-15
  8.8818E-16
 -1.7764E-15
 -1.7764E-15
  0.0000E+00
 -8.8818E-16
  0.0000E+00
 -1.7764E-15
  1.7764E-15
  8.8818E-16
  1.7764E-15
  1.7764E-15
 -6.2172E-15
  1.7764E-15
  0.0000E+00
 -1.7764E-15
  1.7764E-15
 -2.6645E-15
  2.6645E-15
  2.6645E-15
 -8.8818E-15
  8.8818E-15
 -1.7764E-15
 -8.8818E-16
  6.2172E-15
 -6.2172E-15
  5.3291E-15
  2.6645E-15
 -8.8818E-15
  5.3291E-15
  1.7764E-15
 -5.3291E-15
 -8.8818E-16
  3.5527E-15
 -3.5527E-15
 -7.1054E-15
  3.5527E-15
