Scalar STRAINXZ under Static for nodeset
189
   0.0000E+00
 -1.5429E-01
 -1.5355E-01
 -1.5429E-01
  1.6954E-11
  6.4712E-11
  1.6954E-11
  1.5429E-01
  1.5355E-01
  1.5429E-01
 -4.3762E-02
 -4.4540E-02
 -4.3762E-02
  1.4568E-11
  5.3962E-11
  1.4568E-11
  4.3762E-02
  4.4540E-02
  4.3762E-02
  5.2726E-03
  5.2048E-03
  5.2726E-03
 -2.1674E-12
 -8.0413E-12
 -2.1675E-12
 -5.2726E-03
 -5.2048E-03
 -5.2726E-03
  1.6474E-04
  9.3183E-04
  1.6474E-04
 -1.3978E-11
 -5.1974E-11
 -1.3977E-11
 -1.6474E-04
 -9.3183E-04
 -1.6474E-04
  3.3383E-05
 -5.8105E-05
  3.3383E-05
 -8.9882E-12
 -3.3506E-11
 -8.9870E-12
 -3.3383E-05
  5.8105E-05
 -3.3383E-05
 -1.2688E-05
 -1.1203E-05
 -1.2688E-05
  5.9500E-12
  2.2148E-11
  5.9502E-12
  1.2688E-05
  1.1203E-05
  1.2688E-05
  4.5193E-07
  4.0711E-07
  4.5194E-07
  1.3827E-11
  5.1471E-11
  1.3828E-11
 -4.5194E-07
 -4.0712E-07
 -4.5195E-07
  6.6738E-08
  1.2026E-07
  6.6749E-08
  5.2784E-12
  1.9520E-11
  5.2782E-12
 -6.6741E-08
 -1.2026E-07
 -6.6752E-08
  1.2887E-10
  2.7615E-09
  1.2983E-10
 -1.1769E-11
 -4.4249E-11
 -1.1768E-11
 -1.2078E-10
 -2.7438E-09
 -1.2175E-10
  2.4468E-09
 -3.4227E-09
  2.4381E-09
 -2.1718E-11
 -8.1639E-11
 -2.1717E-11
 -2.4320E-09
  3.4552E-09
 -2.4233E-09
  8.8197E-10
 -5.0302E-10
  8.7338E-10
 -1.7486E-11
 -6.5982E-11
 -1.7487E-11
 -8.6930E-10
  5.3133E-10
 -8.6071E-10
 -9.0999E-11
  3.9309E-10
 -8.9149E-11
 -4.9211E-12
 -1.8861E-11
 -4.9191E-12
  9.5442E-11
 -3.8246E-10
  9.3596E-11
 -1.4720E-09
  6.7592E-10
 -1.4588E-09
  5.8461E-12
  2.1765E-11
  5.8478E-12
  1.4686E-09
 -6.8263E-10
  1.4555E-09
 -3.3068E-09
  2.3313E-09
 -3.2919E-09
  9.2486E-12
  3.4752E-11
  9.2510E-12
  3.3005E-09
 -2.3449E-09
  3.2857E-09
  2.0132E-09
 -1.4897E-09
  2.0185E-09
  5.6311E-12
  2.1209E-11
  5.6334E-12
 -2.0171E-09
  1.4810E-09
 -2.0224E-09
  5.4306E-10
 -2.7440E-10
  5.3602E-10
 -1.4801E-12
 -5.5504E-12
 -1.4799E-12
 -5.4209E-10
  2.7650E-10
 -5.3504E-10
  9.7505E-10
 -2.1425E-10
  9.6223E-10
 -7.2302E-12
 -2.7119E-11
 -7.2287E-12
 -9.7030E-10
  2.2448E-10
 -9.5747E-10
 -8.8255E-10
  5.0489E-10
 -8.9235E-10
 -6.9099E-12
 -2.5769E-11
 -6.9075E-12
  8.8669E-10
 -4.9635E-10
  8.9650E-10
  6.1996E-10
 -2.3394E-10
  6.1726E-10
  1.0797E-12
  4.3892E-12
  1.0817E-12
 -6.2154E-10
  2.2986E-10
 -6.1885E-10
 -5.0989E-11
 -3.1815E-10
 -4.7868E-11
  1.2594E-11
  4.6833E-11
  1.2592E-11
  4.3078E-11
  3.0089E-10
  3.9952E-11
 -1.3718E-09
  9.9844E-10
 -1.3679E-09
  1.7010E-11
  6.2729E-11
  1.7009E-11
  1.3589E-09
 -1.0296E-09
  1.3551E-09
