Scalar STRAINXY under Static for nodeset
189
   0.0000E+00
  0.0000E+00
  0.0000E+00
  0.0000E+00
  0.0000E+00
  0.0000E+00
  0.0000E+00
  0.0000E+00
  0.0000E+00
  0.0000E+00
 -1.4895E-03
  3.4174E-16
  1.4895E-03
 -8.9651E-15
  4.1046E-18
  8.9970E-15
  1.4895E-03
 -3.6429E-16
 -1.4895E-03
  6.4925E-03
  4.4669E-16
 -6.4925E-03
 -7.5218E-15
 -7.7277E-17
  7.4725E-15
 -6.4925E-03
 -5.3907E-16
  6.4925E-03
 -9.2234E-04
  2.6021E-16
  9.2234E-04
 -7.1332E-15
  5.9252E-17
  7.2883E-15
  9.2234E-04
 -2.1511E-16
 -9.2234E-04
  3.8189E-05
  4.2661E-16
 -3.8189E-05
 -6.3699E-15
  1.0341E-16
  6.5191E-15
 -3.8189E-05
 -2.6993E-16
  3.8189E-05
 -1.8476E-06
  4.0224E-16
  1.8476E-06
 -6.2450E-15
  9.5030E-17
  6.1752E-15
  1.8476E-06
  8.2399E-17
 -1.8476E-06
  4.8624E-07
  8.3267E-17
 -4.8624E-07
 -5.6066E-15
  3.2279E-17
  5.8361E-15
 -4.8624E-07
 -2.5674E-16
  4.8624E-07
  7.7079E-09
 -4.1633E-17
 -7.7079E-09
 -4.7046E-15
 -2.5351E-17
  4.7715E-15
 -7.7079E-09
 -1.7174E-16
  7.7079E-09
 -1.1973E-08
  3.7817E-16
  1.1973E-08
 -4.3437E-15
  4.2902E-16
  5.1814E-15
  1.1973E-08
  4.1633E-17
 -1.1973E-08
  1.1789E-09
  2.6736E-16
 -1.1789E-09
 -3.5805E-15
  9.3319E-17
  3.7401E-15
 -1.1789E-09
 -1.0663E-16
  1.1789E-09
 -6.0798E-11
  2.7756E-16
  6.0798E-11
 -3.5805E-15
 -1.9082E-16
  3.3529E-15
  6.0791E-11
 -6.2970E-16
 -6.0792E-11
  1.0666E-11
  6.3534E-17
 -1.0666E-11
 -2.9005E-15
 -3.8107E-16
  2.2117E-15
 -1.0673E-11
 -7.3747E-16
  1.0671E-11
 -1.2777E-12
  3.0531E-16
  1.2776E-12
 -2.7339E-15
 -1.5179E-16
  1.9647E-15
  1.2731E-12
 -4.0246E-16
 -1.2741E-12
 -3.1086E-14
 -1.2490E-16
  3.2335E-14
 -8.6042E-16
 -6.3014E-16
  1.0019E-15
  2.8033E-14
 -1.5543E-15
 -2.9809E-14
  1.3545E-14
 -3.6123E-16
 -1.4322E-14
 -3.3584E-15
  7.5345E-17
  1.8927E-15
 -1.7902E-14
  1.3600E-15
  1.7458E-14
 -7.4940E-16
 -2.6368E-16
  2.1927E-15
 -1.9151E-15
  2.8165E-16
  2.1511E-15
 -2.6645E-15
  4.9960E-16
  1.0547E-15
 -1.6653E-16
  2.0400E-15
  1.3323E-15
 -1.4710E-15
  3.0488E-16
  1.6870E-15
 -1.9984E-15
 -1.8180E-15
  5.5511E-16
  9.7145E-16
  2.5327E-16
  1.7486E-15
 -2.2204E-16
 -4.5097E-16
 -1.4666E-16
 -1.1657E-15
 -4.7531E-16
 -9.7145E-16
 -2.8588E-15
 -4.1633E-16
  2.9976E-15
 -3.4694E-16
 -2.6649E-16
  3.8748E-16
  2.2204E-15
  5.1348E-16
 -9.9920E-16
 -4.4409E-16
  6.0021E-16
 -1.9429E-15
  4.8572E-16
  2.0949E-16
 -1.2990E-15
  2.2204E-16
 -1.5127E-15
 -2.1372E-15
  2.4147E-15
  7.7716E-16
 -1.6376E-15
 -5.8287E-16
  7.3573E-17
 -4.7586E-16
 -3.6082E-16
 -5.2042E-16
 -2.3315E-15
