Scalar STRAINXZ under Static for nodeset
189
   0.0000E+00
 -1.5429E-01
 -1.5355E-01
 -1.5429E-01
 -3.2750E-12
 -1.2517E-11
 -3.2750E-12
  1.5429E-01
  1.5355E-01
  1.5429E-01
 -4.3762E-02
 -4.4540E-02
 -4.3762E-02
 -2.8728E-12
 -1.0615E-11
 -2.8728E-12
  4.3762E-02
  4.4540E-02
  4.3762E-02
  5.2726E-03
  5.2048E-03
  5.2726E-03
  1.0394E-12
  4.0428E-12
  1.0394E-12
 -5.2726E-03
 -5.2048E-03
 -5.2726E-03
  1.6474E-04
  9.3183E-04
  1.6474E-04
  5.7071E-12
  2.1463E-11
  5.7064E-12
 -1.6474E-04
 -9.3183E-04
 -1.6474E-04
  3.3383E-05
 -5.8105E-05
  3.3383E-05
  6.6711E-12
  2.4976E-11
  6.6716E-12
 -3.3383E-05
  5.8105E-05
 -3.3383E-05
 -1.2689E-05
 -1.1203E-05
 -1.2689E-05
  1.7801E-12
  6.6107E-12
  1.7812E-12
  1.2689E-05
  1.1203E-05
  1.2689E-05
  4.5235E-07
  4.0779E-07
  4.5236E-07
 -5.3375E-12
 -1.9990E-11
 -5.3364E-12
 -4.5235E-07
 -4.0778E-07
 -4.5235E-07
  6.7551E-08
  1.2005E-07
  6.7556E-08
 -7.7911E-12
 -2.9105E-11
 -7.7900E-12
 -6.7546E-08
 -1.2004E-07
 -6.7551E-08
  1.6524E-10
  3.1716E-09
  1.7681E-10
 -2.5326E-12
 -9.4111E-12
 -2.5333E-12
 -1.6383E-10
 -3.1687E-09
 -1.7540E-10
  1.7039E-09
 -2.9119E-09
  1.7158E-09
  5.8606E-12
  2.1954E-11
  5.8620E-12
 -1.7077E-09
  2.9039E-09
 -1.7195E-09
  7.2279E-10
 -8.9164E-10
  7.2685E-10
  9.0594E-12
  3.3838E-11
  9.0594E-12
 -7.2834E-10
  8.8008E-10
 -7.3239E-10
 -6.0999E-10
  1.1846E-09
 -6.1583E-10
  3.0695E-12
  1.1377E-11
  3.0682E-12
  6.0838E-10
 -1.1877E-09
  6.1421E-10
 -1.0451E-09
  5.1619E-10
 -1.0540E-09
 -7.3315E-12
 -2.7550E-11
 -7.3306E-12
  1.0501E-09
 -5.0528E-10
  1.0590E-09
 -2.1943E-09
  1.8340E-09
 -2.1967E-09
 -1.2886E-11
 -4.8372E-11
 -1.2888E-11
  2.2029E-09
 -1.8155E-09
  2.2053E-09
  1.6064E-09
 -7.5491E-10
  1.6138E-09
 -8.8614E-12
 -3.3322E-11
 -8.8591E-12
 -1.6003E-09
  7.6832E-10
 -1.6077E-09
  3.8433E-10
 -6.0868E-10
  3.9541E-10
  8.4910E-13
  3.0638E-12
  8.4821E-13
 -3.8453E-10
  6.0855E-10
 -3.9561E-10
  8.2407E-10
  1.6997E-10
  8.2973E-10
  8.2960E-12
  3.1107E-11
  8.2969E-12
 -8.2948E-10
 -1.8156E-10
 -8.3514E-10
 -7.8113E-10
  5.9573E-10
 -7.8448E-10
  8.9075E-12
  3.3510E-11
  8.9040E-12
  7.7493E-10
 -6.0938E-10
  7.7827E-10
  3.7546E-10
 -6.5916E-10
  3.6658E-10
  3.9506E-12
  1.4955E-11
  3.9533E-12
 -3.7850E-10
  6.5224E-10
 -3.6960E-10
 -1.7958E-10
  3.5799E-10
 -1.8899E-10
 -2.1663E-12
 -7.8400E-12
 -2.1672E-12
  1.8037E-10
 -3.5671E-10
  1.8978E-10
 -6.0301E-10
  5.3064E-10
 -6.0968E-10
 -4.5404E-12
 -1.6583E-11
 -4.5359E-12
  6.0606E-10
 -5.2341E-10
  6.1273E-10
