Scalar STRAINXY under Static for nodeset
189
   0.0000E+00
  0.0000E+00
  0.0000E+00
  0.0000E+00
  0.0000E+00
  0.0000E+00
  0.0000E+00
  0.0000E+00
  0.0000E+00
  0.0000E+00
 -1.4895E-03
 -1.0287E-14
  1.4895E-03
  2.3800E-14
 -5.4771E-17
 -2.3745E-14
  1.4895E-03
  1.0136E-14
 -1.4895E-03
  6.4925E-03
 -8.3991E-15
 -6.4925E-03
  2.0081E-14
  1.1455E-16
 -1.9942E-14
 -6.4925E-03
  8.6068E-15
  6.4925E-03
 -9.2234E-04
 -7.6310E-15
  9.2234E-04
  1.7930E-14
  3.6182E-17
 -1.7833E-14
  9.2234E-04
  7.4442E-15
 -9.2234E-04
  3.8189E-05
 -6.6686E-15
 -3.8189E-05
  1.6542E-14
 -5.5663E-18
 -1.6445E-14
 -3.8189E-05
  6.8101E-15
  3.8189E-05
 -1.8476E-06
 -6.1704E-15
  1.8476E-06
  1.4946E-14
 -1.2936E-16
 -1.5085E-14
  1.8476E-06
  5.7587E-15
 -1.8476E-06
  4.8624E-07
 -4.9348E-15
 -4.8624E-07
  1.3836E-14
  3.7428E-16
 -1.3406E-14
 -4.8624E-07
  5.6504E-15
  4.8624E-07
  7.7079E-09
 -4.4025E-15
 -7.7079E-09
  1.2448E-14
 -2.0373E-16
 -1.2615E-14
 -7.7078E-09
  4.4340E-15
  7.7079E-09
 -1.1973E-08
 -4.3160E-15
  1.1973E-08
  1.0936E-14
 -2.1243E-17
 -1.0741E-14
  1.1973E-08
  3.7739E-15
 -1.1973E-08
  1.1789E-09
 -2.9041E-15
 -1.1789E-09
  9.6312E-15
  5.1280E-16
 -9.4369E-15
 -1.1789E-09
  4.2627E-15
  1.1789E-09
 -6.0789E-11
 -3.4486E-15
  6.0784E-11
  8.1463E-15
 -1.7994E-17
 -7.8826E-15
  6.0807E-11
  3.8220E-15
 -6.0800E-11
  1.0673E-11
 -2.8870E-15
 -1.0678E-11
  7.4662E-15
 -1.5015E-16
 -7.0360E-15
 -1.0659E-11
  2.1251E-15
  1.0664E-11
 -1.2727E-12
 -1.2043E-15
  1.2693E-12
  5.6344E-15
 -2.7929E-16
 -5.6205E-15
  1.2850E-12
  5.5205E-16
 -1.2817E-12
 -2.6840E-14
 -1.8564E-15
  2.3148E-14
  4.0523E-15
 -1.0399E-17
 -4.0384E-15
  3.4306E-14
  1.8356E-15
 -3.0587E-14
  1.8541E-14
 -1.2991E-15
 -2.0955E-14
  3.9135E-15
  5.9671E-16
 -2.4702E-15
 -1.0242E-14
  2.1213E-15
  1.4821E-14
 -1.1657E-15
 -1.6719E-15
 -2.0262E-15
  2.2898E-15
 -4.0138E-16
 -3.4833E-15
  3.4694E-15
  1.0270E-15
 -2.3315E-15
  2.5258E-15
  6.6861E-16
 -2.5258E-15
  2.3453E-15
  5.9294E-16
 -1.2768E-15
  4.1356E-15
  1.0514E-15
 -8.8818E-16
 -9.7145E-16
 -5.6076E-16
  2.7756E-16
 -4.0246E-16
 -4.0791E-16
  3.1919E-16
  1.3600E-15
 -3.6298E-16
 -1.0825E-15
 -1.8874E-15
 -2.4086E-15
 -3.8858E-16
 -3.8858E-16
 -8.1311E-16
 -6.5226E-16
  1.1935E-15
  1.4515E-15
  3.3307E-16
  1.9429E-15
 -4.0742E-16
 -1.7764E-15
  8.3267E-16
  2.3300E-17
 -1.3878E-16
  1.3878E-15
  7.3157E-16
  3.8858E-16
  3.0809E-15
  4.3784E-15
  5.1348E-15
  2.5813E-15
  1.5645E-15
  8.8818E-16
  1.1380E-15
 -2.0860E-16
 -3.6082E-16
