Scalar STRAINXY under Static for nodeset
189
   0.0000E+00
  0.0000E+00
  0.0000E+00
  0.0000E+00
  0.0000E+00
  0.0000E+00
  0.0000E+00
  0.0000E+00
  0.0000E+00
  0.0000E+00
 -1.4895E-03
  1.3714E-11
  1.4895E-03
 -1.3382E-11
 -1.7188E-17
  1.3382E-11
  1.4895E-03
 -1.3714E-11
 -1.4895E-03
  6.4925E-03
  2.0616E-11
 -6.4925E-03
 -8.8292E-12
 -5.3462E-17
  8.8292E-12
 -6.4925E-03
 -2.0616E-11
  6.4925E-03
 -9.2234E-04
  1.7251E-11
  9.2234E-04
  1.0254E-11
 -5.8914E-17
 -1.0254E-11
  9.2234E-04
 -1.7251E-11
 -9.2234E-04
  3.8189E-05
  1.2951E-11
 -3.8189E-05
  1.1355E-11
  4.9979E-17
 -1.1355E-11
 -3.8189E-05
 -1.2951E-11
  3.8189E-05
 -1.8463E-06
  1.6085E-11
  1.8463E-06
 -2.2760E-11
  1.0188E-17
  2.2760E-11
  1.8463E-06
 -1.6085E-11
 -1.8463E-06
  4.8583E-07
  2.3267E-11
 -4.8583E-07
 -6.9950E-11
  9.4142E-17
  6.9950E-11
 -4.8580E-07
 -2.3267E-11
  4.8581E-07
  6.7355E-09
  2.2534E-11
 -6.7430E-09
 -9.3503E-11
  8.7128E-17
  9.3503E-11
 -6.7030E-09
 -2.2534E-11
  6.7104E-09
 -1.2735E-08
  8.9995E-12
  1.2732E-08
 -8.4189E-11
  2.5539E-16
  8.4189E-11
  1.2766E-08
 -8.9989E-12
 -1.2762E-08
  1.8109E-09
 -6.8603E-12
 -1.8091E-09
 -6.3450E-11
  2.1161E-16
  6.3450E-11
 -1.7868E-09
  6.8607E-12
  1.7850E-09
  2.1856E-09
 -1.0924E-11
 -2.1823E-09
 -4.8117E-11
 -1.8870E-16
  4.8116E-11
 -2.1678E-09
  1.0924E-11
  2.1645E-09
 -1.4543E-09
 -3.6194E-12
  1.4559E-09
 -3.2119E-11
 -2.0543E-16
  3.2119E-11
  1.4656E-09
  3.6190E-12
 -1.4673E-09
  4.9264E-10
 -6.9835E-13
 -4.9126E-10
 -8.5809E-12
 -2.9669E-16
  8.5801E-12
 -4.8921E-10
  6.9791E-13
  4.8783E-10
 -1.7286E-09
 -1.3972E-11
  1.7343E-09
  1.0879E-11
 -2.0082E-16
 -1.0879E-11
  1.7257E-09
  1.3972E-11
 -1.7315E-09
  9.8495E-10
 -3.5663E-11
 -9.7245E-10
  1.4279E-11
 -2.6487E-16
 -1.4279E-11
 -9.8991E-10
  3.5662E-11
  9.7741E-10
 -1.3796E-09
 -4.6329E-11
  1.3955E-09
  1.3514E-11
 -1.6635E-16
 -1.3515E-11
  1.3733E-09
  4.6329E-11
 -1.3891E-09
  8.8025E-10
 -3.6503E-11
 -8.6741E-10
  3.1721E-11
 -1.4508E-16
 -3.1721E-11
 -8.9342E-10
  3.6502E-11
  8.8058E-10
  3.3401E-10
 -1.5507E-11
 -3.2790E-10
  6.9095E-11
  3.0894E-16
 -6.9094E-11
 -3.5900E-10
  1.5508E-11
  3.5289E-10
  1.1251E-09
  8.1655E-13
 -1.1246E-09
  9.4946E-11
  1.2325E-16
 -9.4946E-11
 -1.1574E-09
 -8.1620E-13
  1.1569E-09
 -3.1100E-10
  5.2625E-12
  3.0953E-10
  7.6503E-11
 -3.5473E-16
 -7.6504E-11
  2.8485E-10
 -5.2640E-12
 -2.8338E-10
 -3.5363E-10
  1.3378E-12
  3.5296E-10
  1.6535E-11
 -3.2880E-16
 -1.6536E-11
  3.4494E-10
 -1.3382E-12
 -3.4427E-10
