Scalar SIGMAXX under Static for NODALGROUP 1: NODENUMBER X0  Y0  Z0  RESULT-1 RESULT-2 ... RESULT-N
1540
   0.0000E+00
       14256 -7.8690E+00  2.1627E+00  0.0000E+00  3.8786E+01
       14257 -7.8535E+00  2.1465E+00  0.0000E+00  5.2773E+01
       14258 -7.8690E+00  2.1627E+00  1.0000E-01  3.8649E+01
       14259 -7.8535E+00  2.1465E+00  1.0000E-01  5.2683E+01
       14452 -7.8690E+00  2.1627E+00  2.0000E-01  3.8638E+01
       14453 -7.8535E+00  2.1465E+00  2.0000E-01  5.2664E+01
       14550 -7.8690E+00  2.1627E+00  3.0000E-01  3.8638E+01
       14551 -7.8535E+00  2.1465E+00  3.0000E-01  5.2666E+01
       14648 -7.8690E+00  2.1627E+00  4.0000E-01  3.8638E+01
       14649 -7.8535E+00  2.1465E+00  4.0000E-01  5.2666E+01
       14746 -7.8690E+00  2.1627E+00  5.0000E-01  3.8638E+01
       14747 -7.8535E+00  2.1465E+00  5.0000E-01  5.2666E+01
       14844 -7.8690E+00  2.1627E+00  6.0000E-01  3.8638E+01
       14845 -7.8535E+00  2.1465E+00  6.0000E-01  5.2666E+01
       14942 -7.8690E+00  2.1627E+00  7.0000E-01  3.8638E+01
       14943 -7.8535E+00  2.1465E+00  7.0000E-01  5.2666E+01
       15040 -7.8690E+00  2.1627E+00  8.0000E-01  3.8638E+01
       15041 -7.8535E+00  2.1465E+00  8.0000E-01  5.2664E+01
       15138 -7.8690E+00  2.1627E+00  9.0000E-01  3.8649E+01
       15139 -7.8535E+00  2.1465E+00  9.0000E-01  5.2683E+01
       15236 -7.8690E+00  2.1627E+00  1.0000E+00  3.8786E+01
       15237 -7.8535E+00  2.1465E+00  1.0000E+00  5.2773E+01
       15334 -7.8837E+00  2.1797E+00  0.0000E+00  2.7311E+01
       15335 -7.8837E+00  2.1797E+00  1.0000E-01  2.7519E+01
       15432 -7.8837E+00  2.1797E+00  2.0000E-01  2.7518E+01
       15481 -7.8837E+00  2.1797E+00  3.0000E-01  2.7517E+01
       15530 -7.8837E+00  2.1797E+00  4.0000E-01  2.7517E+01
       15579 -7.8837E+00  2.1797E+00  5.0000E-01  2.7517E+01
       15628 -7.8837E+00  2.1797E+00  6.0000E-01  2.7517E+01
       15677 -7.8837E+00  2.1797E+00  7.0000E-01  2.7517E+01
       15726 -7.8837E+00  2.1797E+00  8.0000E-01  2.7518E+01
       15775 -7.8837E+00  2.1797E+00  9.0000E-01  2.7519E+01
       15824 -7.8837E+00  2.1797E+00  1.0000E+00  2.7311E+01
       15873 -7.8976E+00  2.1972E+00  0.0000E+00  1.7750E+01
       15874 -7.8978E+00  2.1971E+00  1.0000E-01  1.8071E+01
       15971 -7.8978E+00  2.1971E+00  2.0000E-01  1.8075E+01
       16020 -7.8978E+00  2.1971E+00  3.0000E-01  1.8073E+01
       16069 -7.8978E+00  2.1971E+00  4.0000E-01  1.8073E+01
       16118 -7.8978E+00  2.1971E+00  5.0000E-01  1.8073E+01
       16167 -7.8978E+00  2.1971E+00  6.0000E-01  1.8073E+01
       16216 -7.8978E+00  2.1971E+00  7.0000E-01  1.8073E+01
       16265 -7.8978E+00  2.1971E+00  8.0000E-01  1.8075E+01
       16314 -7.8978E+00  2.1971E+00  9.0000E-01  1.8071E+01
       16363 -7.8976E+00  2.1972E+00  1.0000E+00  1.7750E+01
       16412 -7.9109E+00  2.2154E+00  0.0000E+00  9.9651E+00
       16413 -7.9109E+00  2.2153E+00  1.0000E-01  9.8881E+00
       16510 -7.9109E+00  2.2153E+00  2.0000E-01  9.8903E+00
       16559 -7.9109E+00  2.2153E+00  3.0000E-01  9.8891E+00
       16608 -7.9109E+00  2.2153E+00  4.0000E-01  9.8890E+00
       16657 -7.9109E+00  2.2153E+00  5.0000E-01  9.8889E+00
       16706 -7.9109E+00  2.2153E+00  6.0000E-01  9.8890E+00
       16755 -7.9109E+00  2.2153E+00  7.0000E-01  9.8891E+00
       16804 -7.9109E+00  2.2153E+00  8.0000E-01  9.8903E+00
       16853 -7.9109E+00  2.2153E+00  9.0000E-01  9.8881E+00
       16902 -7.9109E+00  2.2154E+00  1.0000E+00  9.9651E+00
       16951 -7.9233E+00  2.2340E+00  0.0000E+00  3.7490E+00
       16952 -7.9233E+00  2.2340E+00  1.0000E-01  3.7347E+00
       17049 -7.9233E+00  2.2340E+00  2.0000E-01  3.7345E+00
       17098 -7.9233E+00  2.2340E+00  3.0000E-01  3.7339E+00
       17147 -7.9233E+00  2.2340E+00  4.0000E-01  3.7336E+00
       17196 -7.9233E+00  2.2340E+00  5.0000E-01  3.7336E+00
       17245 -7.9233E+00  2.2340E+00  6.0000E-01  3.7336E+00
       17294 -7.9233E+00  2.2340E+00  7.0000E-01  3.7339E+00
       17343 -7.9233E+00  2.2340E+00  8.0000E-01  3.7345E+00
       17392 -7.9233E+00  2.2340E+00  9.0000E-01  3.7348E+00
       17441 -7.9233E+00  2.2340E+00  1.0000E+00  3.7490E+00
       17490 -7.9348E+00  2.2533E+00  0.0000E+00 -8.9525E-01
       17491 -7.9348E+00  2.2533E+00  1.0000E-01 -9.0523E-01
       17588 -7.9348E+00  2.2533E+00  2.0000E-01 -9.0789E-01
       17637 -7.9348E+00  2.2533E+00  3.0000E-01 -9.0818E-01
       17686 -7.9348E+00  2.2533E+00  4.0000E-01 -9.0841E-01
       17735 -7.9348E+00  2.2533E+00  5.0000E-01 -9.0844E-01
       17784 -7.9348E+00  2.2533E+00  6.0000E-01 -9.0841E-01
       17833 -7.9348E+00  2.2533E+00  7.0000E-01 -9.0818E-01
       17882 -7.9348E+00  2.2533E+00  8.0000E-01 -9.0789E-01
       17931 -7.9348E+00  2.2533E+00  9.0000E-01 -9.0525E-01
       17980 -7.9348E+00  2.2533E+00  1.0000E+00 -8.9525E-01
       18029 -7.9453E+00  2.2731E+00  0.0000E+00 -3.9842E+00
       18030 -7.9454E+00  2.2730E+00  1.0000E-01 -4.0405E+00
       18127 -7.9454E+00  2.2730E+00  2.0000E-01 -4.0451E+00
       18176 -7.9454E+00  2.2730E+00  3.0000E-01 -4.0449E+00
       18225 -7.9454E+00  2.2730E+00  4.0000E-01 -4.0452E+00
       18274 -7.9454E+00  2.2730E+00  5.0000E-01 -4.0452E+00
       18323 -7.9454E+00  2.2730E+00  6.0000E-01 -4.0452E+00
       18372 -7.9454E+00  2.2730E+00  7.0000E-01 -4.0449E+00
       18421 -7.9454E+00  2.2730E+00  8.0000E-01 -4.0451E+00
       18470 -7.9454E+00  2.2730E+00  9.0000E-01 -4.0405E+00
       18519 -7.9453E+00  2.2731E+00  1.0000E+00 -3.9842E+00
       18568 -7.9550E+00  2.2933E+00  0.0000E+00 -6.0102E+00
       18569 -7.9552E+00  2.2933E+00  1.0000E-01 -5.9150E+00
       18666 -7.9552E+00  2.2933E+00  2.0000E-01 -5.9187E+00
       18715 -7.9552E+00  2.2933E+00  3.0000E-01 -5.9187E+00
       18764 -7.9552E+00  2.2933E+00  4.0000E-01 -5.9188E+00
       18813 -7.9552E+00  2.2933E+00  5.0000E-01 -5.9189E+00
       18862 -7.9552E+00  2.2933E+00  6.0000E-01 -5.9188E+00
       18911 -7.9552E+00  2.2933E+00  7.0000E-01 -5.9187E+00
       18960 -7.9552E+00  2.2933E+00  8.0000E-01 -5.9187E+00
       19009 -7.9552E+00  2.2933E+00  9.0000E-01 -5.9150E+00
       19058 -7.9550E+00  2.2933E+00  1.0000E+00 -6.0101E+00
       19107 -7.9640E+00  2.3139E+00  0.0000E+00 -6.7844E+00
       19108 -7.9640E+00  2.3139E+00  1.0000E-01 -6.7278E+00
       19205 -7.9640E+00  2.3139E+00  2.0000E-01 -6.7298E+00
       19254 -7.9640E+00  2.3139E+00  3.0000E-01 -6.7299E+00
       19303 -7.9640E+00  2.3139E+00  4.0000E-01 -6.7300E+00
       19352 -7.9640E+00  2.3139E+00  5.0000E-01 -6.7300E+00
       19401 -7.9640E+00  2.3139E+00  6.0000E-01 -6.7300E+00
       19450 -7.9640E+00  2.3139E+00  7.0000E-01 -6.7299E+00
       19499 -7.9640E+00  2.3139E+00  8.0000E-01 -6.7298E+00
       19548 -7.9640E+00  2.3139E+00  9.0000E-01 -6.7278E+00
       19597 -7.9640E+00  2.3139E+00  1.0000E+00 -6.7844E+00
       19646 -7.9718E+00  2.3349E+00  0.0000E+00 -6.7200E+00
       19647 -7.9719E+00  2.3349E+00  1.0000E-01 -6.6863E+00
       19744 -7.9719E+00  2.3349E+00  2.0000E-01 -6.6870E+00
       19793 -7.9719E+00  2.3349E+00  3.0000E-01 -6.6871E+00
       19842 -7.9719E+00  2.3349E+00  4.0000E-01 -6.6872E+00
       19891 -7.9719E+00  2.3349E+00  5.0000E-01 -6.6872E+00
       19940 -7.9719E+00  2.3349E+00  6.0000E-01 -6.6872E+00
       19989 -7.9719E+00  2.3349E+00  7.0000E-01 -6.6871E+00
       20038 -7.9719E+00  2.3349E+00  8.0000E-01 -6.6870E+00
       20087 -7.9719E+00  2.3349E+00  9.0000E-01 -6.6863E+00
       20136 -7.9718E+00  2.3349E+00  1.0000E+00 -6.7197E+00
       20185 -7.9788E+00  2.3562E+00  0.0000E+00 -6.1702E+00
       20186 -7.9788E+00  2.3562E+00  1.0000E-01 -6.0967E+00
       20283 -7.9788E+00  2.3562E+00  2.0000E-01 -6.0964E+00
       20332 -7.9788E+00  2.3562E+00  3.0000E-01 -6.0966E+00
       20381 -7.9788E+00  2.3562E+00  4.0000E-01 -6.0966E+00
       20430 -7.9788E+00  2.3562E+00  5.0000E-01 -6.0966E+00
       20479 -7.9788E+00  2.3562E+00  6.0000E-01 -6.0966E+00
       20528 -7.9788E+00  2.3562E+00  7.0000E-01 -6.0966E+00
       20577 -7.9788E+00  2.3562E+00  8.0000E-01 -6.0964E+00
       20626 -7.9788E+00  2.3562E+00  9.0000E-01 -6.0967E+00
       20675 -7.9788E+00  2.3562E+00  1.0000E+00 -6.1711E+00
       20724 -7.9848E+00  2.3778E+00  5.5080E-17 -5.0069E+00
       20725 -7.9848E+00  2.3778E+00  1.0000E-01 -5.0097E+00
       20822 -7.9848E+00  2.3778E+00  2.0000E-01 -5.0094E+00
       20871 -7.9848E+00  2.3778E+00  3.0000E-01 -5.0095E+00
       20920 -7.9848E+00  2.3778E+00  4.0000E-01 -5.0095E+00
       20969 -7.9848E+00  2.3778E+00  5.0000E-01 -5.0095E+00
       21018 -7.9848E+00  2.3778E+00  6.0000E-01 -5.0095E+00
       21067 -7.9848E+00  2.3778E+00  7.0000E-01 -5.0095E+00
       21116 -7.9848E+00  2.3778E+00  8.0000E-01 -5.0094E+00
       21165 -7.9848E+00  2.3778E+00  9.0000E-01 -5.0097E+00
       21214 -7.9848E+00  2.3778E+00  1.0000E+00 -5.0070E+00
       21263 -7.9898E+00  2.3997E+00 -3.4700E-17 -3.6907E+00
       21264 -7.9898E+00  2.3997E+00  1.0000E-01 -3.6885E+00
       21361 -7.9898E+00  2.3997E+00  2.0000E-01 -3.6883E+00
       21410 -7.9898E+00  2.3997E+00  3.0000E-01 -3.6883E+00
       21459 -7.9898E+00  2.3997E+00  4.0000E-01 -3.6883E+00
       21508 -7.9898E+00  2.3997E+00  5.0000E-01 -3.6883E+00
       21557 -7.9898E+00  2.3997E+00  6.0000E-01 -3.6883E+00
       21606 -7.9898E+00  2.3997E+00  7.0000E-01 -3.6883E+00
       21655 -7.9898E+00  2.3997E+00  8.0000E-01 -3.6883E+00
       21704 -7.9898E+00  2.3997E+00  9.0000E-01 -3.6887E+00
       21753 -7.9898E+00  2.3997E+00  1.0000E+00 -3.6902E+00
       21802 -7.9937E+00  2.4218E+00  6.9390E-18 -2.4578E+00
       21803 -7.9937E+00  2.4218E+00  1.0000E-01 -2.4577E+00
       21900 -7.9937E+00  2.4218E+00  2.0000E-01 -2.4576E+00
       21949 -7.9937E+00  2.4218E+00  3.0000E-01 -2.4576E+00
       21998 -7.9937E+00  2.4218E+00  4.0000E-01 -2.4576E+00
       22047 -7.9937E+00  2.4218E+00  5.0000E-01 -2.4576E+00
       22096 -7.9937E+00  2.4218E+00  6.0000E-01 -2.4576E+00
       22145 -7.9937E+00  2.4218E+00  7.0000E-01 -2.4576E+00
       22194 -7.9937E+00  2.4218E+00  8.0000E-01 -2.4576E+00
       22243 -7.9937E+00  2.4218E+00  9.0000E-01 -2.4571E+00
       22292 -7.9937E+00  2.4218E+00  1.0000E+00 -2.4579E+00
       22341 -7.9967E+00  2.4440E+00  1.3880E-17 -1.4018E+00
       22342 -7.9967E+00  2.4440E+00  1.0000E-01 -1.4018E+00
       22439 -7.9967E+00  2.4440E+00  2.0000E-01 -1.4017E+00
       22488 -7.9967E+00  2.4440E+00  3.0000E-01 -1.4017E+00
       22537 -7.9967E+00  2.4440E+00  4.0000E-01 -1.4017E+00
       22586 -7.9967E+00  2.4440E+00  5.0000E-01 -1.4017E+00
       22635 -7.9967E+00  2.4440E+00  6.0000E-01 -1.4017E+00
       22684 -7.9967E+00  2.4440E+00  7.0000E-01 -1.4017E+00
       22733 -7.9967E+00  2.4440E+00  8.0000E-01 -1.4017E+00
       22782 -7.9967E+00  2.4440E+00  9.0000E-01 -1.4017E+00
       22831 -7.9967E+00  2.4440E+00  1.0000E+00 -1.4018E+00
       22880 -7.9987E+00  2.4664E+00 -1.3900E-17 -6.1860E-01
       22881 -7.9987E+00  2.4664E+00  1.0000E-01 -6.1804E-01
       22978 -7.9987E+00  2.4664E+00  2.0000E-01 -6.1802E-01
       23027 -7.9987E+00  2.4664E+00  3.0000E-01 -6.1802E-01
       23076 -7.9987E+00  2.4664E+00  4.0000E-01 -6.1802E-01
       23125 -7.9987E+00  2.4664E+00  5.0000E-01 -6.1802E-01
       23174 -7.9987E+00  2.4664E+00  6.0000E-01 -6.1802E-01
       23223 -7.9987E+00  2.4664E+00  7.0000E-01 -6.1802E-01
       23272 -7.9987E+00  2.4664E+00  8.0000E-01 -6.1802E-01
       23321 -7.9987E+00  2.4664E+00  9.0000E-01 -6.1851E-01
       23370 -7.9987E+00  2.4664E+00  1.0000E+00 -6.1861E-01
       23419 -7.9997E+00  2.4888E+00  0.0000E+00 -2.0404E-01
       23420 -7.9997E+00  2.4888E+00  1.0000E-01 -2.0414E-01
       23517 -7.9997E+00  2.4888E+00  2.0000E-01 -2.0413E-01
       23566 -7.9997E+00  2.4888E+00  3.0000E-01 -2.0413E-01
       23615 -7.9997E+00  2.4888E+00  4.0000E-01 -2.0413E-01
       23664 -7.9997E+00  2.4888E+00  5.0000E-01 -2.0413E-01
       23713 -7.9997E+00  2.4888E+00  6.0000E-01 -2.0413E-01
       23762 -7.9997E+00  2.4888E+00  7.0000E-01 -2.0413E-01
       23811 -7.9997E+00  2.4888E+00  8.0000E-01 -2.0413E-01
       23860 -7.9997E+00  2.4888E+00  9.0000E-01 -2.0401E-01
       23909 -7.9997E+00  2.4888E+00  1.0000E+00 -2.0403E-01
       23958 -7.9997E+00  2.5112E+00  0.0000E+00 -2.0393E-01
       23959 -7.9997E+00  2.5112E+00  1.0000E-01 -2.0387E-01
       24056 -7.9997E+00  2.5112E+00  2.0000E-01 -2.0387E-01
       24105 -7.9997E+00  2.5112E+00  3.0000E-01 -2.0386E-01
       24154 -7.9997E+00  2.5112E+00  4.0000E-01 -2.0387E-01
       24203 -7.9997E+00  2.5112E+00  5.0000E-01 -2.0387E-01
       24252 -7.9997E+00  2.5112E+00  6.0000E-01 -2.0387E-01
       24301 -7.9997E+00  2.5112E+00  7.0000E-01 -2.0386E-01
       24350 -7.9997E+00  2.5112E+00  8.0000E-01 -2.0387E-01
       24399 -7.9997E+00  2.5112E+00  9.0000E-01 -2.0391E-01
       24448 -7.9997E+00  2.5112E+00  1.0000E+00 -2.0393E-01
       24497 -7.9987E+00  2.5336E+00  0.0000E+00 -6.1861E-01
       24498 -7.9987E+00  2.5336E+00  1.0000E-01 -6.1852E-01
       24595 -7.9987E+00  2.5336E+00  2.0000E-01 -6.1850E-01
       24644 -7.9987E+00  2.5336E+00  3.0000E-01 -6.1850E-01
       24693 -7.9987E+00  2.5336E+00  4.0000E-01 -6.1850E-01
       24742 -7.9987E+00  2.5336E+00  5.0000E-01 -6.1850E-01
       24791 -7.9987E+00  2.5336E+00  6.0000E-01 -6.1850E-01
       24840 -7.9987E+00  2.5336E+00  7.0000E-01 -6.1850E-01
       24889 -7.9987E+00  2.5336E+00  8.0000E-01 -6.1850E-01
       24938 -7.9987E+00  2.5336E+00  9.0000E-01 -6.1851E-01
       24987 -7.9987E+00  2.5336E+00  1.0000E+00 -6.1861E-01
       25036 -7.9967E+00  2.5560E+00  0.0000E+00 -1.4024E+00
       25037 -7.9967E+00  2.5560E+00  1.0000E-01 -1.4023E+00
       25134 -7.9967E+00  2.5560E+00  2.0000E-01 -1.4023E+00
       25183 -7.9967E+00  2.5560E+00  3.0000E-01 -1.4023E+00
       25232 -7.9967E+00  2.5560E+00  4.0000E-01 -1.4023E+00
       25281 -7.9967E+00  2.5560E+00  5.0000E-01 -1.4023E+00
       25330 -7.9967E+00  2.5560E+00  6.0000E-01 -1.4023E+00
       25379 -7.9967E+00  2.5560E+00  7.0000E-01 -1.4023E+00
       25428 -7.9967E+00  2.5560E+00  8.0000E-01 -1.4023E+00
       25477 -7.9967E+00  2.5560E+00  9.0000E-01 -1.4023E+00
       25526 -7.9967E+00  2.5560E+00  1.0000E+00 -1.4024E+00
       25575 -7.9937E+00  2.5782E+00  2.7760E-17 -2.4583E+00
       25576 -7.9937E+00  2.5782E+00  1.0000E-01 -2.4574E+00
       25673 -7.9937E+00  2.5782E+00  2.0000E-01 -2.4573E+00
       25722 -7.9937E+00  2.5782E+00  3.0000E-01 -2.4573E+00
       25771 -7.9937E+00  2.5782E+00  4.0000E-01 -2.4573E+00
       25820 -7.9937E+00  2.5782E+00  5.0000E-01 -2.4573E+00
       25869 -7.9937E+00  2.5782E+00  6.0000E-01 -2.4573E+00
       25918 -7.9937E+00  2.5782E+00  7.0000E-01 -2.4573E+00
       25967 -7.9937E+00  2.5782E+00  8.0000E-01 -2.4573E+00
       26016 -7.9937E+00  2.5782E+00  9.0000E-01 -2.4574E+00
       26065 -7.9937E+00  2.5782E+00  1.0000E+00 -2.4583E+00
       26114 -7.9898E+00  2.6003E+00  0.0000E+00 -3.6905E+00
       26115 -7.9898E+00  2.6003E+00  1.0000E-01 -3.6890E+00
       26212 -7.9898E+00  2.6003E+00  2.0000E-01 -3.6888E+00
       26261 -7.9898E+00  2.6003E+00  3.0000E-01 -3.6889E+00
       26310 -7.9898E+00  2.6003E+00  4.0000E-01 -3.6889E+00
       26359 -7.9898E+00  2.6003E+00  5.0000E-01 -3.6889E+00
       26408 -7.9898E+00  2.6003E+00  6.0000E-01 -3.6889E+00
       26457 -7.9898E+00  2.6003E+00  7.0000E-01 -3.6889E+00
       26506 -7.9898E+00  2.6003E+00  8.0000E-01 -3.6888E+00
       26555 -7.9898E+00  2.6003E+00  9.0000E-01 -3.6890E+00
       26604 -7.9898E+00  2.6003E+00  1.0000E+00 -3.6905E+00
       26653 -7.9848E+00  2.6222E+00  0.0000E+00 -5.0066E+00
       26654 -7.9848E+00  2.6222E+00  1.0000E-01 -5.0092E+00
       26751 -7.9848E+00  2.6222E+00  2.0000E-01 -5.0089E+00
       26800 -7.9848E+00  2.6222E+00  3.0000E-01 -5.0090E+00
       26849 -7.9848E+00  2.6222E+00  4.0000E-01 -5.0090E+00
       26898 -7.9848E+00  2.6222E+00  5.0000E-01 -5.0090E+00
       26947 -7.9848E+00  2.6222E+00  6.0000E-01 -5.0090E+00
       26996 -7.9848E+00  2.6222E+00  7.0000E-01 -5.0090E+00
       27045 -7.9848E+00  2.6222E+00  8.0000E-01 -5.0088E+00
       27094 -7.9848E+00  2.6222E+00  9.0000E-01 -5.0092E+00
       27143 -7.9848E+00  2.6222E+00  1.0000E+00 -5.0066E+00
       27192 -7.9788E+00  2.6438E+00  1.4170E-14 -6.1705E+00
       27193 -7.9788E+00  2.6438E+00  1.0000E-01 -6.0965E+00
       27290 -7.9788E+00  2.6438E+00  2.0000E-01 -6.0961E+00
       27339 -7.9788E+00  2.6438E+00  3.0000E-01 -6.0963E+00
       27388 -7.9788E+00  2.6438E+00  4.0000E-01 -6.0963E+00
       27437 -7.9788E+00  2.6438E+00  5.0000E-01 -6.0963E+00
       27486 -7.9788E+00  2.6438E+00  6.0000E-01 -6.0963E+00
       27535 -7.9788E+00  2.6438E+00  7.0000E-01 -6.0963E+00
       27584 -7.9788E+00  2.6438E+00  8.0000E-01 -6.0961E+00
       27633 -7.9788E+00  2.6438E+00  9.0000E-01 -6.0964E+00
       27682 -7.9788E+00  2.6438E+00  1.0000E+00 -6.1705E+00
       27731 -7.9718E+00  2.6651E+00  0.0000E+00 -6.7204E+00
       27732 -7.9719E+00  2.6651E+00  1.0000E-01 -6.6870E+00
       27829 -7.9719E+00  2.6651E+00  2.0000E-01 -6.6876E+00
       27878 -7.9719E+00  2.6651E+00  3.0000E-01 -6.6878E+00
       27927 -7.9719E+00  2.6651E+00  4.0000E-01 -6.6879E+00
       27976 -7.9719E+00  2.6651E+00  5.0000E-01 -6.6879E+00
       28025 -7.9719E+00  2.6651E+00  6.0000E-01 -6.6879E+00
       28074 -7.9719E+00  2.6651E+00  7.0000E-01 -6.6878E+00
       28123 -7.9719E+00  2.6651E+00  8.0000E-01 -6.6877E+00
       28172 -7.9719E+00  2.6651E+00  9.0000E-01 -6.6870E+00
       28221 -7.9718E+00  2.6651E+00  1.0000E+00 -6.7204E+00
       28270 -7.9640E+00  2.6861E+00  0.0000E+00 -6.7849E+00
       28271 -7.9640E+00  2.6861E+00  1.0000E-01 -6.7276E+00
       28368 -7.9640E+00  2.6861E+00  2.0000E-01 -6.7296E+00
       28417 -7.9640E+00  2.6861E+00  3.0000E-01 -6.7297E+00
       28466 -7.9640E+00  2.6861E+00  4.0000E-01 -6.7298E+00
       28515 -7.9640E+00  2.6861E+00  5.0000E-01 -6.7298E+00
       28564 -7.9640E+00  2.6861E+00  6.0000E-01 -6.7298E+00
       28613 -7.9640E+00  2.6861E+00  7.0000E-01 -6.7297E+00
       28662 -7.9640E+00  2.6861E+00  8.0000E-01 -6.7296E+00
       28711 -7.9640E+00  2.6861E+00  9.0000E-01 -6.7276E+00
       28760 -7.9640E+00  2.6861E+00  1.0000E+00 -6.7850E+00
       28809 -7.9550E+00  2.7067E+00  0.0000E+00 -6.0095E+00
       28810 -7.9552E+00  2.7067E+00  1.0000E-01 -5.9146E+00
       28907 -7.9552E+00  2.7067E+00  2.0000E-01 -5.9182E+00
       28956 -7.9552E+00  2.7067E+00  3.0000E-01 -5.9182E+00
       29005 -7.9552E+00  2.7067E+00  4.0000E-01 -5.9184E+00
       29054 -7.9552E+00  2.7067E+00  5.0000E-01 -5.9184E+00
       29103 -7.9552E+00  2.7067E+00  6.0000E-01 -5.9184E+00
       29152 -7.9552E+00  2.7067E+00  7.0000E-01 -5.9183E+00
       29201 -7.9552E+00  2.7067E+00  8.0000E-01 -5.9183E+00
       29250 -7.9552E+00  2.7067E+00  9.0000E-01 -5.9146E+00
       29299 -7.9550E+00  2.7067E+00  1.0000E+00 -6.0095E+00
       29348 -7.9453E+00  2.7269E+00  0.0000E+00 -3.9841E+00
       29349 -7.9454E+00  2.7270E+00  1.0000E-01 -4.0403E+00
       29446 -7.9454E+00  2.7270E+00  2.0000E-01 -4.0448E+00
       29495 -7.9454E+00  2.7270E+00  3.0000E-01 -4.0448E+00
       29544 -7.9454E+00  2.7270E+00  4.0000E-01 -4.0451E+00
       29593 -7.9454E+00  2.7270E+00  5.0000E-01 -4.0452E+00
       29642 -7.9454E+00  2.7270E+00  6.0000E-01 -4.0452E+00
       29691 -7.9454E+00  2.7270E+00  7.0000E-01 -4.0449E+00
       29740 -7.9454E+00  2.7270E+00  8.0000E-01 -4.0450E+00
       29789 -7.9454E+00  2.7270E+00  9.0000E-01 -4.0405E+00
       29838 -7.9453E+00  2.7269E+00  1.0000E+00 -3.9841E+00
       29887 -7.9348E+00  2.7467E+00  0.0000E+00 -8.9536E-01
       29888 -7.9348E+00  2.7467E+00  1.0000E-01 -9.0551E-01
       29985 -7.9348E+00  2.7467E+00  2.0000E-01 -9.0817E-01
       30034 -7.9348E+00  2.7467E+00  3.0000E-01 -9.0845E-01
       30083 -7.9348E+00  2.7467E+00  4.0000E-01 -9.0867E-01
       30132 -7.9348E+00  2.7467E+00  5.0000E-01 -9.0870E-01
       30181 -7.9348E+00  2.7467E+00  6.0000E-01 -9.0866E-01
       30230 -7.9348E+00  2.7467E+00  7.0000E-01 -9.0844E-01
       30279 -7.9348E+00  2.7467E+00  8.0000E-01 -9.0815E-01
       30328 -7.9348E+00  2.7467E+00  9.0000E-01 -9.0549E-01
       30377 -7.9348E+00  2.7467E+00  1.0000E+00 -8.9536E-01
       30426 -7.9233E+00  2.7660E+00  0.0000E+00  3.7491E+00
       30427 -7.9233E+00  2.7660E+00  1.0000E-01  3.7354E+00
       30524 -7.9233E+00  2.7660E+00  2.0000E-01  3.7351E+00
       30573 -7.9233E+00  2.7660E+00  3.0000E-01  3.7345E+00
       30622 -7.9233E+00  2.7660E+00  4.0000E-01  3.7343E+00
       30671 -7.9233E+00  2.7660E+00  5.0000E-01  3.7342E+00
       30720 -7.9233E+00  2.7660E+00  6.0000E-01  3.7343E+00
       30769 -7.9233E+00  2.7660E+00  7.0000E-01  3.7345E+00
       30818 -7.9233E+00  2.7660E+00  8.0000E-01  3.7352E+00
       30867 -7.9233E+00  2.7660E+00  9.0000E-01  3.7354E+00
       30916 -7.9233E+00  2.7660E+00  1.0000E+00  3.7491E+00
       30965 -7.9109E+00  2.7846E+00  0.0000E+00  9.9650E+00
       30966 -7.9109E+00  2.7847E+00  1.0000E-01  9.8881E+00
       31063 -7.9109E+00  2.7847E+00  2.0000E-01  9.8903E+00
       31112 -7.9109E+00  2.7847E+00  3.0000E-01  9.8891E+00
       31161 -7.9109E+00  2.7847E+00  4.0000E-01  9.8889E+00
       31210 -7.9109E+00  2.7847E+00  5.0000E-01  9.8889E+00
       31259 -7.9109E+00  2.7847E+00  6.0000E-01  9.8889E+00
       31308 -7.9109E+00  2.7847E+00  7.0000E-01  9.8891E+00
       31357 -7.9109E+00  2.7847E+00  8.0000E-01  9.8903E+00
       31406 -7.9109E+00  2.7847E+00  9.0000E-01  9.8881E+00
       31455 -7.9109E+00  2.7846E+00  1.0000E+00  9.9650E+00
       31504 -7.8976E+00  2.8028E+00  0.0000E+00  1.7750E+01
       31505 -7.8978E+00  2.8029E+00  1.0000E-01  1.8072E+01
       31602 -7.8978E+00  2.8029E+00  2.0000E-01  1.8076E+01
       31651 -7.8978E+00  2.8029E+00  3.0000E-01  1.8074E+01
       31700 -7.8978E+00  2.8029E+00  4.0000E-01  1.8074E+01
       31749 -7.8978E+00  2.8029E+00  5.0000E-01  1.8074E+01
       31798 -7.8978E+00  2.8029E+00  6.0000E-01  1.8074E+01
       31847 -7.8978E+00  2.8029E+00  7.0000E-01  1.8074E+01
       31896 -7.8978E+00  2.8029E+00  8.0000E-01  1.8076E+01
       31945 -7.8978E+00  2.8029E+00  9.0000E-01  1.8072E+01
       31994 -7.8976E+00  2.8028E+00  1.0000E+00  1.7750E+01
       32043 -7.8837E+00  2.8203E+00  1.3880E-17  2.7309E+01
       32044 -7.8837E+00  2.8203E+00  1.0000E-01  2.7517E+01
       32141 -7.8837E+00  2.8203E+00  2.0000E-01  2.7516E+01
       32190 -7.8837E+00  2.8203E+00  3.0000E-01  2.7515E+01
       32239 -7.8837E+00  2.8203E+00  4.0000E-01  2.7515E+01
       32288 -7.8837E+00  2.8203E+00  5.0000E-01  2.7515E+01
       32337 -7.8837E+00  2.8203E+00  6.0000E-01  2.7515E+01
       32386 -7.8837E+00  2.8203E+00  7.0000E-01  2.7515E+01
       32435 -7.8837E+00  2.8203E+00  8.0000E-01  2.7516E+01
       32484 -7.8837E+00  2.8203E+00  9.0000E-01  2.7517E+01
       32533 -7.8837E+00  2.8203E+00  1.0000E+00  2.7309E+01
       32582 -7.8690E+00  2.8373E+00  0.0000E+00  3.8785E+01
       32583 -7.8690E+00  2.8373E+00  1.0000E-01  3.8648E+01
       32680 -7.8690E+00  2.8373E+00  2.0000E-01  3.8637E+01
       32729 -7.8690E+00  2.8373E+00  3.0000E-01  3.8637E+01
       32778 -7.8690E+00  2.8373E+00  4.0000E-01  3.8637E+01
       32827 -7.8690E+00  2.8373E+00  5.0000E-01  3.8637E+01
       32876 -7.8690E+00  2.8373E+00  6.0000E-01  3.8637E+01
       32925 -7.8690E+00  2.8373E+00  7.0000E-01  3.8637E+01
       32974 -7.8690E+00  2.8373E+00  8.0000E-01  3.8637E+01
       33023 -7.8690E+00  2.8373E+00  9.0000E-01  3.8648E+01
       33072 -7.8690E+00  2.8373E+00  1.0000E+00  3.8785E+01
       33121 -7.8535E+00  2.8535E+00  0.0000E+00  5.2776E+01
       33122 -7.8535E+00  2.8535E+00  1.0000E-01  5.2686E+01
       33219 -7.8535E+00  2.8535E+00  2.0000E-01  5.2667E+01
       33268 -7.8535E+00  2.8535E+00  3.0000E-01  5.2669E+01
       33317 -7.8535E+00  2.8535E+00  4.0000E-01  5.2669E+01
       33366 -7.8535E+00  2.8535E+00  5.0000E-01  5.2669E+01
       33415 -7.8535E+00  2.8535E+00  6.0000E-01  5.2669E+01
       33464 -7.8535E+00  2.8535E+00  7.0000E-01  5.2669E+01
       33513 -7.8535E+00  2.8535E+00  8.0000E-01  5.2667E+01
       33562 -7.8535E+00  2.8535E+00  9.0000E-01  5.2686E+01
       33611 -7.8535E+00  2.8535E+00  1.0000E+00  5.2776E+01
       33660 -7.1465E+00  2.1465E+00  1.0000E-01  5.2686E+01
       33661 -7.1465E+00  2.1465E+00  0.0000E+00  5.2776E+01
       33664 -7.1627E+00  2.1310E+00  1.0000E-01  6.7593E+01
       33665 -7.1627E+00  2.1310E+00  0.0000E+00  6.7790E+01
       33668 -7.1797E+00  2.1163E+00  1.0000E-01  8.2672E+01
       33669 -7.1797E+00  2.1163E+00  0.0000E+00  8.3552E+01
       33672 -7.1971E+00  2.1022E+00  1.0000E-01  1.0099E+02
       33673 -7.1972E+00  2.1024E+00  0.0000E+00  1.0083E+02
       33676 -7.2153E+00  2.0891E+00  1.0000E-01  1.2043E+02
       33677 -7.2154E+00  2.0891E+00  0.0000E+00  1.1944E+02
       33680 -7.2340E+00  2.0767E+00  1.0000E-01  1.3995E+02
       33681 -7.2340E+00  2.0767E+00  0.0000E+00  1.4047E+02
       33684 -7.2533E+00  2.0652E+00  1.0000E-01  1.6019E+02
       33685 -7.2533E+00  2.0653E+00  0.0000E+00  1.6125E+02
       33688 -7.2730E+00  2.0546E+00  1.0000E-01  1.8044E+02
       33689 -7.2731E+00  2.0547E+00  0.0000E+00  1.8009E+02
       33692 -7.2933E+00  2.0448E+00  1.0000E-01  2.0076E+02
       33693 -7.2933E+00  2.0450E+00  0.0000E+00  1.9937E+02
       33696 -7.3139E+00  2.0360E+00  1.0000E-01  2.2039E+02
       33697 -7.3139E+00  2.0361E+00  0.0000E+00  2.2016E+02
       33700 -7.3349E+00  2.0281E+00  1.0000E-01  2.3905E+02
       33701 -7.3349E+00  2.0282E+00  0.0000E+00  2.3904E+02
       33704 -7.3562E+00  2.0212E+00  1.0000E-01  2.5655E+02
       33705 -7.3562E+00  2.0212E+00  0.0000E+00  2.5663E+02
       33708 -7.3779E+00  2.0152E+00  1.0000E-01  2.7284E+02
       33709 -7.3779E+00  2.0152E+00  3.4690E-17  2.7324E+02
       33712 -7.3997E+00  2.0102E+00  1.0000E-01  2.8630E+02
       33713 -7.3997E+00  2.0102E+00  0.0000E+00  2.8638E+02
       33716 -7.4218E+00  2.0063E+00  1.0000E-01  2.9698E+02
       33717 -7.4218E+00  2.0063E+00  6.9390E-18  2.9703E+02
       33720 -7.4440E+00  2.0033E+00  1.0000E-01  3.0544E+02
       33721 -7.4440E+00  2.0033E+00 -2.7800E-17  3.0547E+02
       33724 -7.4664E+00  2.0013E+00  1.0000E-01  3.1121E+02
       33725 -7.4664E+00  2.0013E+00  0.0000E+00  3.1123E+02
       33728 -7.4888E+00  2.0003E+00  1.0000E-01  3.1413E+02
       33729 -7.4888E+00  2.0003E+00  0.0000E+00  3.1414E+02
       33732 -7.5112E+00  2.0003E+00  1.0000E-01  3.1413E+02
       33733 -7.5112E+00  2.0003E+00  0.0000E+00  3.1414E+02
       33736 -7.5336E+00  2.0013E+00  1.0000E-01  3.1122E+02
       33737 -7.5336E+00  2.0013E+00  2.7760E-17  3.1123E+02
       33740 -7.5560E+00  2.0033E+00  1.0000E-01  3.0544E+02
       33741 -7.5560E+00  2.0033E+00  0.0000E+00  3.0546E+02
       33744 -7.5782E+00  2.0063E+00  1.0000E-01  2.9697E+02
       33745 -7.5782E+00  2.0063E+00  0.0000E+00  2.9702E+02
       33748 -7.6003E+00  2.0102E+00  1.0000E-01  2.8631E+02
       33749 -7.6003E+00  2.0102E+00  0.0000E+00  2.8640E+02
       33752 -7.6221E+00  2.0152E+00  1.0000E-01  2.7285E+02
       33753 -7.6221E+00  2.0152E+00  0.0000E+00  2.7325E+02
       33756 -7.6438E+00  2.0212E+00  1.0000E-01  2.5654E+02
       33757 -7.6438E+00  2.0212E+00  1.7350E-17  2.5662E+02
       33760 -7.6651E+00  2.0281E+00  1.0000E-01  2.3905E+02
       33761 -7.6651E+00  2.0282E+00  0.0000E+00  2.3903E+02
       33764 -7.6861E+00  2.0360E+00  1.0000E-01  2.2039E+02
       33765 -7.6861E+00  2.0361E+00  0.0000E+00  2.2016E+02
       33768 -7.7067E+00  2.0448E+00  1.0000E-01  2.0076E+02
       33769 -7.7067E+00  2.0450E+00  0.0000E+00  1.9937E+02
       33772 -7.7270E+00  2.0546E+00  1.0000E-01  1.8044E+02
       33773 -7.7269E+00  2.0547E+00  0.0000E+00  1.8009E+02
       33776 -7.7467E+00  2.0652E+00  1.0000E-01  1.6019E+02
       33777 -7.7467E+00  2.0653E+00  0.0000E+00  1.6125E+02
       33780 -7.7660E+00  2.0767E+00  1.0000E-01  1.3995E+02
       33781 -7.7660E+00  2.0767E+00  0.0000E+00  1.4047E+02
       33784 -7.7847E+00  2.0891E+00  1.0000E-01  1.2043E+02
       33785 -7.7846E+00  2.0891E+00  0.0000E+00  1.1944E+02
       33788 -7.8029E+00  2.1022E+00  1.0000E-01  1.0099E+02
       33789 -7.8028E+00  2.1024E+00  0.0000E+00  1.0083E+02
       33792 -7.8203E+00  2.1163E+00  1.0000E-01  8.2670E+01
       33793 -7.8203E+00  2.1163E+00  1.3880E-17  8.3551E+01
       33796 -7.8373E+00  2.1310E+00  1.0000E-01  6.7593E+01
       33797 -7.8373E+00  2.1310E+00  1.1240E-21  6.7791E+01
       37160 -7.1465E+00  2.1465E+00  2.0000E-01  5.2667E+01
       37162 -7.1627E+00  2.1310E+00  2.0000E-01  6.7572E+01
       37164 -7.1797E+00  2.1163E+00  2.0000E-01  8.2662E+01
       37166 -7.1971E+00  2.1022E+00  2.0000E-01  1.0101E+02
       37168 -7.2153E+00  2.0891E+00  2.0000E-01  1.2046E+02
       37170 -7.2340E+00  2.0767E+00  2.0000E-01  1.3995E+02
       37172 -7.2533E+00  2.0652E+00  2.0000E-01  1.6020E+02
       37174 -7.2730E+00  2.0546E+00  2.0000E-01  1.8051E+02
       37176 -7.2933E+00  2.0448E+00  2.0000E-01  2.0084E+02
       37178 -7.3139E+00  2.0360E+00  2.0000E-01  2.2044E+02
       37180 -7.3349E+00  2.0281E+00  2.0000E-01  2.3905E+02
       37182 -7.3562E+00  2.0212E+00  2.0000E-01  2.5652E+02
       37184 -7.3779E+00  2.0152E+00  2.0000E-01  2.7280E+02
       37186 -7.3997E+00  2.0102E+00  2.0000E-01  2.8626E+02
       37188 -7.4218E+00  2.0063E+00  2.0000E-01  2.9696E+02
       37190 -7.4440E+00  2.0033E+00  2.0000E-01  3.0543E+02
       37192 -7.4664E+00  2.0013E+00  2.0000E-01  3.1120E+02
       37194 -7.4888E+00  2.0003E+00  2.0000E-01  3.1412E+02
       37196 -7.5112E+00  2.0003E+00  2.0000E-01  3.1412E+02
       37198 -7.5336E+00  2.0013E+00  2.0000E-01  3.1120E+02
       37200 -7.5560E+00  2.0033E+00  2.0000E-01  3.0542E+02
       37202 -7.5782E+00  2.0063E+00  2.0000E-01  2.9695E+02
       37204 -7.6003E+00  2.0102E+00  2.0000E-01  2.8628E+02
       37206 -7.6221E+00  2.0152E+00  2.0000E-01  2.7281E+02
       37208 -7.6438E+00  2.0212E+00  2.0000E-01  2.5651E+02
       37210 -7.6651E+00  2.0281E+00  2.0000E-01  2.3905E+02
       37212 -7.6861E+00  2.0360E+00  2.0000E-01  2.2044E+02
       37214 -7.7067E+00  2.0448E+00  2.0000E-01  2.0084E+02
       37216 -7.7270E+00  2.0546E+00  2.0000E-01  1.8051E+02
       37218 -7.7467E+00  2.0652E+00  2.0000E-01  1.6021E+02
       37220 -7.7660E+00  2.0767E+00  2.0000E-01  1.3995E+02
       37222 -7.7847E+00  2.0891E+00  2.0000E-01  1.2045E+02
       37224 -7.8029E+00  2.1022E+00  2.0000E-01  1.0101E+02
       37226 -7.8203E+00  2.1163E+00  2.0000E-01  8.2661E+01
       37228 -7.8373E+00  2.1310E+00  2.0000E-01  6.7572E+01
       38910 -7.1465E+00  2.1465E+00  3.0000E-01  5.2669E+01
       38912 -7.1627E+00  2.1310E+00  3.0000E-01  6.7575E+01
       38914 -7.1797E+00  2.1163E+00  3.0000E-01  8.2665E+01
       38916 -7.1971E+00  2.1022E+00  3.0000E-01  1.0101E+02
       38918 -7.2153E+00  2.0891E+00  3.0000E-01  1.2046E+02
       38920 -7.2340E+00  2.0767E+00  3.0000E-01  1.3996E+02
       38922 -7.2533E+00  2.0652E+00  3.0000E-01  1.6021E+02
       38924 -7.2730E+00  2.0546E+00  3.0000E-01  1.8051E+02
       38926 -7.2933E+00  2.0448E+00  3.0000E-01  2.0084E+02
       38928 -7.3139E+00  2.0360E+00  3.0000E-01  2.2044E+02
       38930 -7.3349E+00  2.0281E+00  3.0000E-01  2.3906E+02
       38932 -7.3562E+00  2.0212E+00  3.0000E-01  2.5653E+02
       38934 -7.3779E+00  2.0152E+00  3.0000E-01  2.7281E+02
       38936 -7.3997E+00  2.0102E+00  3.0000E-01  2.8626E+02
       38938 -7.4218E+00  2.0063E+00  3.0000E-01  2.9696E+02
       38940 -7.4440E+00  2.0033E+00  3.0000E-01  3.0542E+02
       38942 -7.4664E+00  2.0013E+00  3.0000E-01  3.1120E+02
       38944 -7.4888E+00  2.0003E+00  3.0000E-01  3.1411E+02
       38946 -7.5112E+00  2.0003E+00  3.0000E-01  3.1411E+02
       38948 -7.5336E+00  2.0013E+00  3.0000E-01  3.1120E+02
       38950 -7.5560E+00  2.0033E+00  3.0000E-01  3.0541E+02
       38952 -7.5782E+00  2.0063E+00  3.0000E-01  2.9694E+02
       38954 -7.6003E+00  2.0102E+00  3.0000E-01  2.8628E+02
       38956 -7.6221E+00  2.0152E+00  3.0000E-01  2.7282E+02
       38958 -7.6438E+00  2.0212E+00  3.0000E-01  2.5652E+02
       38960 -7.6651E+00  2.0281E+00  3.0000E-01  2.3906E+02
       38962 -7.6861E+00  2.0360E+00  3.0000E-01  2.2044E+02
       38964 -7.7067E+00  2.0448E+00  3.0000E-01  2.0084E+02
       38966 -7.7270E+00  2.0546E+00  3.0000E-01  1.8051E+02
       38968 -7.7467E+00  2.0652E+00  3.0000E-01  1.6022E+02
       38970 -7.7660E+00  2.0767E+00  3.0000E-01  1.3996E+02
       38972 -7.7847E+00  2.0891E+00  3.0000E-01  1.2045E+02
       38974 -7.8029E+00  2.1022E+00  3.0000E-01  1.0101E+02
       38976 -7.8203E+00  2.1163E+00  3.0000E-01  8.2664E+01
       38978 -7.8373E+00  2.1310E+00  3.0000E-01  6.7575E+01
       40660 -7.1465E+00  2.1465E+00  4.0000E-01  5.2669E+01
       40662 -7.1627E+00  2.1310E+00  4.0000E-01  6.7575E+01
       40664 -7.1797E+00  2.1163E+00  4.0000E-01  8.2665E+01
       40666 -7.1971E+00  2.1022E+00  4.0000E-01  1.0101E+02
       40668 -7.2153E+00  2.0891E+00  4.0000E-01  1.2046E+02
       40670 -7.2340E+00  2.0767E+00  4.0000E-01  1.3996E+02
       40672 -7.2533E+00  2.0652E+00  4.0000E-01  1.6021E+02
       40674 -7.2730E+00  2.0546E+00  4.0000E-01  1.8051E+02
       40676 -7.2933E+00  2.0448E+00  4.0000E-01  2.0084E+02
       40678 -7.3139E+00  2.0360E+00  4.0000E-01  2.2044E+02
       40680 -7.3349E+00  2.0281E+00  4.0000E-01  2.3906E+02
       40682 -7.3562E+00  2.0212E+00  4.0000E-01  2.5653E+02
       40684 -7.3779E+00  2.0152E+00  4.0000E-01  2.7281E+02
       40686 -7.3997E+00  2.0102E+00  4.0000E-01  2.8626E+02
       40688 -7.4218E+00  2.0063E+00  4.0000E-01  2.9696E+02
       40690 -7.4440E+00  2.0033E+00  4.0000E-01  3.0542E+02
       40692 -7.4664E+00  2.0013E+00  4.0000E-01  3.1119E+02
       40694 -7.4888E+00  2.0003E+00  4.0000E-01  3.1411E+02
       40696 -7.5112E+00  2.0003E+00  4.0000E-01  3.1411E+02
       40698 -7.5336E+00  2.0013E+00  4.0000E-01  3.1120E+02
       40700 -7.5560E+00  2.0033E+00  4.0000E-01  3.0541E+02
       40702 -7.5782E+00  2.0063E+00  4.0000E-01  2.9694E+02
       40704 -7.6003E+00  2.0102E+00  4.0000E-01  2.8628E+02
       40706 -7.6221E+00  2.0152E+00  4.0000E-01  2.7282E+02
       40708 -7.6438E+00  2.0212E+00  4.0000E-01  2.5652E+02
       40710 -7.6651E+00  2.0281E+00  4.0000E-01  2.3906E+02
       40712 -7.6861E+00  2.0360E+00  4.0000E-01  2.2044E+02
       40714 -7.7067E+00  2.0448E+00  4.0000E-01  2.0084E+02
       40716 -7.7270E+00  2.0546E+00  4.0000E-01  1.8051E+02
       40718 -7.7467E+00  2.0652E+00  4.0000E-01  1.6022E+02
       40720 -7.7660E+00  2.0767E+00  4.0000E-01  1.3996E+02
       40722 -7.7847E+00  2.0891E+00  4.0000E-01  1.2045E+02
       40724 -7.8029E+00  2.1022E+00  4.0000E-01  1.0101E+02
       40726 -7.8203E+00  2.1163E+00  4.0000E-01  8.2664E+01
       40728 -7.8373E+00  2.1310E+00  4.0000E-01  6.7575E+01
       42410 -7.1465E+00  2.1465E+00  5.0000E-01  5.2668E+01
       42412 -7.1627E+00  2.1310E+00  5.0000E-01  6.7575E+01
       42414 -7.1797E+00  2.1163E+00  5.0000E-01  8.2665E+01
       42416 -7.1971E+00  2.1022E+00  5.0000E-01  1.0101E+02
       42418 -7.2153E+00  2.0891E+00  5.0000E-01  1.2046E+02
       42420 -7.2340E+00  2.0767E+00  5.0000E-01  1.3996E+02
       42422 -7.2533E+00  2.0652E+00  5.0000E-01  1.6021E+02
       42424 -7.2730E+00  2.0546E+00  5.0000E-01  1.8051E+02
       42426 -7.2933E+00  2.0448E+00  5.0000E-01  2.0084E+02
       42428 -7.3139E+00  2.0360E+00  5.0000E-01  2.2044E+02
       42430 -7.3349E+00  2.0281E+00  5.0000E-01  2.3906E+02
       42432 -7.3562E+00  2.0212E+00  5.0000E-01  2.5653E+02
       42434 -7.3779E+00  2.0152E+00  5.0000E-01  2.7281E+02
       42436 -7.3997E+00  2.0102E+00  5.0000E-01  2.8626E+02
       42438 -7.4218E+00  2.0063E+00  5.0000E-01  2.9696E+02
       42440 -7.4440E+00  2.0033E+00  5.0000E-01  3.0542E+02
       42442 -7.4664E+00  2.0013E+00  5.0000E-01  3.1119E+02
       42444 -7.4888E+00  2.0003E+00  5.0000E-01  3.1411E+02
       42446 -7.5112E+00  2.0003E+00  5.0000E-01  3.1411E+02
       42448 -7.5336E+00  2.0013E+00  5.0000E-01  3.1120E+02
       42450 -7.5560E+00  2.0033E+00  5.0000E-01  3.0541E+02
       42452 -7.5782E+00  2.0063E+00  5.0000E-01  2.9694E+02
       42454 -7.6003E+00  2.0102E+00  5.0000E-01  2.8628E+02
       42456 -7.6221E+00  2.0152E+00  5.0000E-01  2.7282E+02
       42458 -7.6438E+00  2.0212E+00  5.0000E-01  2.5652E+02
       42460 -7.6651E+00  2.0281E+00  5.0000E-01  2.3906E+02
       42462 -7.6861E+00  2.0360E+00  5.0000E-01  2.2044E+02
       42464 -7.7067E+00  2.0448E+00  5.0000E-01  2.0084E+02
       42466 -7.7270E+00  2.0546E+00  5.0000E-01  1.8051E+02
       42468 -7.7467E+00  2.0652E+00  5.0000E-01  1.6022E+02
       42470 -7.7660E+00  2.0767E+00  5.0000E-01  1.3996E+02
       42472 -7.7847E+00  2.0891E+00  5.0000E-01  1.2045E+02
       42474 -7.8029E+00  2.1022E+00  5.0000E-01  1.0101E+02
       42476 -7.8203E+00  2.1163E+00  5.0000E-01  8.2664E+01
       42478 -7.8373E+00  2.1310E+00  5.0000E-01  6.7575E+01
       44160 -7.1465E+00  2.1465E+00  6.0000E-01  5.2668E+01
       44162 -7.1627E+00  2.1310E+00  6.0000E-01  6.7575E+01
       44164 -7.1797E+00  2.1163E+00  6.0000E-01  8.2665E+01
       44166 -7.1971E+00  2.1022E+00  6.0000E-01  1.0101E+02
       44168 -7.2153E+00  2.0891E+00  6.0000E-01  1.2046E+02
       44170 -7.2340E+00  2.0767E+00  6.0000E-01  1.3996E+02
       44172 -7.2533E+00  2.0652E+00  6.0000E-01  1.6021E+02
       44174 -7.2730E+00  2.0546E+00  6.0000E-01  1.8051E+02
       44176 -7.2933E+00  2.0448E+00  6.0000E-01  2.0084E+02
       44178 -7.3139E+00  2.0360E+00  6.0000E-01  2.2044E+02
       44180 -7.3349E+00  2.0281E+00  6.0000E-01  2.3906E+02
       44182 -7.3562E+00  2.0212E+00  6.0000E-01  2.5653E+02
       44184 -7.3779E+00  2.0152E+00  6.0000E-01  2.7281E+02
       44186 -7.3997E+00  2.0102E+00  6.0000E-01  2.8626E+02
       44188 -7.4218E+00  2.0063E+00  6.0000E-01  2.9696E+02
       44190 -7.4440E+00  2.0033E+00  6.0000E-01  3.0542E+02
       44192 -7.4664E+00  2.0013E+00  6.0000E-01  3.1119E+02
       44194 -7.4888E+00  2.0003E+00  6.0000E-01  3.1411E+02
       44196 -7.5112E+00  2.0003E+00  6.0000E-01  3.1411E+02
       44198 -7.5336E+00  2.0013E+00  6.0000E-01  3.1120E+02
       44200 -7.5560E+00  2.0033E+00  6.0000E-01  3.0541E+02
       44202 -7.5782E+00  2.0063E+00  6.0000E-01  2.9694E+02
       44204 -7.6003E+00  2.0102E+00  6.0000E-01  2.8628E+02
       44206 -7.6221E+00  2.0152E+00  6.0000E-01  2.7282E+02
       44208 -7.6438E+00  2.0212E+00  6.0000E-01  2.5652E+02
       44210 -7.6651E+00  2.0281E+00  6.0000E-01  2.3906E+02
       44212 -7.6861E+00  2.0360E+00  6.0000E-01  2.2044E+02
       44214 -7.7067E+00  2.0448E+00  6.0000E-01  2.0084E+02
       44216 -7.7270E+00  2.0546E+00  6.0000E-01  1.8051E+02
       44218 -7.7467E+00  2.0652E+00  6.0000E-01  1.6022E+02
       44220 -7.7660E+00  2.0767E+00  6.0000E-01  1.3996E+02
       44222 -7.7847E+00  2.0891E+00  6.0000E-01  1.2045E+02
       44224 -7.8029E+00  2.1022E+00  6.0000E-01  1.0101E+02
       44226 -7.8203E+00  2.1163E+00  6.0000E-01  8.2664E+01
       44228 -7.8373E+00  2.1310E+00  6.0000E-01  6.7575E+01
       45910 -7.1465E+00  2.1465E+00  7.0000E-01  5.2668E+01
       45912 -7.1627E+00  2.1310E+00  7.0000E-01  6.7575E+01
       45914 -7.1797E+00  2.1163E+00  7.0000E-01  8.2665E+01
       45916 -7.1971E+00  2.1022E+00  7.0000E-01  1.0101E+02
       45918 -7.2153E+00  2.0891E+00  7.0000E-01  1.2046E+02
       45920 -7.2340E+00  2.0767E+00  7.0000E-01  1.3996E+02
       45922 -7.2533E+00  2.0652E+00  7.0000E-01  1.6021E+02
       45924 -7.2730E+00  2.0546E+00  7.0000E-01  1.8051E+02
       45926 -7.2933E+00  2.0448E+00  7.0000E-01  2.0084E+02
       45928 -7.3139E+00  2.0360E+00  7.0000E-01  2.2044E+02
       45930 -7.3349E+00  2.0281E+00  7.0000E-01  2.3906E+02
       45932 -7.3562E+00  2.0212E+00  7.0000E-01  2.5653E+02
       45934 -7.3779E+00  2.0152E+00  7.0000E-01  2.7281E+02
       45936 -7.3997E+00  2.0102E+00  7.0000E-01  2.8626E+02
       45938 -7.4218E+00  2.0063E+00  7.0000E-01  2.9696E+02
       45940 -7.4440E+00  2.0033E+00  7.0000E-01  3.0542E+02
       45942 -7.4664E+00  2.0013E+00  7.0000E-01  3.1120E+02
       45944 -7.4888E+00  2.0003E+00  7.0000E-01  3.1411E+02
       45946 -7.5112E+00  2.0003E+00  7.0000E-01  3.1411E+02
       45948 -7.5336E+00  2.0013E+00  7.0000E-01  3.1120E+02
       45950 -7.5560E+00  2.0033E+00  7.0000E-01  3.0541E+02
       45952 -7.5782E+00  2.0063E+00  7.0000E-01  2.9694E+02
       45954 -7.6003E+00  2.0102E+00  7.0000E-01  2.8628E+02
       45956 -7.6221E+00  2.0152E+00  7.0000E-01  2.7282E+02
       45958 -7.6438E+00  2.0212E+00  7.0000E-01  2.5652E+02
       45960 -7.6651E+00  2.0281E+00  7.0000E-01  2.3906E+02
       45962 -7.6861E+00  2.0360E+00  7.0000E-01  2.2044E+02
       45964 -7.7067E+00  2.0448E+00  7.0000E-01  2.0084E+02
       45966 -7.7270E+00  2.0546E+00  7.0000E-01  1.8051E+02
       45968 -7.7467E+00  2.0652E+00  7.0000E-01  1.6022E+02
       45970 -7.7660E+00  2.0767E+00  7.0000E-01  1.3996E+02
       45972 -7.7847E+00  2.0891E+00  7.0000E-01  1.2045E+02
       45974 -7.8029E+00  2.1022E+00  7.0000E-01  1.0101E+02
       45976 -7.8203E+00  2.1163E+00  7.0000E-01  8.2664E+01
       45978 -7.8373E+00  2.1310E+00  7.0000E-01  6.7575E+01
       47660 -7.1465E+00  2.1465E+00  8.0000E-01  5.2666E+01
       47662 -7.1627E+00  2.1310E+00  8.0000E-01  6.7572E+01
       47664 -7.1797E+00  2.1163E+00  8.0000E-01  8.2662E+01
       47666 -7.1971E+00  2.1022E+00  8.0000E-01  1.0101E+02
       47668 -7.2153E+00  2.0891E+00  8.0000E-01  1.2046E+02
       47670 -7.2340E+00  2.0767E+00  8.0000E-01  1.3995E+02
       47672 -7.2533E+00  2.0652E+00  8.0000E-01  1.6020E+02
       47674 -7.2730E+00  2.0546E+00  8.0000E-01  1.8051E+02
       47676 -7.2933E+00  2.0448E+00  8.0000E-01  2.0084E+02
       47678 -7.3139E+00  2.0360E+00  8.0000E-01  2.2044E+02
       47680 -7.3349E+00  2.0281E+00  8.0000E-01  2.3905E+02
       47682 -7.3562E+00  2.0212E+00  8.0000E-01  2.5652E+02
       47684 -7.3779E+00  2.0152E+00  8.0000E-01  2.7280E+02
       47686 -7.3997E+00  2.0102E+00  8.0000E-01  2.8626E+02
       47688 -7.4218E+00  2.0063E+00  8.0000E-01  2.9696E+02
       47690 -7.4440E+00  2.0033E+00  8.0000E-01  3.0543E+02
       47692 -7.4664E+00  2.0013E+00  8.0000E-01  3.1120E+02
       47694 -7.4888E+00  2.0003E+00  8.0000E-01  3.1412E+02
       47696 -7.5112E+00  2.0003E+00  8.0000E-01  3.1412E+02
       47698 -7.5336E+00  2.0013E+00  8.0000E-01  3.1120E+02
       47700 -7.5560E+00  2.0033E+00  8.0000E-01  3.0542E+02
       47702 -7.5782E+00  2.0063E+00  8.0000E-01  2.9695E+02
       47704 -7.6003E+00  2.0102E+00  8.0000E-01  2.8628E+02
       47706 -7.6221E+00  2.0152E+00  8.0000E-01  2.7281E+02
       47708 -7.6438E+00  2.0212E+00  8.0000E-01  2.5651E+02
       47710 -7.6651E+00  2.0281E+00  8.0000E-01  2.3905E+02
       47712 -7.6861E+00  2.0360E+00  8.0000E-01  2.2044E+02
       47714 -7.7067E+00  2.0448E+00  8.0000E-01  2.0084E+02
       47716 -7.7270E+00  2.0546E+00  8.0000E-01  1.8051E+02
       47718 -7.7467E+00  2.0652E+00  8.0000E-01  1.6021E+02
       47720 -7.7660E+00  2.0767E+00  8.0000E-01  1.3995E+02
       47722 -7.7847E+00  2.0891E+00  8.0000E-01  1.2045E+02
       47724 -7.8029E+00  2.1022E+00  8.0000E-01  1.0101E+02
       47726 -7.8203E+00  2.1163E+00  8.0000E-01  8.2661E+01
       47728 -7.8373E+00  2.1310E+00  8.0000E-01  6.7572E+01
       49410 -7.1465E+00  2.1465E+00  9.0000E-01  5.2686E+01
       49412 -7.1627E+00  2.1310E+00  9.0000E-01  6.7593E+01
       49414 -7.1797E+00  2.1163E+00  9.0000E-01  8.2671E+01
       49416 -7.1971E+00  2.1022E+00  9.0000E-01  1.0099E+02
       49418 -7.2153E+00  2.0891E+00  9.0000E-01  1.2043E+02
       49420 -7.2340E+00  2.0767E+00  9.0000E-01  1.3995E+02
       49422 -7.2533E+00  2.0652E+00  9.0000E-01  1.6019E+02
       49424 -7.2730E+00  2.0546E+00  9.0000E-01  1.8044E+02
       49426 -7.2933E+00  2.0448E+00  9.0000E-01  2.0076E+02
       49428 -7.3139E+00  2.0360E+00  9.0000E-01  2.2039E+02
       49430 -7.3349E+00  2.0281E+00  9.0000E-01  2.3905E+02
       49432 -7.3562E+00  2.0212E+00  9.0000E-01  2.5655E+02
       49434 -7.3779E+00  2.0152E+00  9.0000E-01  2.7284E+02
       49436 -7.3997E+00  2.0102E+00  9.0000E-01  2.8630E+02
       49438 -7.4218E+00  2.0063E+00  9.0000E-01  2.9698E+02
       49440 -7.4440E+00  2.0033E+00  9.0000E-01  3.0544E+02
       49442 -7.4664E+00  2.0013E+00  9.0000E-01  3.1121E+02
       49444 -7.4888E+00  2.0003E+00  9.0000E-01  3.1413E+02
       49446 -7.5112E+00  2.0003E+00  9.0000E-01  3.1413E+02
       49448 -7.5336E+00  2.0013E+00  9.0000E-01  3.1122E+02
       49450 -7.5560E+00  2.0033E+00  9.0000E-01  3.0544E+02
       49452 -7.5782E+00  2.0063E+00  9.0000E-01  2.9697E+02
       49454 -7.6003E+00  2.0102E+00  9.0000E-01  2.8631E+02
       49456 -7.6221E+00  2.0152E+00  9.0000E-01  2.7285E+02
       49458 -7.6438E+00  2.0212E+00  9.0000E-01  2.5654E+02
       49460 -7.6651E+00  2.0281E+00  9.0000E-01  2.3905E+02
       49462 -7.6861E+00  2.0360E+00  9.0000E-01  2.2039E+02
       49464 -7.7067E+00  2.0448E+00  9.0000E-01  2.0076E+02
       49466 -7.7270E+00  2.0546E+00  9.0000E-01  1.8044E+02
       49468 -7.7467E+00  2.0652E+00  9.0000E-01  1.6019E+02
       49470 -7.7660E+00  2.0767E+00  9.0000E-01  1.3995E+02
       49472 -7.7847E+00  2.0891E+00  9.0000E-01  1.2043E+02
       49474 -7.8029E+00  2.1022E+00  9.0000E-01  1.0099E+02
       49476 -7.8203E+00  2.1163E+00  9.0000E-01  8.2670E+01
       49478 -7.8373E+00  2.1310E+00  9.0000E-01  6.7593E+01
       51160 -7.1465E+00  2.1465E+00  1.0000E+00  5.2776E+01
       51162 -7.1627E+00  2.1310E+00  1.0000E+00  6.7790E+01
       51164 -7.1797E+00  2.1163E+00  1.0000E+00  8.3552E+01
       51166 -7.1972E+00  2.1024E+00  1.0000E+00  1.0083E+02
       51168 -7.2154E+00  2.0891E+00  1.0000E+00  1.1944E+02
       51170 -7.2340E+00  2.0767E+00  1.0000E+00  1.4047E+02
       51172 -7.2533E+00  2.0653E+00  1.0000E+00  1.6125E+02
       51174 -7.2731E+00  2.0547E+00  1.0000E+00  1.8009E+02
       51176 -7.2933E+00  2.0450E+00  1.0000E+00  1.9937E+02
       51178 -7.3139E+00  2.0361E+00  1.0000E+00  2.2017E+02
       51180 -7.3349E+00  2.0282E+00  1.0000E+00  2.3903E+02
       51182 -7.3562E+00  2.0212E+00  1.0000E+00  2.5662E+02
       51184 -7.3779E+00  2.0152E+00  1.0000E+00  2.7324E+02
       51186 -7.3997E+00  2.0102E+00  1.0000E+00  2.8638E+02
       51188 -7.4218E+00  2.0063E+00  1.0000E+00  2.9703E+02
       51190 -7.4440E+00  2.0033E+00  1.0000E+00  3.0547E+02
       51192 -7.4664E+00  2.0013E+00  1.0000E+00  3.1123E+02
       51194 -7.4888E+00  2.0003E+00  1.0000E+00  3.1414E+02
       51196 -7.5112E+00  2.0003E+00  1.0000E+00  3.1414E+02
       51198 -7.5336E+00  2.0013E+00  1.0000E+00  3.1123E+02
       51200 -7.5560E+00  2.0033E+00  1.0000E+00  3.0546E+02
       51202 -7.5782E+00  2.0063E+00  1.0000E+00  2.9701E+02
       51204 -7.6003E+00  2.0102E+00  1.0000E+00  2.8639E+02
       51206 -7.6221E+00  2.0152E+00  1.0000E+00  2.7325E+02
       51208 -7.6438E+00  2.0212E+00  1.0000E+00  2.5663E+02
       51210 -7.6651E+00  2.0282E+00  1.0000E+00  2.3903E+02
       51212 -7.6861E+00  2.0361E+00  1.0000E+00  2.2016E+02
       51214 -7.7067E+00  2.0450E+00  1.0000E+00  1.9937E+02
       51216 -7.7269E+00  2.0547E+00  1.0000E+00  1.8009E+02
       51218 -7.7467E+00  2.0653E+00  1.0000E+00  1.6125E+02
       51220 -7.7660E+00  2.0767E+00  1.0000E+00  1.4047E+02
       51222 -7.7846E+00  2.0891E+00  1.0000E+00  1.1944E+02
       51224 -7.8028E+00  2.1024E+00  1.0000E+00  1.0083E+02
       51226 -7.8203E+00  2.1163E+00  1.0000E+00  8.3551E+01
       51228 -7.8373E+00  2.1310E+00  1.0000E+00  6.7791E+01
       67155 -7.1310E+00  2.1627E+00  6.9390E-18  3.8787E+01
       67156 -7.1310E+00  2.1627E+00  1.0000E-01  3.8655E+01
       67253 -7.1310E+00  2.1627E+00  2.0000E-01  3.8644E+01
       67302 -7.1310E+00  2.1627E+00  3.0000E-01  3.8644E+01
       67351 -7.1310E+00  2.1627E+00  4.0000E-01  3.8644E+01
       67400 -7.1310E+00  2.1627E+00  5.0000E-01  3.8640E+01
       67449 -7.1310E+00  2.1627E+00  6.0000E-01  3.8640E+01
       67498 -7.1310E+00  2.1627E+00  7.0000E-01  3.8640E+01
       67547 -7.1310E+00  2.1627E+00  8.0000E-01  3.8639E+01
       67596 -7.1310E+00  2.1627E+00  9.0000E-01  3.8651E+01
       67645 -7.1310E+00  2.1627E+00  1.0000E+00  3.8787E+01
       67694 -7.1163E+00  2.1797E+00  0.0000E+00  2.7309E+01
       67695 -7.1163E+00  2.1797E+00  1.0000E-01  2.7508E+01
       67792 -7.1163E+00  2.1797E+00  2.0000E-01  2.7506E+01
       67841 -7.1163E+00  2.1797E+00  3.0000E-01  2.7505E+01
       67890 -7.1163E+00  2.1797E+00  4.0000E-01  2.7505E+01
       67939 -7.1163E+00  2.1797E+00  5.0000E-01  2.7515E+01
       67988 -7.1163E+00  2.1797E+00  6.0000E-01  2.7514E+01
       68037 -7.1163E+00  2.1797E+00  7.0000E-01  2.7516E+01
       68086 -7.1163E+00  2.1797E+00  8.0000E-01  2.7517E+01
       68135 -7.1163E+00  2.1797E+00  9.0000E-01  2.7518E+01
       68184 -7.1163E+00  2.1797E+00  1.0000E+00  2.7310E+01
       68233 -7.1024E+00  2.1972E+00  0.0000E+00  1.7750E+01
       68234 -7.1022E+00  2.1971E+00  1.0000E-01  1.8066E+01
       68331 -7.1022E+00  2.1971E+00  2.0000E-01  1.8070E+01
       68380 -7.1022E+00  2.1971E+00  3.0000E-01  1.8068E+01
       68429 -7.1022E+00  2.1971E+00  4.0000E-01  1.8068E+01
       68478 -7.1022E+00  2.1971E+00  5.0000E-01  1.8072E+01
       68527 -7.1022E+00  2.1971E+00  6.0000E-01  1.8073E+01
       68576 -7.1022E+00  2.1971E+00  7.0000E-01  1.8073E+01
       68625 -7.1022E+00  2.1971E+00  8.0000E-01  1.8076E+01
       68674 -7.1022E+00  2.1971E+00  9.0000E-01  1.8071E+01
       68723 -7.1024E+00  2.1972E+00  1.0000E+00  1.7750E+01
       68772 -7.0891E+00  2.2154E+00  0.0000E+00  9.9645E+00
       68773 -7.0891E+00  2.2153E+00  1.0000E-01  9.8952E+00
       68870 -7.0891E+00  2.2153E+00  2.0000E-01  9.8974E+00
       68919 -7.0891E+00  2.2153E+00  3.0000E-01  9.8963E+00
       68968 -7.0891E+00  2.2153E+00  4.0000E-01  9.8961E+00
       69017 -7.0891E+00  2.2153E+00  5.0000E-01  9.8894E+00
       69066 -7.0891E+00  2.2153E+00  6.0000E-01  9.8897E+00
       69115 -7.0891E+00  2.2153E+00  7.0000E-01  9.8891E+00
       69164 -7.0891E+00  2.2153E+00  8.0000E-01  9.8903E+00
       69213 -7.0891E+00  2.2153E+00  9.0000E-01  9.8881E+00
       69262 -7.0891E+00  2.2154E+00  1.0000E+00  9.9650E+00
       69311 -7.0767E+00  2.2340E+00  0.0000E+00  3.7496E+00
       69312 -7.0767E+00  2.2340E+00  1.0000E-01  3.7351E+00
       69409 -7.0767E+00  2.2340E+00  2.0000E-01  3.7350E+00
       69458 -7.0767E+00  2.2340E+00  3.0000E-01  3.7343E+00
       69507 -7.0767E+00  2.2340E+00  4.0000E-01  3.7341E+00
       69556 -7.0767E+00  2.2340E+00  5.0000E-01  3.7337E+00
       69605 -7.0767E+00  2.2340E+00  6.0000E-01  3.7337E+00
       69654 -7.0767E+00  2.2340E+00  7.0000E-01  3.7340E+00
       69703 -7.0767E+00  2.2340E+00  8.0000E-01  3.7346E+00
       69752 -7.0767E+00  2.2340E+00  9.0000E-01  3.7348E+00
       69801 -7.0767E+00  2.2340E+00  1.0000E+00  3.7492E+00
       69850 -7.0652E+00  2.2533E+00  0.0000E+00 -8.9627E-01
       69851 -7.0652E+00  2.2533E+00  1.0000E-01 -9.0501E-01
       69948 -7.0652E+00  2.2533E+00  2.0000E-01 -9.0751E-01
       69997 -7.0652E+00  2.2533E+00  3.0000E-01 -9.0778E-01
       70046 -7.0652E+00  2.2533E+00  4.0000E-01 -9.0803E-01
       70095 -7.0652E+00  2.2533E+00  5.0000E-01 -9.0848E-01
       70144 -7.0652E+00  2.2533E+00  6.0000E-01 -9.0846E-01
       70193 -7.0652E+00  2.2533E+00  7.0000E-01 -9.0826E-01
       70242 -7.0652E+00  2.2533E+00  8.0000E-01 -9.0798E-01
       70291 -7.0652E+00  2.2533E+00  9.0000E-01 -9.0532E-01
       70340 -7.0652E+00  2.2533E+00  1.0000E+00 -8.9596E-01
       70389 -7.0547E+00  2.2731E+00  0.0000E+00 -3.9882E+00
       70390 -7.0546E+00  2.2730E+00  1.0000E-01 -4.0404E+00
       70487 -7.0546E+00  2.2730E+00  2.0000E-01 -4.0448E+00
       70536 -7.0546E+00  2.2730E+00  3.0000E-01 -4.0447E+00
       70585 -7.0546E+00  2.2730E+00  4.0000E-01 -4.0449E+00
       70634 -7.0546E+00  2.2730E+00  5.0000E-01 -4.0451E+00
       70683 -7.0546E+00  2.2730E+00  6.0000E-01 -4.0451E+00
       70732 -7.0546E+00  2.2730E+00  7.0000E-01 -4.0449E+00
       70781 -7.0546E+00  2.2730E+00  8.0000E-01 -4.0450E+00
       70830 -7.0546E+00  2.2730E+00  9.0000E-01 -4.0405E+00
       70879 -7.0547E+00  2.2731E+00  1.0000E+00 -3.9841E+00
       70928 -7.0450E+00  2.2933E+00  0.0000E+00 -6.0012E+00
       70929 -7.0448E+00  2.2933E+00  1.0000E-01 -5.9151E+00
       71026 -7.0448E+00  2.2933E+00  2.0000E-01 -5.9188E+00
       71075 -7.0448E+00  2.2933E+00  3.0000E-01 -5.9187E+00
       71124 -7.0448E+00  2.2933E+00  4.0000E-01 -5.9189E+00
       71173 -7.0448E+00  2.2933E+00  5.0000E-01 -5.9189E+00
       71222 -7.0448E+00  2.2933E+00  6.0000E-01 -5.9189E+00
       71271 -7.0448E+00  2.2933E+00  7.0000E-01 -5.9187E+00
       71320 -7.0448E+00  2.2933E+00  8.0000E-01 -5.9188E+00
       71369 -7.0448E+00  2.2933E+00  9.0000E-01 -5.9151E+00
       71418 -7.0450E+00  2.2933E+00  1.0000E+00 -6.0099E+00
       71467 -7.0361E+00  2.3139E+00  0.0000E+00 -6.7802E+00
       71468 -7.0360E+00  2.3139E+00  1.0000E-01 -6.7278E+00
       71565 -7.0360E+00  2.3139E+00  2.0000E-01 -6.7298E+00
       71614 -7.0360E+00  2.3139E+00  3.0000E-01 -6.7298E+00
       71663 -7.0360E+00  2.3139E+00  4.0000E-01 -6.7299E+00
       71712 -7.0360E+00  2.3139E+00  5.0000E-01 -6.7300E+00
       71761 -7.0360E+00  2.3139E+00  6.0000E-01 -6.7300E+00
       71810 -7.0360E+00  2.3139E+00  7.0000E-01 -6.7299E+00
       71859 -7.0360E+00  2.3139E+00  8.0000E-01 -6.7298E+00
       71908 -7.0360E+00  2.3139E+00  9.0000E-01 -6.7278E+00
       71957 -7.0360E+00  2.3139E+00  1.0000E+00 -6.7847E+00
       72006 -7.0282E+00  2.3349E+00  0.0000E+00 -6.7306E+00
       72007 -7.0281E+00  2.3349E+00  1.0000E-01 -6.6863E+00
       72104 -7.0281E+00  2.3349E+00  2.0000E-01 -6.6872E+00
       72153 -7.0281E+00  2.3349E+00  3.0000E-01 -6.6874E+00
       72202 -7.0281E+00  2.3349E+00  4.0000E-01 -6.6874E+00
       72251 -7.0281E+00  2.3349E+00  5.0000E-01 -6.6874E+00
       72300 -7.0281E+00  2.3349E+00  6.0000E-01 -6.6874E+00
       72349 -7.0281E+00  2.3349E+00  7.0000E-01 -6.6874E+00
       72398 -7.0281E+00  2.3349E+00  8.0000E-01 -6.6872E+00
       72447 -7.0281E+00  2.3349E+00  9.0000E-01 -6.6865E+00
       72496 -7.0282E+00  2.3349E+00  1.0000E+00 -6.7199E+00
       72545 -7.0212E+00  2.3562E+00  0.0000E+00 -6.1738E+00
       72546 -7.0212E+00  2.3562E+00  1.0000E-01 -6.1003E+00
       72643 -7.0212E+00  2.3562E+00  2.0000E-01 -6.0957E+00
       72692 -7.0212E+00  2.3562E+00  3.0000E-01 -6.0959E+00
       72741 -7.0212E+00  2.3562E+00  4.0000E-01 -6.0960E+00
       72790 -7.0212E+00  2.3562E+00  5.0000E-01 -6.0960E+00
       72839 -7.0212E+00  2.3562E+00  6.0000E-01 -6.0960E+00
       72888 -7.0212E+00  2.3562E+00  7.0000E-01 -6.0960E+00
       72937 -7.0212E+00  2.3562E+00  8.0000E-01 -6.0957E+00
       72986 -7.0212E+00  2.3562E+00  9.0000E-01 -6.0961E+00
       73035 -7.0212E+00  2.3562E+00  1.0000E+00 -6.1705E+00
       73084 -7.0152E+00  2.3778E+00 -5.5500E-17 -4.9962E+00
       73085 -7.0152E+00  2.3778E+00  1.0000E-01 -4.9987E+00
       73182 -7.0152E+00  2.3778E+00  2.0000E-01 -5.0085E+00
       73231 -7.0152E+00  2.3778E+00  3.0000E-01 -5.0088E+00
       73280 -7.0152E+00  2.3778E+00  4.0000E-01 -5.0088E+00
       73329 -7.0152E+00  2.3778E+00  5.0000E-01 -5.0088E+00
       73378 -7.0152E+00  2.3778E+00  6.0000E-01 -5.0088E+00
       73427 -7.0152E+00  2.3778E+00  7.0000E-01 -5.0088E+00
       73476 -7.0152E+00  2.3778E+00  8.0000E-01 -5.0086E+00
       73525 -7.0152E+00  2.3778E+00  9.0000E-01 -5.0090E+00
       73574 -7.0152E+00  2.3778E+00  1.0000E+00 -5.0064E+00
       73623 -7.0102E+00  2.3997E+00  0.0000E+00 -3.6863E+00
       73624 -7.0102E+00  2.3997E+00  1.0000E-01 -3.6848E+00
       73721 -7.0102E+00  2.3997E+00  2.0000E-01 -3.6888E+00
       73770 -7.0102E+00  2.3997E+00  3.0000E-01 -3.6889E+00
       73819 -7.0102E+00  2.3997E+00  4.0000E-01 -3.6889E+00
       73868 -7.0102E+00  2.3997E+00  5.0000E-01 -3.6889E+00
       73917 -7.0102E+00  2.3997E+00  6.0000E-01 -3.6889E+00
       73966 -7.0102E+00  2.3997E+00  7.0000E-01 -3.6889E+00
       74015 -7.0102E+00  2.3997E+00  8.0000E-01 -3.6889E+00
       74064 -7.0102E+00  2.3997E+00  9.0000E-01 -3.6891E+00
       74113 -7.0102E+00  2.3997E+00  1.0000E+00 -3.6905E+00
       74162 -7.0063E+00  2.4218E+00  0.0000E+00 -2.4688E+00
       74163 -7.0063E+00  2.4218E+00  1.0000E-01 -2.4679E+00
       74260 -7.0063E+00  2.4218E+00  2.0000E-01 -2.4578E+00
       74309 -7.0063E+00  2.4218E+00  3.0000E-01 -2.4577E+00
       74358 -7.0063E+00  2.4218E+00  4.0000E-01 -2.4577E+00
       74407 -7.0063E+00  2.4218E+00  5.0000E-01 -2.4577E+00
       74456 -7.0063E+00  2.4218E+00  6.0000E-01 -2.4577E+00
       74505 -7.0063E+00  2.4218E+00  7.0000E-01 -2.4577E+00
       74554 -7.0063E+00  2.4218E+00  8.0000E-01 -2.4577E+00
       74603 -7.0063E+00  2.4218E+00  9.0000E-01 -2.4578E+00
       74652 -7.0063E+00  2.4218E+00  1.0000E+00 -2.4588E+00
       74701 -7.0033E+00  2.4440E+00  0.0000E+00 -1.4014E+00
       74702 -7.0033E+00  2.4440E+00  1.0000E-01 -1.4013E+00
       74799 -7.0033E+00  2.4440E+00  2.0000E-01 -1.4021E+00
       74848 -7.0033E+00  2.4440E+00  3.0000E-01 -1.4021E+00
       74897 -7.0033E+00  2.4440E+00  4.0000E-01 -1.4021E+00
       74946 -7.0033E+00  2.4440E+00  5.0000E-01 -1.4021E+00
       74995 -7.0033E+00  2.4440E+00  6.0000E-01 -1.4021E+00
       75044 -7.0033E+00  2.4440E+00  7.0000E-01 -1.4021E+00
       75093 -7.0033E+00  2.4440E+00  8.0000E-01 -1.4021E+00
       75142 -7.0033E+00  2.4440E+00  9.0000E-01 -1.4021E+00
       75191 -7.0033E+00  2.4440E+00  1.0000E+00 -1.4021E+00
       75240 -7.0013E+00  2.4664E+00  0.0000E+00 -6.1837E-01
       75241 -7.0013E+00  2.4664E+00  1.0000E-01 -6.1826E-01
       75338 -7.0013E+00  2.4664E+00  2.0000E-01 -6.1823E-01
       75387 -7.0013E+00  2.4664E+00  3.0000E-01 -6.1821E-01
       75436 -7.0013E+00  2.4664E+00  4.0000E-01 -6.1822E-01
       75485 -7.0013E+00  2.4664E+00  5.0000E-01 -6.1822E-01
       75534 -7.0013E+00  2.4664E+00  6.0000E-01 -6.1822E-01
       75583 -7.0013E+00  2.4664E+00  7.0000E-01 -6.1822E-01
       75632 -7.0013E+00  2.4664E+00  8.0000E-01 -6.1820E-01
       75681 -7.0013E+00  2.4664E+00  9.0000E-01 -6.1821E-01
       75730 -7.0013E+00  2.4664E+00  1.0000E+00 -6.1840E-01
       75779 -7.0003E+00  2.4888E+00  0.0000E+00 -2.0354E-01
       75780 -7.0003E+00  2.4888E+00  1.0000E-01 -2.0351E-01
       75877 -7.0003E+00  2.4888E+00  2.0000E-01 -2.0346E-01
       75926 -7.0003E+00  2.4888E+00  3.0000E-01 -2.0345E-01
       75975 -7.0003E+00  2.4888E+00  4.0000E-01 -2.0345E-01
       76024 -7.0003E+00  2.4888E+00  5.0000E-01 -2.0345E-01
       76073 -7.0003E+00  2.4888E+00  6.0000E-01 -2.0345E-01
       76122 -7.0003E+00  2.4888E+00  7.0000E-01 -2.0345E-01
       76171 -7.0003E+00  2.4888E+00  8.0000E-01 -2.0350E-01
       76220 -7.0003E+00  2.4888E+00  9.0000E-01 -2.0351E-01
       76269 -7.0003E+00  2.4888E+00  1.0000E+00 -2.0346E-01
       76318 -7.0003E+00  2.5112E+00 -2.7800E-17 -2.0404E-01
       76319 -7.0003E+00  2.5112E+00  1.0000E-01 -2.0401E-01
       76416 -7.0003E+00  2.5112E+00  2.0000E-01 -2.0397E-01
       76465 -7.0003E+00  2.5112E+00  3.0000E-01 -2.0396E-01
       76514 -7.0003E+00  2.5112E+00  4.0000E-01 -2.0397E-01
       76563 -7.0003E+00  2.5112E+00  5.0000E-01 -2.0397E-01
       76612 -7.0003E+00  2.5112E+00  6.0000E-01 -2.0397E-01
       76661 -7.0003E+00  2.5112E+00  7.0000E-01 -2.0397E-01
       76710 -7.0003E+00  2.5112E+00  8.0000E-01 -2.0390E-01
       76759 -7.0003E+00  2.5112E+00  9.0000E-01 -2.0391E-01
       76808 -7.0003E+00  2.5112E+00  1.0000E+00 -2.0398E-01
       76857 -7.0013E+00  2.5336E+00 -1.3900E-17 -6.1876E-01
       76858 -7.0013E+00  2.5336E+00  1.0000E-01 -6.1865E-01
       76955 -7.0013E+00  2.5336E+00  2.0000E-01 -6.1859E-01
       77004 -7.0013E+00  2.5336E+00  3.0000E-01 -6.1857E-01
       77053 -7.0013E+00  2.5336E+00  4.0000E-01 -6.1858E-01
       77102 -7.0013E+00  2.5336E+00  5.0000E-01 -6.1858E-01
       77151 -7.0013E+00  2.5336E+00  6.0000E-01 -6.1858E-01
       77200 -7.0013E+00  2.5336E+00  7.0000E-01 -6.1858E-01
       77249 -7.0013E+00  2.5336E+00  8.0000E-01 -6.1867E-01
       77298 -7.0013E+00  2.5336E+00  9.0000E-01 -6.1869E-01
       77347 -7.0013E+00  2.5336E+00  1.0000E+00 -6.1876E-01
       77396 -7.0033E+00  2.5560E+00  0.0000E+00 -1.4013E+00
       77397 -7.0033E+00  2.5560E+00  1.0000E-01 -1.4013E+00
       77494 -7.0033E+00  2.5560E+00  2.0000E-01 -1.4021E+00
       77543 -7.0033E+00  2.5560E+00  3.0000E-01 -1.4021E+00
       77592 -7.0033E+00  2.5560E+00  4.0000E-01 -1.4021E+00
       77641 -7.0033E+00  2.5560E+00  5.0000E-01 -1.4021E+00
       77690 -7.0033E+00  2.5560E+00  6.0000E-01 -1.4021E+00
       77739 -7.0033E+00  2.5560E+00  7.0000E-01 -1.4021E+00
       77788 -7.0033E+00  2.5560E+00  8.0000E-01 -1.4020E+00
       77837 -7.0033E+00  2.5560E+00  9.0000E-01 -1.4020E+00
       77886 -7.0033E+00  2.5560E+00  1.0000E+00 -1.4021E+00
       77935 -7.0063E+00  2.5782E+00  0.0000E+00 -2.4688E+00
       77936 -7.0063E+00  2.5782E+00  1.0000E-01 -2.4679E+00
       78033 -7.0063E+00  2.5782E+00  2.0000E-01 -2.4575E+00
       78082 -7.0063E+00  2.5782E+00  3.0000E-01 -2.4575E+00
       78131 -7.0063E+00  2.5782E+00  4.0000E-01 -2.4575E+00
       78180 -7.0063E+00  2.5782E+00  5.0000E-01 -2.4575E+00
       78229 -7.0063E+00  2.5782E+00  6.0000E-01 -2.4575E+00
       78278 -7.0063E+00  2.5782E+00  7.0000E-01 -2.4575E+00
       78327 -7.0063E+00  2.5782E+00  8.0000E-01 -2.4576E+00
       78376 -7.0063E+00  2.5782E+00  9.0000E-01 -2.4577E+00
       78425 -7.0063E+00  2.5782E+00  1.0000E+00 -2.4585E+00
       78474 -7.0102E+00  2.6003E+00 -1.3900E-17 -3.6862E+00
       78475 -7.0102E+00  2.6003E+00  1.0000E-01 -3.6848E+00
       78572 -7.0102E+00  2.6003E+00  2.0000E-01 -3.6887E+00
       78621 -7.0102E+00  2.6003E+00  3.0000E-01 -3.6889E+00
       78670 -7.0102E+00  2.6003E+00  4.0000E-01 -3.6888E+00
       78719 -7.0102E+00  2.6003E+00  5.0000E-01 -3.6889E+00
       78768 -7.0102E+00  2.6003E+00  6.0000E-01 -3.6889E+00
       78817 -7.0102E+00  2.6003E+00  7.0000E-01 -3.6888E+00
       78866 -7.0102E+00  2.6003E+00  8.0000E-01 -3.6888E+00
       78915 -7.0102E+00  2.6003E+00  9.0000E-01 -3.6889E+00
       78964 -7.0102E+00  2.6003E+00  1.0000E+00 -3.6904E+00
       79013 -7.0152E+00  2.6222E+00  0.0000E+00 -4.9961E+00
       79014 -7.0152E+00  2.6222E+00  1.0000E-01 -4.9986E+00
       79111 -7.0152E+00  2.6222E+00  2.0000E-01 -5.0088E+00
       79160 -7.0152E+00  2.6222E+00  3.0000E-01 -5.0090E+00
       79209 -7.0152E+00  2.6222E+00  4.0000E-01 -5.0090E+00
       79258 -7.0152E+00  2.6222E+00  5.0000E-01 -5.0090E+00
       79307 -7.0152E+00  2.6222E+00  6.0000E-01 -5.0090E+00
       79356 -7.0152E+00  2.6222E+00  7.0000E-01 -5.0090E+00
       79405 -7.0152E+00  2.6222E+00  8.0000E-01 -5.0089E+00
       79454 -7.0152E+00  2.6222E+00  9.0000E-01 -5.0092E+00
       79503 -7.0152E+00  2.6222E+00  1.0000E+00 -5.0066E+00
       79552 -7.0212E+00  2.6438E+00  0.0000E+00 -6.1739E+00
       79553 -7.0212E+00  2.6438E+00  1.0000E-01 -6.1008E+00
       79650 -7.0212E+00  2.6438E+00  2.0000E-01 -6.0961E+00
       79699 -7.0212E+00  2.6438E+00  3.0000E-01 -6.0964E+00
       79748 -7.0212E+00  2.6438E+00  4.0000E-01 -6.0964E+00
       79797 -7.0212E+00  2.6438E+00  5.0000E-01 -6.0964E+00
       79846 -7.0212E+00  2.6438E+00  6.0000E-01 -6.0964E+00
       79895 -7.0212E+00  2.6438E+00  7.0000E-01 -6.0964E+00
       79944 -7.0212E+00  2.6438E+00  8.0000E-01 -6.0962E+00
       79993 -7.0212E+00  2.6438E+00  9.0000E-01 -6.0966E+00
       80042 -7.0212E+00  2.6438E+00  1.0000E+00 -6.1705E+00
       80091 -7.0282E+00  2.6651E+00  0.0000E+00 -6.7311E+00
       80092 -7.0281E+00  2.6651E+00  1.0000E-01 -6.6868E+00
       80189 -7.0281E+00  2.6651E+00  2.0000E-01 -6.6877E+00
       80238 -7.0281E+00  2.6651E+00  3.0000E-01 -6.6879E+00
       80287 -7.0281E+00  2.6651E+00  4.0000E-01 -6.6879E+00
       80336 -7.0281E+00  2.6651E+00  5.0000E-01 -6.6876E+00
       80385 -7.0281E+00  2.6651E+00  6.0000E-01 -6.6876E+00
       80434 -7.0281E+00  2.6651E+00  7.0000E-01 -6.6875E+00
       80483 -7.0281E+00  2.6651E+00  8.0000E-01 -6.6873E+00
       80532 -7.0281E+00  2.6651E+00  9.0000E-01 -6.6866E+00
       80581 -7.0282E+00  2.6651E+00  1.0000E+00 -6.7204E+00
       80630 -7.0361E+00  2.6861E+00  0.0000E+00 -6.7801E+00
       80631 -7.0360E+00  2.6861E+00  1.0000E-01 -6.7274E+00
       80728 -7.0360E+00  2.6861E+00  2.0000E-01 -6.7294E+00
       80777 -7.0360E+00  2.6861E+00  3.0000E-01 -6.7294E+00
       80826 -7.0360E+00  2.6861E+00  4.0000E-01 -6.7295E+00
       80875 -7.0360E+00  2.6861E+00  5.0000E-01 -6.7294E+00
       80924 -7.0360E+00  2.6861E+00  6.0000E-01 -6.7294E+00
       80973 -7.0360E+00  2.6861E+00  7.0000E-01 -6.7293E+00
       81022 -7.0360E+00  2.6861E+00  8.0000E-01 -6.7292E+00
       81071 -7.0360E+00  2.6861E+00  9.0000E-01 -6.7275E+00
       81120 -7.0360E+00  2.6861E+00  1.0000E+00 -6.7847E+00
       81169 -7.0450E+00  2.7067E+00  0.0000E+00 -6.0008E+00
       81170 -7.0448E+00  2.7067E+00  1.0000E-01 -5.9146E+00
       81267 -7.0448E+00  2.7067E+00  2.0000E-01 -5.9183E+00
       81316 -7.0448E+00  2.7067E+00  3.0000E-01 -5.9182E+00
       81365 -7.0448E+00  2.7067E+00  4.0000E-01 -5.9183E+00
       81414 -7.0448E+00  2.7067E+00  5.0000E-01 -5.9191E+00
       81463 -7.0448E+00  2.7067E+00  6.0000E-01 -5.9191E+00
       81512 -7.0448E+00  2.7067E+00  7.0000E-01 -5.9189E+00
       81561 -7.0448E+00  2.7067E+00  8.0000E-01 -5.9190E+00
       81610 -7.0448E+00  2.7067E+00  9.0000E-01 -5.9155E+00
       81659 -7.0450E+00  2.7067E+00  1.0000E+00 -6.0095E+00
       81708 -7.0547E+00  2.7269E+00  0.0000E+00 -3.9884E+00
       81709 -7.0546E+00  2.7270E+00  1.0000E-01 -4.0409E+00
       81806 -7.0546E+00  2.7270E+00  2.0000E-01 -4.0454E+00
       81855 -7.0546E+00  2.7270E+00  3.0000E-01 -4.0452E+00
       81904 -7.0546E+00  2.7270E+00  4.0000E-01 -4.0455E+00
       81953 -7.0546E+00  2.7270E+00  5.0000E-01 -4.0453E+00
       82002 -7.0546E+00  2.7270E+00  6.0000E-01 -4.0453E+00
       82051 -7.0546E+00  2.7270E+00  7.0000E-01 -4.0450E+00
       82100 -7.0546E+00  2.7270E+00  8.0000E-01 -4.0451E+00
       82149 -7.0546E+00  2.7270E+00  9.0000E-01 -4.0396E+00
       82198 -7.0547E+00  2.7269E+00  1.0000E+00 -3.9845E+00
       82247 -7.0652E+00  2.7467E+00  0.0000E+00 -8.9526E-01
       82248 -7.0652E+00  2.7467E+00  1.0000E-01 -9.0551E-01
       82345 -7.0652E+00  2.7467E+00  2.0000E-01 -9.0805E-01
       82394 -7.0652E+00  2.7467E+00  3.0000E-01 -9.0833E-01
       82443 -7.0652E+00  2.7467E+00  4.0000E-01 -9.0854E-01
       82492 -7.0652E+00  2.7467E+00  5.0000E-01 -9.0863E-01
       82541 -7.0652E+00  2.7467E+00  6.0000E-01 -9.0860E-01
       82590 -7.0652E+00  2.7467E+00  7.0000E-01 -9.0837E-01
       82639 -7.0652E+00  2.7467E+00  8.0000E-01 -9.0808E-01
       82688 -7.0652E+00  2.7467E+00  9.0000E-01 -9.0529E-01
       82737 -7.0652E+00  2.7467E+00  1.0000E+00 -8.9527E-01
       82786 -7.0767E+00  2.7660E+00  0.0000E+00  3.7487E+00
       82787 -7.0767E+00  2.7660E+00  1.0000E-01  3.7354E+00
       82884 -7.0767E+00  2.7660E+00  2.0000E-01  3.7353E+00
       82933 -7.0767E+00  2.7660E+00  3.0000E-01  3.7346E+00
       82982 -7.0767E+00  2.7660E+00  4.0000E-01  3.7344E+00
       83031 -7.0767E+00  2.7660E+00  5.0000E-01  3.7344E+00
       83080 -7.0767E+00  2.7660E+00  6.0000E-01  3.7344E+00
       83129 -7.0767E+00  2.7660E+00  7.0000E-01  3.7347E+00
       83178 -7.0767E+00  2.7660E+00  8.0000E-01  3.7353E+00
       83227 -7.0767E+00  2.7660E+00  9.0000E-01  3.7348E+00
       83276 -7.0767E+00  2.7660E+00  1.0000E+00  3.7491E+00
       83325 -7.0891E+00  2.7846E+00  0.0000E+00  9.9643E+00
       83326 -7.0891E+00  2.7847E+00  1.0000E-01  9.8884E+00
       83423 -7.0891E+00  2.7847E+00  2.0000E-01  9.8906E+00
       83472 -7.0891E+00  2.7847E+00  3.0000E-01  9.8895E+00
       83521 -7.0891E+00  2.7847E+00  4.0000E-01  9.8893E+00
       83570 -7.0891E+00  2.7847E+00  5.0000E-01  9.8893E+00
       83619 -7.0891E+00  2.7847E+00  6.0000E-01  9.8893E+00
       83668 -7.0891E+00  2.7847E+00  7.0000E-01  9.8895E+00
       83717 -7.0891E+00  2.7847E+00  8.0000E-01  9.8907E+00
       83766 -7.0891E+00  2.7847E+00  9.0000E-01  9.8887E+00
       83815 -7.0891E+00  2.7846E+00  1.0000E+00  9.9644E+00
       83864 -7.1024E+00  2.8028E+00  0.0000E+00  1.7750E+01
       83865 -7.1022E+00  2.8029E+00  1.0000E-01  1.8070E+01
       83962 -7.1022E+00  2.8029E+00  2.0000E-01  1.8075E+01
       84011 -7.1022E+00  2.8029E+00  3.0000E-01  1.8073E+01
       84060 -7.1022E+00  2.8029E+00  4.0000E-01  1.8073E+01
       84109 -7.1022E+00  2.8029E+00  5.0000E-01  1.8073E+01
       84158 -7.1022E+00  2.8029E+00  6.0000E-01  1.8073E+01
       84207 -7.1022E+00  2.8029E+00  7.0000E-01  1.8073E+01
       84256 -7.1022E+00  2.8029E+00  8.0000E-01  1.8075E+01
       84305 -7.1022E+00  2.8029E+00  9.0000E-01  1.8070E+01
       84354 -7.1024E+00  2.8028E+00  1.0000E+00  1.7750E+01
       84403 -7.1163E+00  2.8203E+00  0.0000E+00  2.7309E+01
       84404 -7.1163E+00  2.8203E+00  1.0000E-01  2.7517E+01
       84501 -7.1163E+00  2.8203E+00  2.0000E-01  2.7516E+01
       84550 -7.1163E+00  2.8203E+00  3.0000E-01  2.7514E+01
       84599 -7.1163E+00  2.8203E+00  4.0000E-01  2.7514E+01
       84648 -7.1163E+00  2.8203E+00  5.0000E-01  2.7514E+01
       84697 -7.1163E+00  2.8203E+00  6.0000E-01  2.7514E+01
       84746 -7.1163E+00  2.8203E+00  7.0000E-01  2.7514E+01
       84795 -7.1163E+00  2.8203E+00  8.0000E-01  2.7516E+01
       84844 -7.1163E+00  2.8203E+00  9.0000E-01  2.7517E+01
       84893 -7.1163E+00  2.8203E+00  1.0000E+00  2.7309E+01
       84942 -7.1310E+00  2.8373E+00  0.0000E+00  3.8788E+01
       84943 -7.1310E+00  2.8373E+00  1.0000E-01  3.8652E+01
       85040 -7.1310E+00  2.8373E+00  2.0000E-01  3.8640E+01
       85089 -7.1310E+00  2.8373E+00  3.0000E-01  3.8640E+01
       85138 -7.1310E+00  2.8373E+00  4.0000E-01  3.8640E+01
       85187 -7.1310E+00  2.8373E+00  5.0000E-01  3.8640E+01
       85236 -7.1310E+00  2.8373E+00  6.0000E-01  3.8640E+01
       85285 -7.1310E+00  2.8373E+00  7.0000E-01  3.8640E+01
       85334 -7.1310E+00  2.8373E+00  8.0000E-01  3.8640E+01
       85383 -7.1310E+00  2.8373E+00  9.0000E-01  3.8652E+01
       85432 -7.1310E+00  2.8373E+00  1.0000E+00  3.8788E+01
       85481 -7.1465E+00  2.8535E+00 -4.7700E-17  5.2775E+01
       85482 -7.1465E+00  2.8535E+00  1.0000E-01  5.2685E+01
       85579 -7.1465E+00  2.8535E+00  2.0000E-01  5.2666E+01
       85628 -7.1465E+00  2.8535E+00  3.0000E-01  5.2668E+01
       85677 -7.1465E+00  2.8535E+00  4.0000E-01  5.2668E+01
       85726 -7.1465E+00  2.8535E+00  5.0000E-01  5.2668E+01
       85775 -7.1465E+00  2.8535E+00  6.0000E-01  5.2668E+01
       85824 -7.1465E+00  2.8535E+00  7.0000E-01  5.2668E+01
       85873 -7.1465E+00  2.8535E+00  8.0000E-01  5.2666E+01
       85922 -7.1465E+00  2.8535E+00  9.0000E-01  5.2685E+01
       85971 -7.1465E+00  2.8535E+00  1.0000E+00  5.2775E+01
       86020 -7.1627E+00  2.8690E+00  0.0000E+00  6.7791E+01
       86021 -7.1627E+00  2.8690E+00  1.0000E-01  6.7594E+01
       86024 -7.1797E+00  2.8837E+00 -1.3900E-17  8.3552E+01
       86025 -7.1797E+00  2.8837E+00  1.0000E-01  8.2671E+01
       86028 -7.1972E+00  2.8976E+00  0.0000E+00  1.0083E+02
       86029 -7.1971E+00  2.8978E+00  1.0000E-01  1.0099E+02
       86032 -7.2154E+00  2.9109E+00  0.0000E+00  1.1944E+02
       86033 -7.2153E+00  2.9109E+00  1.0000E-01  1.2043E+02
       86036 -7.2340E+00  2.9233E+00  0.0000E+00  1.4047E+02
       86037 -7.2340E+00  2.9233E+00  1.0000E-01  1.3995E+02
       86040 -7.2533E+00  2.9347E+00  0.0000E+00  1.6124E+02
       86041 -7.2533E+00  2.9348E+00  1.0000E-01  1.6019E+02
       86044 -7.2731E+00  2.9453E+00  0.0000E+00  1.8010E+02
       86045 -7.2730E+00  2.9454E+00  1.0000E-01  1.8044E+02
       86048 -7.2933E+00  2.9550E+00  0.0000E+00  1.9937E+02
       86049 -7.2933E+00  2.9552E+00  1.0000E-01  2.0076E+02
       86052 -7.3139E+00  2.9639E+00  0.0000E+00  2.2016E+02
       86053 -7.3139E+00  2.9640E+00  1.0000E-01  2.2040E+02
       86056 -7.3349E+00  2.9718E+00  0.0000E+00  2.3904E+02
       86057 -7.3349E+00  2.9719E+00  1.0000E-01  2.3905E+02
       86060 -7.3562E+00  2.9788E+00 -2.4300E-17  2.5662E+02
       86061 -7.3562E+00  2.9788E+00  1.0000E-01  2.5653E+02
       86064 -7.3779E+00  2.9848E+00  0.0000E+00  2.7324E+02
       86065 -7.3779E+00  2.9848E+00  1.0000E-01  2.7285E+02
       86068 -7.3997E+00  2.9898E+00  0.0000E+00  2.8639E+02
       86069 -7.3997E+00  2.9898E+00  1.0000E-01  2.8631E+02
       86072 -7.4218E+00  2.9937E+00  2.7760E-17  2.9703E+02
       86073 -7.4218E+00  2.9937E+00  1.0000E-01  2.9698E+02
       86076 -7.4440E+00  2.9967E+00  1.8000E-10  3.0546E+02
       86077 -7.4440E+00  2.9967E+00  1.0000E-01  3.0544E+02
       86080 -7.4664E+00  2.9987E+00  1.9640E-10  3.1123E+02
       86081 -7.4664E+00  2.9987E+00  1.0000E-01  3.1121E+02
       86084 -7.4888E+00  2.9997E+00  9.8360E-11  3.1414E+02
       86085 -7.4888E+00  2.9997E+00  1.0000E-01  3.1413E+02
       86088 -7.5112E+00  2.9997E+00  1.2140E-13  3.1414E+02
       86089 -7.5112E+00  2.9997E+00  1.0000E-01  3.1413E+02
       86092 -7.5336E+00  2.9987E+00  6.7580E-14  3.1122E+02
       86093 -7.5336E+00  2.9987E+00  1.0000E-01  3.1121E+02
       86096 -7.5560E+00  2.9967E+00  0.0000E+00  3.0546E+02
       86097 -7.5560E+00  2.9967E+00  1.0000E-01  3.0544E+02
       86100 -7.5782E+00  2.9937E+00  0.0000E+00  2.9703E+02
       86101 -7.5782E+00  2.9937E+00  1.0000E-01  2.9698E+02
       86104 -7.6003E+00  2.9898E+00 -6.9400E-18  2.8639E+02
       86105 -7.6003E+00  2.9898E+00  1.0000E-01  2.8631E+02
       86108 -7.6221E+00  2.9848E+00 -2.7800E-17  2.7324E+02
       86109 -7.6221E+00  2.9848E+00  1.0000E-01  2.7285E+02
       86112 -7.6438E+00  2.9788E+00  0.0000E+00  2.5662E+02
       86113 -7.6438E+00  2.9788E+00  1.0000E-01  2.5653E+02
       86116 -7.6651E+00  2.9718E+00  0.0000E+00  2.3903E+02
       86117 -7.6651E+00  2.9719E+00  1.0000E-01  2.3905E+02
       86120 -7.6861E+00  2.9639E+00  0.0000E+00  2.2017E+02
       86121 -7.6861E+00  2.9640E+00  1.0000E-01  2.2040E+02
       86124 -7.7067E+00  2.9550E+00  0.0000E+00  1.9938E+02
       86125 -7.7067E+00  2.9552E+00  1.0000E-01  2.0076E+02
       86128 -7.7269E+00  2.9453E+00  0.0000E+00  1.8009E+02
       86129 -7.7270E+00  2.9454E+00  1.0000E-01  1.8045E+02
       86132 -7.7467E+00  2.9347E+00  0.0000E+00  1.6124E+02
       86133 -7.7467E+00  2.9348E+00  1.0000E-01  1.6019E+02
       86136 -7.7660E+00  2.9233E+00  0.0000E+00  1.4047E+02
       86137 -7.7660E+00  2.9233E+00  1.0000E-01  1.3995E+02
       86140 -7.7846E+00  2.9109E+00  0.0000E+00  1.1944E+02
       86141 -7.7847E+00  2.9109E+00  1.0000E-01  1.2044E+02
       86144 -7.8028E+00  2.8976E+00  0.0000E+00  1.0083E+02
       86145 -7.8029E+00  2.8978E+00  1.0000E-01  1.0099E+02
       86148 -7.8203E+00  2.8837E+00  0.0000E+00  8.3546E+01
       86149 -7.8203E+00  2.8837E+00  1.0000E-01  8.2665E+01
       86152 -7.8373E+00  2.8690E+00  1.5280E-20  6.7791E+01
       86153 -7.8373E+00  2.8690E+00  1.0000E-01  6.7594E+01
       89420 -7.1627E+00  2.8690E+00  2.0000E-01  6.7572E+01
       89422 -7.1797E+00  2.8837E+00  2.0000E-01  8.2662E+01
       89424 -7.1971E+00  2.8978E+00  2.0000E-01  1.0101E+02
       89426 -7.2153E+00  2.9109E+00  2.0000E-01  1.2046E+02
       89428 -7.2340E+00  2.9233E+00  2.0000E-01  1.3995E+02
       89430 -7.2533E+00  2.9348E+00  2.0000E-01  1.6020E+02
       89432 -7.2730E+00  2.9454E+00  2.0000E-01  1.8051E+02
       89434 -7.2933E+00  2.9552E+00  2.0000E-01  2.0085E+02
       89436 -7.3139E+00  2.9640E+00  2.0000E-01  2.2045E+02
       89438 -7.3349E+00  2.9719E+00  2.0000E-01  2.3905E+02
       89440 -7.3562E+00  2.9788E+00  2.0000E-01  2.5651E+02
       89442 -7.3779E+00  2.9848E+00  2.0000E-01  2.7281E+02
       89444 -7.3997E+00  2.9898E+00  2.0000E-01  2.8628E+02
       89446 -7.4218E+00  2.9937E+00  2.0000E-01  2.9696E+02
       89448 -7.4440E+00  2.9967E+00  2.0000E-01  3.0542E+02
       89450 -7.4664E+00  2.9987E+00  2.0000E-01  3.1120E+02
       89452 -7.4888E+00  2.9997E+00  2.0000E-01  3.1412E+02
       89454 -7.5112E+00  2.9997E+00  2.0000E-01  3.1412E+02
       89456 -7.5336E+00  2.9987E+00  2.0000E-01  3.1120E+02
       89458 -7.5560E+00  2.9967E+00  2.0000E-01  3.0542E+02
       89460 -7.5782E+00  2.9937E+00  2.0000E-01  2.9696E+02
       89462 -7.6003E+00  2.9898E+00  2.0000E-01  2.8628E+02
       89464 -7.6221E+00  2.9848E+00  2.0000E-01  2.7281E+02
       89466 -7.6438E+00  2.9788E+00  2.0000E-01  2.5651E+02
       89468 -7.6651E+00  2.9719E+00  2.0000E-01  2.3905E+02
       89470 -7.6861E+00  2.9640E+00  2.0000E-01  2.2045E+02
       89472 -7.7067E+00  2.9552E+00  2.0000E-01  2.0085E+02
       89474 -7.7270E+00  2.9454E+00  2.0000E-01  1.8051E+02
       89476 -7.7467E+00  2.9348E+00  2.0000E-01  1.6020E+02
       89478 -7.7660E+00  2.9233E+00  2.0000E-01  1.3995E+02
       89480 -7.7847E+00  2.9109E+00  2.0000E-01  1.2046E+02
       89482 -7.8029E+00  2.8978E+00  2.0000E-01  1.0101E+02
       89484 -7.8203E+00  2.8837E+00  2.0000E-01  8.2656E+01
       89486 -7.8373E+00  2.8690E+00  2.0000E-01  6.7572E+01
       91120 -7.1627E+00  2.8690E+00  3.0000E-01  6.7576E+01
       91122 -7.1797E+00  2.8837E+00  3.0000E-01  8.2665E+01
       91124 -7.1971E+00  2.8978E+00  3.0000E-01  1.0101E+02
       91126 -7.2153E+00  2.9109E+00  3.0000E-01  1.2046E+02
       91128 -7.2340E+00  2.9233E+00  3.0000E-01  1.3996E+02
       91130 -7.2533E+00  2.9348E+00  3.0000E-01  1.6021E+02
       91132 -7.2730E+00  2.9454E+00  3.0000E-01  1.8051E+02
       91134 -7.2933E+00  2.9552E+00  3.0000E-01  2.0084E+02
       91136 -7.3139E+00  2.9640E+00  3.0000E-01  2.2045E+02
       91138 -7.3349E+00  2.9719E+00  3.0000E-01  2.3906E+02
       91140 -7.3562E+00  2.9788E+00  3.0000E-01  2.5651E+02
       91142 -7.3779E+00  2.9848E+00  3.0000E-01  2.7281E+02
       91144 -7.3997E+00  2.9898E+00  3.0000E-01  2.8628E+02
       91146 -7.4218E+00  2.9937E+00  3.0000E-01  2.9695E+02
       91148 -7.4440E+00  2.9967E+00  3.0000E-01  3.0542E+02
       91150 -7.4664E+00  2.9987E+00  3.0000E-01  3.1119E+02
       91152 -7.4888E+00  2.9997E+00  3.0000E-01  3.1411E+02
       91154 -7.5112E+00  2.9997E+00  3.0000E-01  3.1411E+02
       91156 -7.5336E+00  2.9987E+00  3.0000E-01  3.1119E+02
       91158 -7.5560E+00  2.9967E+00  3.0000E-01  3.0542E+02
       91160 -7.5782E+00  2.9937E+00  3.0000E-01  2.9695E+02
       91162 -7.6003E+00  2.9898E+00  3.0000E-01  2.8628E+02
       91164 -7.6221E+00  2.9848E+00  3.0000E-01  2.7281E+02
       91166 -7.6438E+00  2.9788E+00  3.0000E-01  2.5651E+02
       91168 -7.6651E+00  2.9719E+00  3.0000E-01  2.3906E+02
       91170 -7.6861E+00  2.9640E+00  3.0000E-01  2.2045E+02
       91172 -7.7067E+00  2.9552E+00  3.0000E-01  2.0084E+02
       91174 -7.7270E+00  2.9454E+00  3.0000E-01  1.8051E+02
       91176 -7.7467E+00  2.9348E+00  3.0000E-01  1.6021E+02
       91178 -7.7660E+00  2.9233E+00  3.0000E-01  1.3996E+02
       91180 -7.7847E+00  2.9109E+00  3.0000E-01  1.2046E+02
       91182 -7.8029E+00  2.8978E+00  3.0000E-01  1.0101E+02
       91184 -7.8203E+00  2.8837E+00  3.0000E-01  8.2658E+01
       91186 -7.8373E+00  2.8690E+00  3.0000E-01  6.7576E+01
       92820 -7.1627E+00  2.8690E+00  4.0000E-01  6.7575E+01
       92822 -7.1797E+00  2.8837E+00  4.0000E-01  8.2665E+01
       92824 -7.1971E+00  2.8978E+00  4.0000E-01  1.0101E+02
       92826 -7.2153E+00  2.9109E+00  4.0000E-01  1.2046E+02
       92828 -7.2340E+00  2.9233E+00  4.0000E-01  1.3996E+02
       92830 -7.2533E+00  2.9348E+00  4.0000E-01  1.6021E+02
       92832 -7.2730E+00  2.9454E+00  4.0000E-01  1.8051E+02
       92834 -7.2933E+00  2.9552E+00  4.0000E-01  2.0085E+02
       92836 -7.3139E+00  2.9640E+00  4.0000E-01  2.2045E+02
       92838 -7.3349E+00  2.9719E+00  4.0000E-01  2.3906E+02
       92840 -7.3562E+00  2.9788E+00  4.0000E-01  2.5651E+02
       92842 -7.3779E+00  2.9848E+00  4.0000E-01  2.7281E+02
       92844 -7.3997E+00  2.9898E+00  4.0000E-01  2.8628E+02
       92846 -7.4218E+00  2.9937E+00  4.0000E-01  2.9695E+02
       92848 -7.4440E+00  2.9967E+00  4.0000E-01  3.0541E+02
       92850 -7.4664E+00  2.9987E+00  4.0000E-01  3.1119E+02
       92852 -7.4888E+00  2.9997E+00  4.0000E-01  3.1411E+02
       92854 -7.5112E+00  2.9997E+00  4.0000E-01  3.1411E+02
       92856 -7.5336E+00  2.9987E+00  4.0000E-01  3.1119E+02
       92858 -7.5560E+00  2.9967E+00  4.0000E-01  3.0541E+02
       92860 -7.5782E+00  2.9937E+00  4.0000E-01  2.9695E+02
       92862 -7.6003E+00  2.9898E+00  4.0000E-01  2.8627E+02
       92864 -7.6221E+00  2.9848E+00  4.0000E-01  2.7281E+02
       92866 -7.6438E+00  2.9788E+00  4.0000E-01  2.5651E+02
       92868 -7.6651E+00  2.9719E+00  4.0000E-01  2.3906E+02
       92870 -7.6861E+00  2.9640E+00  4.0000E-01  2.2045E+02
       92872 -7.7067E+00  2.9552E+00  4.0000E-01  2.0085E+02
       92874 -7.7270E+00  2.9454E+00  4.0000E-01  1.8052E+02
       92876 -7.7467E+00  2.9348E+00  4.0000E-01  1.6021E+02
       92878 -7.7660E+00  2.9233E+00  4.0000E-01  1.3996E+02
       92880 -7.7847E+00  2.9109E+00  4.0000E-01  1.2046E+02
       92882 -7.8029E+00  2.8978E+00  4.0000E-01  1.0101E+02
       92884 -7.8203E+00  2.8837E+00  4.0000E-01  8.2659E+01
       92886 -7.8373E+00  2.8690E+00  4.0000E-01  6.7575E+01
       94520 -7.1627E+00  2.8690E+00  5.0000E-01  6.7576E+01
       94522 -7.1797E+00  2.8837E+00  5.0000E-01  8.2665E+01
       94524 -7.1971E+00  2.8978E+00  5.0000E-01  1.0101E+02
       94526 -7.2153E+00  2.9109E+00  5.0000E-01  1.2046E+02
       94528 -7.2340E+00  2.9233E+00  5.0000E-01  1.3996E+02
       94530 -7.2533E+00  2.9348E+00  5.0000E-01  1.6021E+02
       94532 -7.2730E+00  2.9454E+00  5.0000E-01  1.8051E+02
       94534 -7.2933E+00  2.9552E+00  5.0000E-01  2.0084E+02
       94536 -7.3139E+00  2.9640E+00  5.0000E-01  2.2045E+02
       94538 -7.3349E+00  2.9719E+00  5.0000E-01  2.3906E+02
       94540 -7.3562E+00  2.9788E+00  5.0000E-01  2.5651E+02
       94542 -7.3779E+00  2.9848E+00  5.0000E-01  2.7281E+02
       94544 -7.3997E+00  2.9898E+00  5.0000E-01  2.8628E+02
       94546 -7.4218E+00  2.9937E+00  5.0000E-01  2.9695E+02
       94548 -7.4440E+00  2.9967E+00  5.0000E-01  3.0541E+02
       94550 -7.4664E+00  2.9987E+00  5.0000E-01  3.1119E+02
       94552 -7.4888E+00  2.9997E+00  5.0000E-01  3.1411E+02
       94554 -7.5112E+00  2.9997E+00  5.0000E-01  3.1411E+02
       94556 -7.5336E+00  2.9987E+00  5.0000E-01  3.1119E+02
       94558 -7.5560E+00  2.9967E+00  5.0000E-01  3.0541E+02
       94560 -7.5782E+00  2.9937E+00  5.0000E-01  2.9695E+02
       94562 -7.6003E+00  2.9898E+00  5.0000E-01  2.8627E+02
       94564 -7.6221E+00  2.9848E+00  5.0000E-01  2.7281E+02
       94566 -7.6438E+00  2.9788E+00  5.0000E-01  2.5651E+02
       94568 -7.6651E+00  2.9719E+00  5.0000E-01  2.3906E+02
       94570 -7.6861E+00  2.9640E+00  5.0000E-01  2.2045E+02
       94572 -7.7067E+00  2.9552E+00  5.0000E-01  2.0085E+02
       94574 -7.7270E+00  2.9454E+00  5.0000E-01  1.8052E+02
       94576 -7.7467E+00  2.9348E+00  5.0000E-01  1.6021E+02
       94578 -7.7660E+00  2.9233E+00  5.0000E-01  1.3996E+02
       94580 -7.7847E+00  2.9109E+00  5.0000E-01  1.2046E+02
       94582 -7.8029E+00  2.8978E+00  5.0000E-01  1.0101E+02
       94584 -7.8203E+00  2.8837E+00  5.0000E-01  8.2659E+01
       94586 -7.8373E+00  2.8690E+00  5.0000E-01  6.7576E+01
       96220 -7.1627E+00  2.8690E+00  6.0000E-01  6.7575E+01
       96222 -7.1797E+00  2.8837E+00  6.0000E-01  8.2665E+01
       96224 -7.1971E+00  2.8978E+00  6.0000E-01  1.0101E+02
       96226 -7.2153E+00  2.9109E+00  6.0000E-01  1.2046E+02
       96228 -7.2340E+00  2.9233E+00  6.0000E-01  1.3996E+02
       96230 -7.2533E+00  2.9348E+00  6.0000E-01  1.6021E+02
       96232 -7.2730E+00  2.9454E+00  6.0000E-01  1.8051E+02
       96234 -7.2933E+00  2.9552E+00  6.0000E-01  2.0085E+02
       96236 -7.3139E+00  2.9640E+00  6.0000E-01  2.2045E+02
       96238 -7.3349E+00  2.9719E+00  6.0000E-01  2.3906E+02
       96240 -7.3562E+00  2.9788E+00  6.0000E-01  2.5651E+02
       96242 -7.3779E+00  2.9848E+00  6.0000E-01  2.7281E+02
       96244 -7.3997E+00  2.9898E+00  6.0000E-01  2.8628E+02
       96246 -7.4218E+00  2.9937E+00  6.0000E-01  2.9695E+02
       96248 -7.4440E+00  2.9967E+00  6.0000E-01  3.0541E+02
       96250 -7.4664E+00  2.9987E+00  6.0000E-01  3.1119E+02
       96252 -7.4888E+00  2.9997E+00  6.0000E-01  3.1411E+02
       96254 -7.5112E+00  2.9997E+00  6.0000E-01  3.1411E+02
       96256 -7.5336E+00  2.9987E+00  6.0000E-01  3.1119E+02
       96258 -7.5560E+00  2.9967E+00  6.0000E-01  3.0541E+02
       96260 -7.5782E+00  2.9937E+00  6.0000E-01  2.9695E+02
       96262 -7.6003E+00  2.9898E+00  6.0000E-01  2.8627E+02
       96264 -7.6221E+00  2.9848E+00  6.0000E-01  2.7281E+02
       96266 -7.6438E+00  2.9788E+00  6.0000E-01  2.5651E+02
       96268 -7.6651E+00  2.9719E+00  6.0000E-01  2.3906E+02
       96270 -7.6861E+00  2.9640E+00  6.0000E-01  2.2045E+02
       96272 -7.7067E+00  2.9552E+00  6.0000E-01  2.0085E+02
       96274 -7.7270E+00  2.9454E+00  6.0000E-01  1.8052E+02
       96276 -7.7467E+00  2.9348E+00  6.0000E-01  1.6021E+02
       96278 -7.7660E+00  2.9233E+00  6.0000E-01  1.3996E+02
       96280 -7.7847E+00  2.9109E+00  6.0000E-01  1.2046E+02
       96282 -7.8029E+00  2.8978E+00  6.0000E-01  1.0101E+02
       96284 -7.8203E+00  2.8837E+00  6.0000E-01  8.2659E+01
       96286 -7.8373E+00  2.8690E+00  6.0000E-01  6.7575E+01
       97920 -7.1627E+00  2.8690E+00  7.0000E-01  6.7576E+01
       97922 -7.1797E+00  2.8837E+00  7.0000E-01  8.2665E+01
       97924 -7.1971E+00  2.8978E+00  7.0000E-01  1.0101E+02
       97926 -7.2153E+00  2.9109E+00  7.0000E-01  1.2046E+02
       97928 -7.2340E+00  2.9233E+00  7.0000E-01  1.3996E+02
       97930 -7.2533E+00  2.9348E+00  7.0000E-01  1.6021E+02
       97932 -7.2730E+00  2.9454E+00  7.0000E-01  1.8051E+02
       97934 -7.2933E+00  2.9552E+00  7.0000E-01  2.0084E+02
       97936 -7.3139E+00  2.9640E+00  7.0000E-01  2.2045E+02
       97938 -7.3349E+00  2.9719E+00  7.0000E-01  2.3906E+02
       97940 -7.3562E+00  2.9788E+00  7.0000E-01  2.5651E+02
       97942 -7.3779E+00  2.9848E+00  7.0000E-01  2.7281E+02
       97944 -7.3997E+00  2.9898E+00  7.0000E-01  2.8628E+02
       97946 -7.4218E+00  2.9937E+00  7.0000E-01  2.9695E+02
       97948 -7.4440E+00  2.9967E+00  7.0000E-01  3.0542E+02
       97950 -7.4664E+00  2.9987E+00  7.0000E-01  3.1119E+02
       97952 -7.4888E+00  2.9997E+00  7.0000E-01  3.1411E+02
       97954 -7.5112E+00  2.9997E+00  7.0000E-01  3.1411E+02
       97956 -7.5336E+00  2.9987E+00  7.0000E-01  3.1119E+02
       97958 -7.5560E+00  2.9967E+00  7.0000E-01  3.0542E+02
       97960 -7.5782E+00  2.9937E+00  7.0000E-01  2.9695E+02
       97962 -7.6003E+00  2.9898E+00  7.0000E-01  2.8628E+02
       97964 -7.6221E+00  2.9848E+00  7.0000E-01  2.7281E+02
       97966 -7.6438E+00  2.9788E+00  7.0000E-01  2.5651E+02
       97968 -7.6651E+00  2.9719E+00  7.0000E-01  2.3906E+02
       97970 -7.6861E+00  2.9640E+00  7.0000E-01  2.2045E+02
       97972 -7.7067E+00  2.9552E+00  7.0000E-01  2.0084E+02
       97974 -7.7270E+00  2.9454E+00  7.0000E-01  1.8051E+02
       97976 -7.7467E+00  2.9348E+00  7.0000E-01  1.6021E+02
       97978 -7.7660E+00  2.9233E+00  7.0000E-01  1.3996E+02
       97980 -7.7847E+00  2.9109E+00  7.0000E-01  1.2046E+02
       97982 -7.8029E+00  2.8978E+00  7.0000E-01  1.0101E+02
       97984 -7.8203E+00  2.8837E+00  7.0000E-01  8.2658E+01
       97986 -7.8373E+00  2.8690E+00  7.0000E-01  6.7576E+01
       99620 -7.1627E+00  2.8690E+00  8.0000E-01  6.7572E+01
       99622 -7.1797E+00  2.8837E+00  8.0000E-01  8.2662E+01
       99624 -7.1971E+00  2.8978E+00  8.0000E-01  1.0101E+02
       99626 -7.2153E+00  2.9109E+00  8.0000E-01  1.2046E+02
       99628 -7.2340E+00  2.9233E+00  8.0000E-01  1.3995E+02
       99630 -7.2533E+00  2.9348E+00  8.0000E-01  1.6020E+02
       99632 -7.2730E+00  2.9454E+00  8.0000E-01  1.8051E+02
       99634 -7.2933E+00  2.9552E+00  8.0000E-01  2.0085E+02
       99636 -7.3139E+00  2.9640E+00  8.0000E-01  2.2045E+02
       99638 -7.3349E+00  2.9719E+00  8.0000E-01  2.3905E+02
       99640 -7.3562E+00  2.9788E+00  8.0000E-01  2.5651E+02
       99642 -7.3779E+00  2.9848E+00  8.0000E-01  2.7281E+02
       99644 -7.3997E+00  2.9898E+00  8.0000E-01  2.8628E+02
       99646 -7.4218E+00  2.9937E+00  8.0000E-01  2.9696E+02
       99648 -7.4440E+00  2.9967E+00  8.0000E-01  3.0542E+02
       99650 -7.4664E+00  2.9987E+00  8.0000E-01  3.1120E+02
       99652 -7.4888E+00  2.9997E+00  8.0000E-01  3.1412E+02
       99654 -7.5112E+00  2.9997E+00  8.0000E-01  3.1412E+02
       99656 -7.5336E+00  2.9987E+00  8.0000E-01  3.1120E+02
       99658 -7.5560E+00  2.9967E+00  8.0000E-01  3.0542E+02
       99660 -7.5782E+00  2.9937E+00  8.0000E-01  2.9696E+02
       99662 -7.6003E+00  2.9898E+00  8.0000E-01  2.8628E+02
       99664 -7.6221E+00  2.9848E+00  8.0000E-01  2.7281E+02
       99666 -7.6438E+00  2.9788E+00  8.0000E-01  2.5651E+02
       99668 -7.6651E+00  2.9719E+00  8.0000E-01  2.3905E+02
       99670 -7.6861E+00  2.9640E+00  8.0000E-01  2.2045E+02
       99672 -7.7067E+00  2.9552E+00  8.0000E-01  2.0085E+02
       99674 -7.7270E+00  2.9454E+00  8.0000E-01  1.8051E+02
       99676 -7.7467E+00  2.9348E+00  8.0000E-01  1.6020E+02
       99678 -7.7660E+00  2.9233E+00  8.0000E-01  1.3995E+02
       99680 -7.7847E+00  2.9109E+00  8.0000E-01  1.2046E+02
       99682 -7.8029E+00  2.8978E+00  8.0000E-01  1.0101E+02
       99684 -7.8203E+00  2.8837E+00  8.0000E-01  8.2656E+01
       99686 -7.8373E+00  2.8690E+00  8.0000E-01  6.7572E+01
      101320 -7.1627E+00  2.8690E+00  9.0000E-01  6.7594E+01
      101322 -7.1797E+00  2.8837E+00  9.0000E-01  8.2671E+01
      101324 -7.1971E+00  2.8978E+00  9.0000E-01  1.0099E+02
      101326 -7.2153E+00  2.9109E+00  9.0000E-01  1.2043E+02
      101328 -7.2340E+00  2.9233E+00  9.0000E-01  1.3995E+02
      101330 -7.2533E+00  2.9348E+00  9.0000E-01  1.6019E+02
      101332 -7.2730E+00  2.9454E+00  9.0000E-01  1.8044E+02
      101334 -7.2933E+00  2.9552E+00  9.0000E-01  2.0076E+02
      101336 -7.3139E+00  2.9640E+00  9.0000E-01  2.2040E+02
      101338 -7.3349E+00  2.9719E+00  9.0000E-01  2.3905E+02
      101340 -7.3562E+00  2.9788E+00  9.0000E-01  2.5653E+02
      101342 -7.3779E+00  2.9848E+00  9.0000E-01  2.7285E+02
      101344 -7.3997E+00  2.9898E+00  9.0000E-01  2.8631E+02
      101346 -7.4218E+00  2.9937E+00  9.0000E-01  2.9698E+02
      101348 -7.4440E+00  2.9967E+00  9.0000E-01  3.0544E+02
      101350 -7.4664E+00  2.9987E+00  9.0000E-01  3.1121E+02
      101352 -7.4888E+00  2.9997E+00  9.0000E-01  3.1413E+02
      101354 -7.5112E+00  2.9997E+00  9.0000E-01  3.1413E+02
      101356 -7.5336E+00  2.9987E+00  9.0000E-01  3.1121E+02
      101358 -7.5560E+00  2.9967E+00  9.0000E-01  3.0544E+02
      101360 -7.5782E+00  2.9937E+00  9.0000E-01  2.9698E+02
      101362 -7.6003E+00  2.9898E+00  9.0000E-01  2.8631E+02
      101364 -7.6221E+00  2.9848E+00  9.0000E-01  2.7285E+02
      101366 -7.6438E+00  2.9788E+00  9.0000E-01  2.5653E+02
      101368 -7.6651E+00  2.9719E+00  9.0000E-01  2.3905E+02
      101370 -7.6861E+00  2.9640E+00  9.0000E-01  2.2040E+02
      101372 -7.7067E+00  2.9552E+00  9.0000E-01  2.0076E+02
      101374 -7.7270E+00  2.9454E+00  9.0000E-01  1.8045E+02
      101376 -7.7467E+00  2.9348E+00  9.0000E-01  1.6019E+02
      101378 -7.7660E+00  2.9233E+00  9.0000E-01  1.3995E+02
      101380 -7.7847E+00  2.9109E+00  9.0000E-01  1.2044E+02
      101382 -7.8029E+00  2.8978E+00  9.0000E-01  1.0099E+02
      101384 -7.8203E+00  2.8837E+00  9.0000E-01  8.2665E+01
      101386 -7.8373E+00  2.8690E+00  9.0000E-01  6.7594E+01
      103020 -7.1627E+00  2.8690E+00  1.0000E+00  6.7791E+01
      103022 -7.1797E+00  2.8837E+00  1.0000E+00  8.3552E+01
      103024 -7.1972E+00  2.8976E+00  1.0000E+00  1.0083E+02
      103026 -7.2154E+00  2.9109E+00  1.0000E+00  1.1944E+02
      103028 -7.2340E+00  2.9233E+00  1.0000E+00  1.4047E+02
      103030 -7.2533E+00  2.9347E+00  1.0000E+00  1.6124E+02
      103032 -7.2731E+00  2.9453E+00  1.0000E+00  1.8010E+02
      103034 -7.2933E+00  2.9550E+00  1.0000E+00  1.9937E+02
      103036 -7.3139E+00  2.9639E+00  1.0000E+00  2.2016E+02
      103038 -7.3349E+00  2.9718E+00  1.0000E+00  2.3904E+02
      103040 -7.3562E+00  2.9788E+00  1.0000E+00  2.5662E+02
      103042 -7.3779E+00  2.9848E+00  1.0000E+00  2.7324E+02
      103044 -7.3997E+00  2.9898E+00  1.0000E+00  2.8639E+02
      103046 -7.4218E+00  2.9937E+00  1.0000E+00  2.9703E+02
      103048 -7.4440E+00  2.9967E+00  1.0000E+00  3.0546E+02
      103050 -7.4664E+00  2.9987E+00  1.0000E+00  3.1122E+02
      103052 -7.4888E+00  2.9997E+00  1.0000E+00  3.1413E+02
      103054 -7.5112E+00  2.9997E+00  1.0000E+00  3.1414E+02
      103056 -7.5336E+00  2.9987E+00  1.0000E+00  3.1124E+02
      103058 -7.5560E+00  2.9967E+00  1.0000E+00  3.0546E+02
      103060 -7.5782E+00  2.9937E+00  1.0000E+00  2.9702E+02
      103062 -7.6003E+00  2.9898E+00  1.0000E+00  2.8639E+02
      103064 -7.6221E+00  2.9848E+00  1.0000E+00  2.7324E+02
      103066 -7.6438E+00  2.9788E+00  1.0000E+00  2.5662E+02
      103068 -7.6651E+00  2.9718E+00  1.0000E+00  2.3903E+02
      103070 -7.6861E+00  2.9639E+00  1.0000E+00  2.2017E+02
      103072 -7.7067E+00  2.9550E+00  1.0000E+00  1.9938E+02
      103074 -7.7269E+00  2.9453E+00  1.0000E+00  1.8009E+02
      103076 -7.7467E+00  2.9347E+00  1.0000E+00  1.6124E+02
      103078 -7.7660E+00  2.9233E+00  1.0000E+00  1.4047E+02
      103080 -7.7846E+00  2.9109E+00  1.0000E+00  1.1944E+02
      103082 -7.8028E+00  2.8976E+00  1.0000E+00  1.0083E+02
      103084 -7.8203E+00  2.8837E+00  1.0000E+00  8.3546E+01
      103086 -7.8373E+00  2.8690E+00  1.0000E+00  6.7791E+01
