Scalar DY under Dynam for nodeset
189
   0.0000E+00
  0.0000E+00
  0.0000E+00
  0.0000E+00
  0.0000E+00
  0.0000E+00
  0.0000E+00
  0.0000E+00
  0.0000E+00
  0.0000E+00
  0.0000E+00
  0.0000E+00
  0.0000E+00
  0.0000E+00
  0.0000E+00
  0.0000E+00
  0.0000E+00
  0.0000E+00
  0.0000E+00
  0.0000E+00
  0.0000E+00
  0.0000E+00
  0.0000E+00
  0.0000E+00
  0.0000E+00
  0.0000E+00
  0.0000E+00
  0.0000E+00
  0.0000E+00
  0.0000E+00
  0.0000E+00
  0.0000E+00
  0.0000E+00
  0.0000E+00
  0.0000E+00
  0.0000E+00
  0.0000E+00
  0.0000E+00
  0.0000E+00
  0.0000E+00
  0.0000E+00
  0.0000E+00
  0.0000E+00
  0.0000E+00
  0.0000E+00
  0.0000E+00
  0.0000E+00
  0.0000E+00
  0.0000E+00
  0.0000E+00
  0.0000E+00
  0.0000E+00
  0.0000E+00
  0.0000E+00
  0.0000E+00
  0.0000E+00
  0.0000E+00
  0.0000E+00
  0.0000E+00
  0.0000E+00
  0.0000E+00
  0.0000E+00
  0.0000E+00
  0.0000E+00
  0.0000E+00
  0.0000E+00
  0.0000E+00
  0.0000E+00
  0.0000E+00
  0.0000E+00
  0.0000E+00
  0.0000E+00
  0.0000E+00
  0.0000E+00
  0.0000E+00
  0.0000E+00
  0.0000E+00
  0.0000E+00
  0.0000E+00
  0.0000E+00
  0.0000E+00
  0.0000E+00
  0.0000E+00
  0.0000E+00
  0.0000E+00
  0.0000E+00
  0.0000E+00
  0.0000E+00
  0.0000E+00
  0.0000E+00
  0.0000E+00
  0.0000E+00
  0.0000E+00
  0.0000E+00
  0.0000E+00
  0.0000E+00
  0.0000E+00
  0.0000E+00
  0.0000E+00
  0.0000E+00
  0.0000E+00
  0.0000E+00
  0.0000E+00
  0.0000E+00
  0.0000E+00
  0.0000E+00
  0.0000E+00
  0.0000E+00
  0.0000E+00
  0.0000E+00
  0.0000E+00
  0.0000E+00
  0.0000E+00
  0.0000E+00
  0.0000E+00
  0.0000E+00
  0.0000E+00
  0.0000E+00
  0.0000E+00
  0.0000E+00
  0.0000E+00
  0.0000E+00
  0.0000E+00
  0.0000E+00
  0.0000E+00
  0.0000E+00
  0.0000E+00
  0.0000E+00
  0.0000E+00
  0.0000E+00
  0.0000E+00
  0.0000E+00
  0.0000E+00
  0.0000E+00
  0.0000E+00
  0.0000E+00
  0.0000E+00
  0.0000E+00
  0.0000E+00
  0.0000E+00
  0.0000E+00
  0.0000E+00
  0.0000E+00
  0.0000E+00
  0.0000E+00
  0.0000E+00
  0.0000E+00
  0.0000E+00
  0.0000E+00
  0.0000E+00
  0.0000E+00
  0.0000E+00
  0.0000E+00
  0.0000E+00
  0.0000E+00
  0.0000E+00
  0.0000E+00
  0.0000E+00
  0.0000E+00
  0.0000E+00
  0.0000E+00
  0.0000E+00
  0.0000E+00
  0.0000E+00
  0.0000E+00
  0.0000E+00
  0.0000E+00
  0.0000E+00
  0.0000E+00
  0.0000E+00
  0.0000E+00
  0.0000E+00
  0.0000E+00
  0.0000E+00
  0.0000E+00
  0.0000E+00
  0.0000E+00
  0.0000E+00
  0.0000E+00
  0.0000E+00
  0.0000E+00
  0.0000E+00
  0.0000E+00
  0.0000E+00
  0.0000E+00
  0.0000E+00
  0.0000E+00
  0.0000E+00
  0.0000E+00
  0.0000E+00
   3.0000E+02
  0.0000E+00
  0.0000E+00
  0.0000E+00
  0.0000E+00
  0.0000E+00
  0.0000E+00
  0.0000E+00
  0.0000E+00
  0.0000E+00
  6.2366E-02
 -1.7737E-14
 -6.2366E-02
  5.8838E-02
 -1.4964E-14
 -5.8838E-02
  6.2366E-02
 -1.2552E-15
 -6.2366E-02
  5.9116E-02
 -5.7021E-14
 -5.9116E-02
  5.9145E-02
 -3.6463E-14
 -5.9145E-02
  5.9116E-02
 -2.0927E-14
 -5.9116E-02
  5.2394E-02
 -9.9390E-14
 -5.2394E-02
  6.0890E-02
 -6.5511E-14
 -6.0890E-02
  5.2394E-02
 -3.9977E-14
 -5.2394E-02
  3.3574E-02
 -1.2730E-13
 -3.3574E-02
  3.1988E-02
 -9.3208E-14
 -3.1988E-02
  3.3574E-02
 -5.5652E-14
 -3.3574E-02
  1.4006E-02
 -1.7347E-13
 -1.4006E-02
  4.6490E-03
 -1.3462E-13
 -4.6490E-03
  1.4006E-02
 -9.0442E-14
 -1.4006E-02
  3.9204E-02
 -2.4227E-13
 -3.9204E-02
  4.8401E-02
 -1.9714E-13
 -4.8401E-02
  3.9204E-02
 -1.3637E-13
 -3.9204E-02
  5.4484E-02
 -3.2104E-13
 -5.4484E-02
  5.4086E-02
 -2.5838E-13
 -5.4086E-02
  5.4484E-02
 -1.9326E-13
 -5.4484E-02
  2.9795E-02
 -4.1052E-13
 -2.9795E-02
  2.9033E-02
 -3.3910E-13
 -2.9033E-02
  2.9795E-02
 -2.7797E-13
 -2.9795E-02
  6.0470E-03
 -5.1542E-13
 -6.0470E-03
  1.2521E-02
 -4.3691E-13
 -1.2521E-02
  6.0470E-03
 -3.6354E-13
 -6.0470E-03
  1.7549E-03
 -6.2084E-13
 -1.7549E-03
 -1.8563E-02
 -5.3669E-13
  1.8563E-02
  1.7549E-03
 -4.5573E-13
 -1.7549E-03
 -5.0411E-03
 -7.2934E-13
  5.0411E-03
  2.2286E-03
 -6.3851E-13
 -2.2286E-03
 -5.0411E-03
 -5.4179E-13
  5.0411E-03
 -6.7948E-03
 -8.3572E-13
  6.7948E-03
  1.1101E-02
 -7.3557E-13
 -1.1101E-02
 -6.7948E-03
 -6.3814E-13
  6.7948E-03
  2.6248E-02
 -9.4169E-13
 -2.6248E-02
  9.4165E-03
 -8.3713E-13
 -9.4165E-03
  2.6248E-02
 -7.3278E-13
 -2.6248E-02
  2.7540E-02
 -1.0492E-12
 -2.7540E-02
  2.7893E-02
 -9.3577E-13
 -2.7893E-02
  2.7540E-02
 -8.2623E-13
 -2.7540E-02
  4.6185E-02
 -1.1619E-12
 -4.6185E-02
  5.3157E-02
 -1.0440E-12
 -5.3157E-02
  4.6185E-02
 -9.3125E-13
 -4.6185E-02
  6.3625E-02
 -1.2684E-12
 -6.3625E-02
  6.1466E-02
 -1.1538E-12
 -6.1466E-02
  6.3625E-02
 -1.0463E-12
 -6.3625E-02
  6.8285E-02
 -1.3681E-12
 -6.8285E-02
  6.8485E-02
 -1.2714E-12
 -6.8485E-02
  6.8285E-02
 -1.1466E-12
 -6.8285E-02
  8.8359E-02
 -1.4981E-12
 -8.8359E-02
  8.6668E-02
 -1.3863E-12
 -8.6668E-02
  8.8359E-02
 -1.2647E-12
 -8.8359E-02
  1.0138E-01
 -1.6116E-12
 -1.0138E-01
  9.8009E-02
 -1.4990E-12
 -9.8009E-02
  1.0138E-01
 -1.3781E-12
 -1.0138E-01
  1.2707E-01
 -1.7328E-12
 -1.2707E-01
  1.1972E-01
 -1.6187E-12
 -1.1972E-01
  1.2707E-01
 -1.4892E-12
 -1.2707E-01
