Scalar STRAINXY under Dynam for nodeset
189
   0.0000E+00
  0.0000E+00
  0.0000E+00
  0.0000E+00
  0.0000E+00
  0.0000E+00
  0.0000E+00
  0.0000E+00
  0.0000E+00
  0.0000E+00
  0.0000E+00
  0.0000E+00
  0.0000E+00
  0.0000E+00
  0.0000E+00
  0.0000E+00
  0.0000E+00
  0.0000E+00
  0.0000E+00
  0.0000E+00
  0.0000E+00
  0.0000E+00
  0.0000E+00
  0.0000E+00
  0.0000E+00
  0.0000E+00
  0.0000E+00
  0.0000E+00
  0.0000E+00
  0.0000E+00
  0.0000E+00
  0.0000E+00
  0.0000E+00
  0.0000E+00
  0.0000E+00
  0.0000E+00
  0.0000E+00
  0.0000E+00
  0.0000E+00
  0.0000E+00
  0.0000E+00
  0.0000E+00
  0.0000E+00
  0.0000E+00
  0.0000E+00
  0.0000E+00
  0.0000E+00
  0.0000E+00
  0.0000E+00
  0.0000E+00
  0.0000E+00
  0.0000E+00
  0.0000E+00
  0.0000E+00
  0.0000E+00
  0.0000E+00
  0.0000E+00
  0.0000E+00
  0.0000E+00
  0.0000E+00
  0.0000E+00
  0.0000E+00
  0.0000E+00
  0.0000E+00
  0.0000E+00
  0.0000E+00
  0.0000E+00
  0.0000E+00
  0.0000E+00
  0.0000E+00
  0.0000E+00
  0.0000E+00
  0.0000E+00
  0.0000E+00
  0.0000E+00
  0.0000E+00
  0.0000E+00
  0.0000E+00
  0.0000E+00
  0.0000E+00
  0.0000E+00
  0.0000E+00
  0.0000E+00
  0.0000E+00
  0.0000E+00
  0.0000E+00
  0.0000E+00
  0.0000E+00
  0.0000E+00
  0.0000E+00
  0.0000E+00
  0.0000E+00
  0.0000E+00
  0.0000E+00
  0.0000E+00
  0.0000E+00
  0.0000E+00
  0.0000E+00
  0.0000E+00
  0.0000E+00
  0.0000E+00
  0.0000E+00
  0.0000E+00
  0.0000E+00
  0.0000E+00
  0.0000E+00
  0.0000E+00
  0.0000E+00
  0.0000E+00
  0.0000E+00
  0.0000E+00
  0.0000E+00
  0.0000E+00
  0.0000E+00
  0.0000E+00
  0.0000E+00
  0.0000E+00
  0.0000E+00
  0.0000E+00
  0.0000E+00
  0.0000E+00
  0.0000E+00
  0.0000E+00
  0.0000E+00
  0.0000E+00
  0.0000E+00
  0.0000E+00
  0.0000E+00
  0.0000E+00
  0.0000E+00
  0.0000E+00
  0.0000E+00
  0.0000E+00
  0.0000E+00
  0.0000E+00
  0.0000E+00
  0.0000E+00
  0.0000E+00
  0.0000E+00
  0.0000E+00
  0.0000E+00
  0.0000E+00
  0.0000E+00
  0.0000E+00
  0.0000E+00
  0.0000E+00
  0.0000E+00
  0.0000E+00
  0.0000E+00
  0.0000E+00
  0.0000E+00
  0.0000E+00
  0.0000E+00
  0.0000E+00
  0.0000E+00
  0.0000E+00
  0.0000E+00
  0.0000E+00
  0.0000E+00
  0.0000E+00
  0.0000E+00
  0.0000E+00
  0.0000E+00
  0.0000E+00
  0.0000E+00
  0.0000E+00
  0.0000E+00
  0.0000E+00
  0.0000E+00
  0.0000E+00
  0.0000E+00
  0.0000E+00
  0.0000E+00
  0.0000E+00
  0.0000E+00
  0.0000E+00
  0.0000E+00
  0.0000E+00
  0.0000E+00
  0.0000E+00
  0.0000E+00
  0.0000E+00
  0.0000E+00
  0.0000E+00
  0.0000E+00
  0.0000E+00
  0.0000E+00
  0.0000E+00
  0.0000E+00
  0.0000E+00
   3.0000E+02
  0.0000E+00
  0.0000E+00
  0.0000E+00
  0.0000E+00
  0.0000E+00
  0.0000E+00
  0.0000E+00
  0.0000E+00
  0.0000E+00
 -1.4108E-02
  3.5506E-06
  1.4123E-02
 -6.2937E-07
  1.0043E-06
  3.5506E-06
  1.4100E-02
 -6.2937E-07
 -1.4108E-02
  1.2203E-04
  1.0480E-05
 -1.0631E-04
  2.1765E-06
  6.2362E-06
  1.0480E-05
 -1.1207E-04
  2.1765E-06
  1.2203E-04
  3.3988E-02
  6.6301E-06
 -3.3983E-02
 -2.9088E-06
  2.9048E-06
  6.6301E-06
 -3.3991E-02
 -2.9088E-06
  3.3988E-02
 -6.3428E-03
  7.8919E-06
  6.3635E-03
 -6.5671E-06
 -1.2621E-06
  7.8919E-06
  6.3325E-03
 -6.5671E-06
 -6.3428E-03
 -3.7425E-02
  4.6588E-06
  3.7434E-02
 -3.5498E-07
  1.1499E-06
  4.6588E-06
  3.7429E-02
 -3.5498E-07
 -3.7425E-02
  3.6787E-02
 -1.0450E-05
 -3.6809E-02
  1.1689E-05
  2.1163E-06
 -1.0450E-05
 -3.6768E-02
  1.1689E-05
  3.6787E-02
 -1.6000E-03
 -1.6311E-05
  1.5691E-03
  3.7301E-06
 -5.0094E-06
 -1.6311E-05
  1.6007E-03
  3.7301E-06
 -1.6000E-03
 -3.0549E-03
 -1.3448E-05
  3.0397E-03
 -4.8043E-06
 -1.1053E-05
 -1.3448E-05
  3.0414E-03
 -4.8043E-06
 -3.0549E-03
  2.5892E-02
 -1.7829E-06
 -2.5913E-02
 -7.8873E-06
 -3.5062E-06
 -1.7829E-06
 -2.5895E-02
 -7.8873E-06
  2.5892E-02
 -8.1270E-02
 -1.4687E-06
  8.1267E-02
  4.9473E-06
  3.1867E-06
 -1.4687E-06
  8.1274E-02
  4.9473E-06
 -8.1270E-02
  2.9075E-02
 -7.4523E-06
 -2.9078E-02
 -9.5042E-07
 -5.3048E-06
 -7.4523E-06
 -2.9085E-02
 -9.5042E-07
  2.9075E-02
  7.1576E-02
  3.6233E-06
 -7.1576E-02
 -1.0333E-05
 -2.7753E-06
  3.6233E-06
 -7.1592E-02
 -1.0333E-05
  7.1576E-02
 -6.7320E-02
  6.3713E-06
  6.7337E-02
  8.2215E-06
  5.9832E-06
  6.3713E-06
  6.7338E-02
  8.2215E-06
 -6.7320E-02
  1.4121E-03
 -1.2459E-06
 -1.4181E-03
  2.6713E-06
  7.7185E-07
 -1.2459E-06
 -1.4034E-03
  2.6713E-06
  1.4121E-03
  2.7886E-02
  2.4790E-07
 -2.7886E-02
 -3.5770E-06
 -9.5904E-07
  2.4790E-07
 -2.7896E-02
 -3.5770E-06
  2.7886E-02
 -8.6361E-03
  5.0593E-06
  8.6467E-03
 -2.1070E-06
  1.3343E-06
  5.0593E-06
  8.6321E-03
 -2.1070E-06
 -8.6361E-03
  8.0108E-04
 -8.9930E-08
 -7.9942E-04
  4.5511E-07
 -3.8955E-07
 -8.9930E-08
 -7.9972E-04
  4.5511E-07
  8.0108E-04
 -6.7573E-03
  5.8976E-06
  6.7700E-03
  5.9109E-06
  6.4572E-06
  5.8976E-06
  6.7660E-03
  5.9109E-06
 -6.7573E-03
 -1.3477E-02
  6.7583E-06
  1.3488E-02
 -8.5840E-06
 -1.0247E-06
  6.7583E-06
  1.3463E-02
 -8.5840E-06
 -1.3477E-02
 -2.9391E-02
  8.7325E-06
  2.9407E-02
 -1.4470E-06
  2.1524E-06
  8.7325E-06
  2.9395E-02
 -1.4470E-06
 -2.9391E-02
