# node 38046
   0.0000E+00   -1.6699E+02
   1.0000E+00   -1.6699E+02
   2.0000E+00   -1.6702E+02
   3.0000E+00   -1.6705E+02
   4.0000E+00   -1.6710E+02
   5.0000E+00   -1.6716E+02
   6.0000E+00   -1.6723E+02
   7.0000E+00   -1.6732E+02
   8.0000E+00   -1.6742E+02
   9.0000E+00   -1.6754E+02
   1.0000E+01   -1.6767E+02
   1.1000E+01   -1.6781E+02
   1.2000E+01   -1.6796E+02
   1.3000E+01   -1.6813E+02
   1.4000E+01   -1.6831E+02
   1.5000E+01   -1.6851E+02
   1.6000E+01   -1.6872E+02
   1.7000E+01   -1.6893E+02
   1.8000E+01   -1.6916E+02
   1.9000E+01   -1.6940E+02
   2.0000E+01   -1.6966E+02
   2.1000E+01   -1.6992E+02
   2.2000E+01   -1.7019E+02
   2.3000E+01   -1.7048E+02
   2.4000E+01   -1.7078E+02
   2.5000E+01   -1.7109E+02
   2.6000E+01   -1.7143E+02
   2.7000E+01   -1.7178E+02
   2.8000E+01   -1.7215E+02
   2.9000E+01   -1.7255E+02
   3.0000E+01   -1.7296E+02
   3.1000E+01   -1.7340E+02
   3.2000E+01   -1.7385E+02
   3.3000E+01   -1.7433E+02
   3.4000E+01   -1.7482E+02
   3.5000E+01   -1.7533E+02
   3.6000E+01   -1.7586E+02
   3.7000E+01   -1.7641E+02
   3.8000E+01   -1.7698E+02
   3.9000E+01   -1.7757E+02
   4.0000E+01   -1.7818E+02
   4.1000E+01   -1.7881E+02
   4.2000E+01   -1.7946E+02
   4.3000E+01   -1.8014E+02
   4.4000E+01   -1.8083E+02
   4.5000E+01   -1.8154E+02
   4.6000E+01   -1.8228E+02
   4.7000E+01   -1.8304E+02
   4.8000E+01   -1.8382E+02
   4.9000E+01   -1.8463E+02
   5.0000E+01   -1.8546E+02
   5.1000E+01   -1.8632E+02
   5.2000E+01   -1.8720E+02
   5.3000E+01   -1.8811E+02
   5.4000E+01   -1.8905E+02
   5.5000E+01   -1.9001E+02
   5.6000E+01   -1.9100E+02
   5.7000E+01   -1.9202E+02
   5.8000E+01   -1.9308E+02
   5.9000E+01   -1.9416E+02
   6.0000E+01   -1.9527E+02
   6.1000E+01   -1.9642E+02
   6.2000E+01   -1.9760E+02
   6.3000E+01   -1.9882E+02
   6.4000E+01   -2.0007E+02
   6.5000E+01   -2.0136E+02
   6.6000E+01   -2.0269E+02
   6.7000E+01   -2.0406E+02
   6.8000E+01   -2.0547E+02
   6.9000E+01   -2.0693E+02
   7.0000E+01   -2.0843E+02
   7.1000E+01   -2.0998E+02
   7.2000E+01   -2.1158E+02
   7.3000E+01   -2.1324E+02
   7.4000E+01   -2.1495E+02
   7.5000E+01   -2.1672E+02
   7.6000E+01   -2.1856E+02
   7.7000E+01   -2.2046E+02
   7.8000E+01   -2.2243E+02
   7.9000E+01   -2.2447E+02
   8.0000E+01   -2.2657E+02
   8.1000E+01   -2.2872E+02
   8.2000E+01   -2.3091E+02
   8.3000E+01   -2.3308E+02
   8.4000E+01   -2.3507E+02
   8.5000E+01   -2.3617E+02
   8.6000E+01   -2.0643E+02
   8.7000E+01   -2.4862E+02
   8.8000E+01   -2.4945E+02
   8.9000E+01   -2.5176E+02
   9.0000E+01   -2.5447E+02
   9.1000E+01   -2.5740E+02
   9.2000E+01   -2.6049E+02
   9.3000E+01   -2.6372E+02
   9.4000E+01   -2.6708E+02
   9.5000E+01   -2.7058E+02
   9.6000E+01   -2.7421E+02
   9.7000E+01   -2.7800E+02
   9.8000E+01   -2.8193E+02
   9.9000E+01   -2.8603E+02
   1.0000E+02   -2.9029E+02
   1.0100E+02   -2.9474E+02
   1.0200E+02   -2.9938E+02
   1.0300E+02   -3.0423E+02
   1.0400E+02   -3.0929E+02
   1.0500E+02   -3.1459E+02
   1.0600E+02   -3.2013E+02
   1.0700E+02   -3.2594E+02
   1.0800E+02   -3.3203E+02
   1.0900E+02   -3.3842E+02
   1.1000E+02   -3.4514E+02
   1.1100E+02   -3.5221E+02
   1.1200E+02   -3.5965E+02
   1.1300E+02   -3.6750E+02
   1.1400E+02   -3.7577E+02
   1.1500E+02   -3.8451E+02
   1.1600E+02   -3.9375E+02
   1.1700E+02   -4.0352E+02
   1.1800E+02   -4.1387E+02
   1.1900E+02   -4.2482E+02
   1.2000E+02   -4.3643E+02
   1.2100E+02   -4.4874E+02
   1.2200E+02   -4.6180E+02
   1.2300E+02   -4.7568E+02
   1.2400E+02   -4.9047E+02
   1.2500E+02   -5.0629E+02
   1.2600E+02   -5.2330E+02
   1.2700E+02   -5.4172E+02
   1.2800E+02   -5.6178E+02
   1.2900E+02   -5.8379E+02
   1.3000E+02   -6.0806E+02
   1.3100E+02   -6.3498E+02
   1.3200E+02   -6.6496E+02
   1.3300E+02   -6.9851E+02
   1.3400E+02   -7.3627E+02
   1.3500E+02   -7.7900E+02
   1.3600E+02   -8.2771E+02
   1.3700E+02   -8.8369E+02
   1.3800E+02   -9.4862E+02
   1.3900E+02   -1.0248E+03
   1.4000E+02   -1.1155E+03
   1.4100E+02   -1.2250E+03
   1.4200E+02   -1.3601E+03
   1.4300E+02   -1.5307E+03
   1.4400E+02   -1.7530E+03
   1.4500E+02   -2.0547E+03
   1.4600E+02   -2.4874E+03
   1.4700E+02   -3.1601E+03
   1.4800E+02   -4.3493E+03
   1.4900E+02   -7.0202E+03
   1.5000E+02   -1.8516E+04
   1.5100E+02    2.8237E+04
   1.5200E+02    7.9473E+03
   1.5300E+02    4.6028E+03
   1.5400E+02    3.2288E+03
   1.5500E+02    2.4801E+03
   1.5600E+02    2.0089E+03
   1.5700E+02    1.6851E+03
   1.5800E+02    1.4489E+03
   1.5900E+02    1.2689E+03
   1.6000E+02    1.1273E+03
   1.6100E+02    1.0129E+03
   1.6200E+02    9.1858E+02
   1.6300E+02    8.3948E+02
   1.6400E+02    7.7218E+02
   1.6500E+02    7.1423E+02
   1.6600E+02    6.6380E+02
   1.6700E+02    6.1953E+02
   1.6800E+02    5.8033E+02
   1.6900E+02    5.4540E+02
   1.7000E+02    5.1407E+02
   1.7100E+02    4.8581E+02
   1.7200E+02    4.6018E+02
   1.7300E+02    4.3685E+02
   1.7400E+02    4.1550E+02
   1.7500E+02    3.9591E+02
   1.7600E+02    3.7785E+02
   1.7700E+02    3.6117E+02
   1.7800E+02    3.4569E+02
   1.7900E+02    3.3130E+02
   1.8000E+02    3.1787E+02
   1.8100E+02    3.0531E+02
   1.8200E+02    2.9354E+02
   1.8300E+02    2.8247E+02
   1.8400E+02    2.7205E+02
   1.8500E+02    2.6221E+02
   1.8600E+02    2.5291E+02
   1.8700E+02    2.4411E+02
   1.8800E+02    2.3576E+02
   1.8900E+02    2.2784E+02
   1.9000E+02    2.2031E+02
   1.9100E+02    2.1314E+02
   1.9200E+02    2.0630E+02
   1.9300E+02    1.9978E+02
   1.9400E+02    1.9355E+02
   1.9500E+02    1.8758E+02
   1.9600E+02    1.8187E+02
   1.9700E+02    1.7640E+02
   1.9800E+02    1.7114E+02
   1.9900E+02    1.6609E+02
   2.0000E+02    1.6124E+02
   2.0100E+02    1.5656E+02
   2.0200E+02    1.5205E+02
   2.0300E+02    1.4771E+02
   2.0400E+02    1.4351E+02
   2.0500E+02    1.3945E+02
   2.0600E+02    1.3553E+02
   2.0700E+02    1.3173E+02
   2.0800E+02    1.2805E+02
   2.0900E+02    1.2449E+02
   2.1000E+02    1.2102E+02
   2.1100E+02    1.1766E+02
   2.1200E+02    1.1440E+02
   2.1300E+02    1.1122E+02
   2.1400E+02    1.0813E+02
   2.1500E+02    1.0512E+02
   2.1600E+02    1.0220E+02
   2.1700E+02    9.9343E+01
   2.1800E+02    9.6560E+01
   2.1900E+02    9.3844E+01
   2.2000E+02    9.1191E+01
   2.2100E+02    8.8598E+01
   2.2200E+02    8.6060E+01
   2.2300E+02    8.3573E+01
   2.2400E+02    8.1134E+01
   2.2500E+02    7.8738E+01
   2.2600E+02    7.6384E+01
   2.2700E+02    7.4067E+01
   2.2800E+02    7.1784E+01
   2.2900E+02    6.9534E+01
   2.3000E+02    6.7313E+01
   2.3100E+02    6.5120E+01
   2.3200E+02    6.2952E+01
   2.3300E+02    6.0807E+01
   2.3400E+02    5.8683E+01
   2.3500E+02    5.6578E+01
   2.3600E+02    5.4489E+01
   2.3700E+02    5.2416E+01
   2.3800E+02    5.0354E+01
   2.3900E+02    4.8304E+01
   2.4000E+02    4.6261E+01
   2.4100E+02    4.4225E+01
   2.4200E+02    4.2194E+01
   2.4300E+02    4.0164E+01
   2.4400E+02    3.8133E+01
   2.4500E+02    3.6100E+01
   2.4600E+02    3.4062E+01
   2.4700E+02    3.2015E+01
   2.4800E+02    2.9959E+01
   2.4900E+02    2.7890E+01
   2.5000E+02    2.5804E+01
   2.5100E+02    2.3700E+01
   2.5200E+02    2.1574E+01
   2.5300E+02    1.9422E+01
   2.5400E+02    1.7241E+01
   2.5500E+02    1.5028E+01
   2.5600E+02    1.2778E+01
   2.5700E+02    1.0487E+01
   2.5800E+02    8.1497E+00
   2.5900E+02    5.7620E+00
   2.6000E+02    3.3179E+00
   2.6100E+02    8.1163E-01
   2.6200E+02   -1.7635E+00
   2.6300E+02   -4.4147E+00
   2.6400E+02   -7.1500E+00
   2.6500E+02   -9.9781E+00
   2.6600E+02   -1.2909E+01
   2.6700E+02   -1.5953E+01
   2.6800E+02   -1.9124E+01
   2.6900E+02   -2.2434E+01
   2.7000E+02   -2.5900E+01
   2.7100E+02   -2.9539E+01
   2.7200E+02   -3.3372E+01
   2.7300E+02   -3.7420E+01
   2.7400E+02   -4.1711E+01
   2.7500E+02   -4.6271E+01
   2.7600E+02   -5.1136E+01
   2.7700E+02   -5.6340E+01
   2.7800E+02   -6.1928E+01
   2.7900E+02   -6.7949E+01
   2.8000E+02   -7.4466E+01
   2.8100E+02   -8.1549E+01
   2.8200E+02   -8.9290E+01
   2.8300E+02   -9.7798E+01
   2.8400E+02   -1.0721E+02
   2.8500E+02   -1.1769E+02
   2.8600E+02   -1.2947E+02
   2.8700E+02   -1.4280E+02
   2.8800E+02   -1.5807E+02
   2.8900E+02   -1.7573E+02
   2.9000E+02   -1.9643E+02
   2.9100E+02   -2.2108E+02
   2.9200E+02   -2.5096E+02
   2.9300E+02   -2.8798E+02
   2.9400E+02   -3.3511E+02
   2.9500E+02   -3.9725E+02
   2.9600E+02   -4.8303E+02
   2.9700E+02   -6.0927E+02
   2.9800E+02   -8.1373E+02
   2.9900E+02   -1.2023E+03
   3.0000E+02   -2.2293E+03
   3.0100E+02   -1.2767E+04
   3.0200E+02    3.5719E+03
   3.0300E+02    1.5944E+03
   3.0400E+02    1.0372E+03
   3.0500E+02    7.7424E+02
   3.0600E+02    6.2106E+02
   3.0700E+02    5.2070E+02
   3.0800E+02    4.4982E+02
   3.0900E+02    3.9706E+02
   3.1000E+02    3.5622E+02
   3.1100E+02    3.2366E+02
   3.1200E+02    2.9707E+02
   3.1300E+02    2.7494E+02
   3.1400E+02    2.5621E+02
   3.1500E+02    2.4014E+02
   3.1600E+02    2.2621E+02
   3.1700E+02    2.1399E+02
   3.1800E+02    2.0319E+02
   3.1900E+02    1.9357E+02
   3.2000E+02    1.8493E+02
   3.2100E+02    1.7713E+02
   3.2200E+02    1.7005E+02
   3.2300E+02    1.6360E+02
   3.2400E+02    1.5768E+02
   3.2500E+02    1.5224E+02
   3.2600E+02    1.4723E+02
   3.2700E+02    1.4258E+02
   3.2800E+02    1.3827E+02
   3.2900E+02    1.3426E+02
   3.3000E+02    1.3052E+02
   3.3100E+02    1.2701E+02
   3.3200E+02    1.2372E+02
   3.3300E+02    1.2063E+02
   3.3400E+02    1.1771E+02
   3.3500E+02    1.1495E+02
   3.3600E+02    1.1233E+02
   3.3700E+02    1.0985E+02
   3.3800E+02    1.0750E+02
   3.3900E+02    1.0526E+02
   3.4000E+02    1.0312E+02
   3.4100E+02    1.0108E+02
   3.4200E+02    9.9129E+01
   3.4300E+02    9.7263E+01
   3.4400E+02    9.5475E+01
   3.4500E+02    9.3760E+01
   3.4600E+02    9.2114E+01
   3.4700E+02    9.0532E+01
   3.4800E+02    8.9009E+01
   3.4900E+02    8.7543E+01
   3.5000E+02    8.6130E+01
   3.5100E+02    8.4767E+01
   3.5200E+02    8.3451E+01
   3.5300E+02    8.2180E+01
   3.5400E+02    8.0950E+01
   3.5500E+02    7.9761E+01
   3.5600E+02    7.8609E+01
   3.5700E+02    7.7493E+01
   3.5800E+02    7.6412E+01
   3.5900E+02    7.5363E+01
   3.6000E+02    7.4344E+01
   3.6100E+02    7.3356E+01
   3.6200E+02    7.2396E+01
   3.6300E+02    7.1462E+01
   3.6400E+02    7.0556E+01
   3.6500E+02    6.9674E+01
   3.6600E+02    6.8817E+01
   3.6700E+02    6.7983E+01
   3.6800E+02    6.7173E+01
   3.6900E+02    6.6385E+01
   3.7000E+02    6.5618E+01
   3.7100E+02    6.4871E+01
   3.7200E+02    6.4144E+01
   3.7300E+02    6.3434E+01
   3.7400E+02    6.2741E+01
   3.7500E+02    6.2062E+01
   3.7600E+02    6.1396E+01
   3.7700E+02    6.0744E+01
   3.7800E+02    6.0103E+01
   3.7900E+02    5.9475E+01
   3.8000E+02    5.8858E+01
   3.8100E+02    5.8253E+01
   3.8200E+02    5.7660E+01
   3.8300E+02    5.7078E+01
   3.8400E+02    5.6507E+01
   3.8500E+02    5.5947E+01
   3.8600E+02    5.5398E+01
   3.8700E+02    5.4860E+01
   3.8800E+02    5.4332E+01
   3.8900E+02    5.3813E+01
   3.9000E+02    5.3305E+01
   3.9100E+02    5.2805E+01
   3.9200E+02    5.2315E+01
   3.9300E+02    5.1834E+01
   3.9400E+02    5.1362E+01
   3.9500E+02    5.0897E+01
   3.9600E+02    5.0441E+01
   3.9700E+02    4.9993E+01
   3.9800E+02    4.9552E+01
   3.9900E+02    4.9119E+01
   4.0000E+02    4.8694E+01
   4.0100E+02    4.8275E+01
   4.0200E+02    4.7863E+01
   4.0300E+02    4.7458E+01
   4.0400E+02    4.7059E+01
   4.0500E+02    4.6667E+01
   4.0600E+02    4.6281E+01
   4.0700E+02    4.5901E+01
   4.0800E+02    4.5527E+01
   4.0900E+02    4.5159E+01
   4.1000E+02    4.4796E+01
   4.1100E+02    4.4439E+01
   4.1200E+02    4.4087E+01
   4.1300E+02    4.3741E+01
   4.1400E+02    4.3400E+01
   4.1500E+02    4.3064E+01
   4.1600E+02    4.2733E+01
   4.1700E+02    4.2408E+01
   4.1800E+02    4.2088E+01
   4.1900E+02    4.1773E+01
   4.2000E+02    4.1463E+01
   4.2100E+02    4.1159E+01
   4.2200E+02    4.0860E+01
   4.2300E+02    4.0565E+01
   4.2400E+02    4.0275E+01
   4.2500E+02    3.9988E+01
   4.2600E+02    3.9705E+01
   4.2700E+02    3.9425E+01
   4.2800E+02    3.9148E+01
   4.2900E+02    3.8873E+01
   4.3000E+02    3.8601E+01
   4.3100E+02    3.8332E+01
   4.3200E+02    3.8065E+01
   4.3300E+02    3.7802E+01
   4.3400E+02    3.7541E+01
   4.3500E+02    3.7283E+01
   4.3600E+02    3.7029E+01
   4.3700E+02    3.6777E+01
   4.3800E+02    3.6528E+01
   4.3900E+02    3.6282E+01
   4.4000E+02    3.6039E+01
   4.4100E+02    3.5799E+01
   4.4200E+02    3.5562E+01
   4.4300E+02    3.5328E+01
   4.4400E+02    3.5096E+01
   4.4500E+02    3.4867E+01
   4.4600E+02    3.4640E+01
   4.4700E+02    3.4417E+01
   4.4800E+02    3.4195E+01
   4.4900E+02    3.3977E+01
   4.5000E+02    3.3760E+01
   4.5100E+02    3.3546E+01
   4.5200E+02    3.3335E+01
   4.5300E+02    3.3126E+01
   4.5400E+02    3.2919E+01
   4.5500E+02    3.2714E+01
   4.5600E+02    3.2512E+01
   4.5700E+02    3.2312E+01
   4.5800E+02    3.2114E+01
   4.5900E+02    3.1918E+01
   4.6000E+02    3.1724E+01
   4.6100E+02    3.1532E+01
   4.6200E+02    3.1342E+01
   4.6300E+02    3.1155E+01
   4.6400E+02    3.0969E+01
   4.6500E+02    3.0785E+01
   4.6600E+02    3.0603E+01
   4.6700E+02    3.0423E+01
   4.6800E+02    3.0245E+01
   4.6900E+02    3.0068E+01
   4.7000E+02    2.9894E+01
   4.7100E+02    2.9721E+01
   4.7200E+02    2.9551E+01
   4.7300E+02    2.9382E+01
   4.7400E+02    2.9214E+01
   4.7500E+02    2.9049E+01
   4.7600E+02    2.8885E+01
   4.7700E+02    2.8722E+01
   4.7800E+02    2.8561E+01
   4.7900E+02    2.8402E+01
   4.8000E+02    2.8243E+01
   4.8100E+02    2.8087E+01
   4.8200E+02    2.7931E+01
   4.8300E+02    2.7777E+01
   4.8400E+02    2.7625E+01
   4.8500E+02    2.7474E+01
   4.8600E+02    2.7324E+01
   4.8700E+02    2.7175E+01
   4.8800E+02    2.7028E+01
   4.8900E+02    2.6882E+01
   4.9000E+02    2.6738E+01
   4.9100E+02    2.6595E+01
   4.9200E+02    2.6453E+01
   4.9300E+02    2.6312E+01
   4.9400E+02    2.6173E+01
   4.9500E+02    2.6035E+01
   4.9600E+02    2.5898E+01
   4.9700E+02    2.5762E+01
   4.9800E+02    2.5628E+01
   4.9900E+02    2.5495E+01
   5.0000E+02    2.5363E+01
