# node 37735
   0.0000E+00   -5.5841E+01
   1.0000E+00   -5.5845E+01
   2.0000E+00   -5.5854E+01
   3.0000E+00   -5.5869E+01
   4.0000E+00   -5.5891E+01
   5.0000E+00   -5.5919E+01
   6.0000E+00   -5.5953E+01
   7.0000E+00   -5.5993E+01
   8.0000E+00   -5.6040E+01
   9.0000E+00   -5.6092E+01
   1.0000E+01   -5.6151E+01
   1.1000E+01   -5.6217E+01
   1.2000E+01   -5.6288E+01
   1.3000E+01   -5.6366E+01
   1.4000E+01   -5.6450E+01
   1.5000E+01   -5.6540E+01
   1.6000E+01   -5.6636E+01
   1.7000E+01   -5.6737E+01
   1.8000E+01   -5.6845E+01
   1.9000E+01   -5.6957E+01
   2.0000E+01   -5.7075E+01
   2.1000E+01   -5.7197E+01
   2.2000E+01   -5.7323E+01
   2.3000E+01   -5.7453E+01
   2.4000E+01   -5.7588E+01
   2.5000E+01   -5.7727E+01
   2.6000E+01   -5.7872E+01
   2.7000E+01   -5.8024E+01
   2.8000E+01   -5.8184E+01
   2.9000E+01   -5.8353E+01
   3.0000E+01   -5.8533E+01
   3.1000E+01   -5.8723E+01
   3.2000E+01   -5.8925E+01
   3.3000E+01   -5.9137E+01
   3.4000E+01   -5.9359E+01
   3.5000E+01   -5.9591E+01
   3.6000E+01   -5.9833E+01
   3.7000E+01   -6.0085E+01
   3.8000E+01   -6.0347E+01
   3.9000E+01   -6.0618E+01
   4.0000E+01   -6.0899E+01
   4.1000E+01   -6.1189E+01
   4.2000E+01   -6.1489E+01
   4.3000E+01   -6.1799E+01
   4.4000E+01   -6.2119E+01
   4.5000E+01   -6.2450E+01
   4.6000E+01   -6.2791E+01
   4.7000E+01   -6.3143E+01
   4.8000E+01   -6.3505E+01
   4.9000E+01   -6.3880E+01
   5.0000E+01   -6.4265E+01
   5.1000E+01   -6.4663E+01
   5.2000E+01   -6.5073E+01
   5.3000E+01   -6.5495E+01
   5.4000E+01   -6.5930E+01
   5.5000E+01   -6.6379E+01
   5.6000E+01   -6.6841E+01
   5.7000E+01   -6.7317E+01
   5.8000E+01   -6.7807E+01
   5.9000E+01   -6.8313E+01
   6.0000E+01   -6.8834E+01
   6.1000E+01   -6.9372E+01
   6.2000E+01   -6.9927E+01
   6.3000E+01   -7.0499E+01
   6.4000E+01   -7.1091E+01
   6.5000E+01   -7.1704E+01
   6.6000E+01   -7.2339E+01
   6.7000E+01   -7.2998E+01
   6.8000E+01   -7.3684E+01
   6.9000E+01   -7.4399E+01
   7.0000E+01   -7.5147E+01
   7.1000E+01   -7.5930E+01
   7.2000E+01   -7.6749E+01
   7.3000E+01   -7.7606E+01
   7.4000E+01   -7.8499E+01
   7.5000E+01   -7.9426E+01
   7.6000E+01   -8.0381E+01
   7.7000E+01   -8.1362E+01
   7.8000E+01   -8.2364E+01
   7.9000E+01   -8.3387E+01
   8.0000E+01   -8.4430E+01
   8.1000E+01   -8.5496E+01
   8.2000E+01   -8.6586E+01
   8.3000E+01   -8.7703E+01
   8.4000E+01   -8.8852E+01
   8.5000E+01   -9.0035E+01
   8.6000E+01   -9.1255E+01
   8.7000E+01   -9.2516E+01
   8.8000E+01   -9.3820E+01
   8.9000E+01   -9.5169E+01
   9.0000E+01   -9.6568E+01
   9.1000E+01   -9.8018E+01
   9.2000E+01   -9.9522E+01
   9.3000E+01   -1.0108E+02
   9.4000E+01   -1.0271E+02
   9.5000E+01   -1.0439E+02
   9.6000E+01   -1.0615E+02
   9.7000E+01   -1.0798E+02
   9.8000E+01   -1.0988E+02
   9.9000E+01   -1.1186E+02
   1.0000E+02   -1.1393E+02
   1.0100E+02   -1.1609E+02
   1.0200E+02   -1.1835E+02
   1.0300E+02   -1.2070E+02
   1.0400E+02   -1.2317E+02
   1.0500E+02   -1.2575E+02
   1.0600E+02   -1.2846E+02
   1.0700E+02   -1.3130E+02
   1.0800E+02   -1.3428E+02
   1.0900E+02   -1.3742E+02
   1.1000E+02   -1.4071E+02
   1.1100E+02   -1.4419E+02
   1.1200E+02   -1.4785E+02
   1.1300E+02   -1.5172E+02
   1.1400E+02   -1.5581E+02
   1.1500E+02   -1.6014E+02
   1.1600E+02   -1.6472E+02
   1.1700E+02   -1.6958E+02
   1.1800E+02   -1.7474E+02
   1.1900E+02   -1.8023E+02
   1.2000E+02   -1.8607E+02
   1.2100E+02   -1.9228E+02
   1.2200E+02   -1.9891E+02
   1.2300E+02   -2.0600E+02
   1.2400E+02   -2.1358E+02
   1.2500E+02   -2.2173E+02
   1.2600E+02   -2.3053E+02
   1.2700E+02   -2.4008E+02
   1.2800E+02   -2.5050E+02
   1.2900E+02   -2.6194E+02
   1.3000E+02   -2.7455E+02
   1.3100E+02   -2.8854E+02
   1.3200E+02   -3.0413E+02
   1.3300E+02   -3.2159E+02
   1.3400E+02   -3.4127E+02
   1.3500E+02   -3.6360E+02
   1.3600E+02   -3.8911E+02
   1.3700E+02   -4.1853E+02
   1.3800E+02   -4.5281E+02
   1.3900E+02   -4.9323E+02
   1.4000E+02   -5.4159E+02
   1.4100E+02   -6.0045E+02
   1.4200E+02   -6.7364E+02
   1.4300E+02   -7.6709E+02
   1.4400E+02   -8.9052E+02
   1.4500E+02   -1.0611E+03
   1.4600E+02   -1.3121E+03
   1.4700E+02   -1.7178E+03
   1.4800E+02   -2.4851E+03
   1.4900E+02   -4.4846E+03
   1.5000E+02   -2.2771E+04
   1.5100E+02    7.4200E+03
   1.5200E+02    3.1944E+03
   1.5300E+02    2.0372E+03
   1.5400E+02    1.4965E+03
   1.5500E+02    1.1833E+03
   1.5600E+02    9.7909E+02
   1.5700E+02    8.3536E+02
   1.5800E+02    7.2876E+02
   1.5900E+02    6.4655E+02
   1.6000E+02    5.8124E+02
   1.6100E+02    5.2812E+02
   1.6200E+02    4.8407E+02
   1.6300E+02    4.4696E+02
   1.6400E+02    4.1528E+02
   1.6500E+02    3.8793E+02
   1.6600E+02    3.6408E+02
   1.6700E+02    3.4312E+02
   1.6800E+02    3.2454E+02
   1.6900E+02    3.0799E+02
   1.7000E+02    2.9314E+02
   1.7100E+02    2.7976E+02
   1.7200E+02    2.6765E+02
   1.7300E+02    2.5663E+02
   1.7400E+02    2.4656E+02
   1.7500E+02    2.3733E+02
   1.7600E+02    2.2884E+02
   1.7700E+02    2.2099E+02
   1.7800E+02    2.1371E+02
   1.7900E+02    2.0694E+02
   1.8000E+02    2.0064E+02
   1.8100E+02    1.9475E+02
   1.8200E+02    1.8925E+02
   1.8300E+02    1.8409E+02
   1.8400E+02    1.7924E+02
   1.8500E+02    1.7469E+02
   1.8600E+02    1.7041E+02
   1.8700E+02    1.6638E+02
   1.8800E+02    1.6258E+02
   1.8900E+02    1.5899E+02
   1.9000E+02    1.5560E+02
   1.9100E+02    1.5239E+02
   1.9200E+02    1.4935E+02
   1.9300E+02    1.4647E+02
   1.9400E+02    1.4374E+02
   1.9500E+02    1.4115E+02
   1.9600E+02    1.3869E+02
   1.9700E+02    1.3635E+02
   1.9800E+02    1.3413E+02
   1.9900E+02    1.3202E+02
   2.0000E+02    1.3000E+02
   2.0100E+02    1.2809E+02
   2.0200E+02    1.2626E+02
   2.0300E+02    1.2453E+02
   2.0400E+02    1.2287E+02
   2.0500E+02    1.2130E+02
   2.0600E+02    1.1980E+02
   2.0700E+02    1.1837E+02
   2.0800E+02    1.1701E+02
   2.0900E+02    1.1571E+02
   2.1000E+02    1.1447E+02
   2.1100E+02    1.1330E+02
   2.1200E+02    1.1218E+02
   2.1300E+02    1.1112E+02
   2.1400E+02    1.1011E+02
   2.1500E+02    1.0915E+02
   2.1600E+02    1.0824E+02
   2.1700E+02    1.0737E+02
   2.1800E+02    1.0655E+02
   2.1900E+02    1.0577E+02
   2.2000E+02    1.0503E+02
   2.2100E+02    1.0432E+02
   2.2200E+02    1.0365E+02
   2.2300E+02    1.0302E+02
   2.2400E+02    1.0241E+02
   2.2500E+02    1.0184E+02
   2.2600E+02    1.0130E+02
   2.2700E+02    1.0079E+02
   2.2800E+02    1.0033E+02
   2.2900E+02    9.9907E+01
   2.3000E+02    9.9534E+01
   2.3100E+02    9.9209E+01
   2.3200E+02    9.8932E+01
   2.3300E+02    9.8704E+01
   2.3400E+02    9.8523E+01
   2.3500E+02    9.8386E+01
   2.3600E+02    9.8292E+01
   2.3700E+02    9.8240E+01
   2.3800E+02    9.8229E+01
   2.3900E+02    9.8259E+01
   2.4000E+02    9.8329E+01
   2.4100E+02    9.8440E+01
   2.4200E+02    9.8592E+01
   2.4300E+02    9.8785E+01
   2.4400E+02    9.9021E+01
   2.4500E+02    9.9300E+01
   2.4600E+02    9.9623E+01
   2.4700E+02    9.9993E+01
   2.4800E+02    1.0041E+02
   2.4900E+02    1.0088E+02
   2.5000E+02    1.0139E+02
   2.5100E+02    1.0196E+02
   2.5200E+02    1.0259E+02
   2.5300E+02    1.0327E+02
   2.5400E+02    1.0401E+02
   2.5500E+02    1.0482E+02
   2.5600E+02    1.0569E+02
   2.5700E+02    1.0664E+02
   2.5800E+02    1.0765E+02
   2.5900E+02    1.0875E+02
   2.6000E+02    1.0993E+02
   2.6100E+02    1.1120E+02
   2.6200E+02    1.1257E+02
   2.6300E+02    1.1403E+02
   2.6400E+02    1.1561E+02
   2.6500E+02    1.1730E+02
   2.6600E+02    1.1913E+02
   2.6700E+02    1.2108E+02
   2.6800E+02    1.2319E+02
   2.6900E+02    1.2546E+02
   2.7000E+02    1.2791E+02
   2.7100E+02    1.3054E+02
   2.7200E+02    1.3340E+02
   2.7300E+02    1.3648E+02
   2.7400E+02    1.3983E+02
   2.7500E+02    1.4347E+02
   2.7600E+02    1.4743E+02
   2.7700E+02    1.5175E+02
   2.7800E+02    1.5648E+02
   2.7900E+02    1.6168E+02
   2.8000E+02    1.6740E+02
   2.8100E+02    1.7373E+02
   2.8200E+02    1.8076E+02
   2.8300E+02    1.8861E+02
   2.8400E+02    1.9742E+02
   2.8500E+02    2.0737E+02
   2.8600E+02    2.1868E+02
   2.8700E+02    2.3166E+02
   2.8800E+02    2.4667E+02
   2.8900E+02    2.6424E+02
   2.9000E+02    2.8504E+02
   2.9100E+02    3.1006E+02
   2.9200E+02    3.4069E+02
   2.9300E+02    3.7903E+02
   2.9400E+02    4.2838E+02
   2.9500E+02    4.9424E+02
   2.9600E+02    5.8647E+02
   2.9700E+02    7.2479E+02
   2.9800E+02    9.5509E+02
   2.9900E+02    1.4144E+03
   3.0000E+02    2.7812E+03
   3.0100E+02    2.1461E+05
   3.0200E+02   -2.7951E+03
   3.0300E+02   -1.3740E+03
   3.0400E+02   -9.0459E+02
   3.0500E+02   -6.7074E+02
   3.0600E+02   -5.3076E+02
   3.0700E+02   -4.3761E+02
   3.0800E+02   -3.7118E+02
   3.0900E+02   -3.2143E+02
   3.1000E+02   -2.8279E+02
   3.1100E+02   -2.5193E+02
   3.1200E+02   -2.2671E+02
   3.1300E+02   -2.0573E+02
   3.1400E+02   -1.8800E+02
   3.1500E+02   -1.7283E+02
   3.1600E+02   -1.5970E+02
   3.1700E+02   -1.4822E+02
   3.1800E+02   -1.3811E+02
   3.1900E+02   -1.2913E+02
   3.2000E+02   -1.2111E+02
   3.2100E+02   -1.1390E+02
   3.2200E+02   -1.0740E+02
   3.2300E+02   -1.0149E+02
   3.2400E+02   -9.6120E+01
   3.2500E+02   -9.1213E+01
   3.2600E+02   -8.6716E+01
   3.2700E+02   -8.2583E+01
   3.2800E+02   -7.8774E+01
   3.2900E+02   -7.5251E+01
   3.3000E+02   -7.1985E+01
   3.3100E+02   -6.8949E+01
   3.3200E+02   -6.6118E+01
   3.3300E+02   -6.3474E+01
   3.3400E+02   -6.0998E+01
   3.3500E+02   -5.8676E+01
   3.3600E+02   -5.6493E+01
   3.3700E+02   -5.4437E+01
   3.3800E+02   -5.2499E+01
   3.3900E+02   -5.0668E+01
   3.4000E+02   -4.8937E+01
   3.4100E+02   -4.7298E+01
   3.4200E+02   -4.5743E+01
   3.4300E+02   -4.4267E+01
   3.4400E+02   -4.2865E+01
   3.4500E+02   -4.1530E+01
   3.4600E+02   -4.0259E+01
   3.4700E+02   -3.9048E+01
   3.4800E+02   -3.7892E+01
   3.4900E+02   -3.6787E+01
   3.5000E+02   -3.5732E+01
   3.5100E+02   -3.4722E+01
   3.5200E+02   -3.3756E+01
   3.5300E+02   -3.2829E+01
   3.5400E+02   -3.1941E+01
   3.5500E+02   -3.1089E+01
   3.5600E+02   -3.0271E+01
   3.5700E+02   -2.9485E+01
   3.5800E+02   -2.8730E+01
   3.5900E+02   -2.8003E+01
   3.6000E+02   -2.7303E+01
   3.6100E+02   -2.6630E+01
   3.6200E+02   -2.5981E+01
   3.6300E+02   -2.5355E+01
   3.6400E+02   -2.4752E+01
   3.6500E+02   -2.4171E+01
   3.6600E+02   -2.3609E+01
   3.6700E+02   -2.3067E+01
   3.6800E+02   -2.2544E+01
   3.6900E+02   -2.2040E+01
   3.7000E+02   -2.1552E+01
   3.7100E+02   -2.1081E+01
   3.7200E+02   -2.0627E+01
   3.7300E+02   -2.0188E+01
   3.7400E+02   -1.9764E+01
   3.7500E+02   -1.9353E+01
   3.7600E+02   -1.8956E+01
   3.7700E+02   -1.8570E+01
   3.7800E+02   -1.8196E+01
   3.7900E+02   -1.7831E+01
   3.8000E+02   -1.7476E+01
   3.8100E+02   -1.7130E+01
   3.8200E+02   -1.6793E+01
   3.8300E+02   -1.6465E+01
   3.8400E+02   -1.6144E+01
   3.8500E+02   -1.5833E+01
   3.8600E+02   -1.5529E+01
   3.8700E+02   -1.5233E+01
   3.8800E+02   -1.4945E+01
   3.8900E+02   -1.4665E+01
   3.9000E+02   -1.4392E+01
   3.9100E+02   -1.4126E+01
   3.9200E+02   -1.3867E+01
   3.9300E+02   -1.3614E+01
   3.9400E+02   -1.3368E+01
   3.9500E+02   -1.3129E+01
   3.9600E+02   -1.2895E+01
   3.9700E+02   -1.2667E+01
   3.9800E+02   -1.2445E+01
   3.9900E+02   -1.2229E+01
   4.0000E+02   -1.2017E+01
   4.0100E+02   -1.1811E+01
   4.0200E+02   -1.1610E+01
   4.0300E+02   -1.1413E+01
   4.0400E+02   -1.1221E+01
   4.0500E+02   -1.1034E+01
   4.0600E+02   -1.0851E+01
   4.0700E+02   -1.0672E+01
   4.0800E+02   -1.0498E+01
   4.0900E+02   -1.0327E+01
   4.1000E+02   -1.0160E+01
   4.1100E+02   -9.9970E+00
   4.1200E+02   -9.8376E+00
   4.1300E+02   -9.6817E+00
   4.1400E+02   -9.5292E+00
   4.1500E+02   -9.3801E+00
   4.1600E+02   -9.2343E+00
   4.1700E+02   -9.0917E+00
   4.1800E+02   -8.9522E+00
   4.1900E+02   -8.8157E+00
   4.2000E+02   -8.6823E+00
   4.2100E+02   -8.5518E+00
   4.2200E+02   -8.4241E+00
   4.2300E+02   -8.2993E+00
   4.2400E+02   -8.1771E+00
   4.2500E+02   -8.0576E+00
   4.2600E+02   -7.9405E+00
   4.2700E+02   -7.8257E+00
   4.2800E+02   -7.7131E+00
   4.2900E+02   -7.6026E+00
   4.3000E+02   -7.4942E+00
   4.3100E+02   -7.3877E+00
   4.3200E+02   -7.2831E+00
   4.3300E+02   -7.1804E+00
   4.3400E+02   -7.0797E+00
   4.3500E+02   -6.9807E+00
   4.3600E+02   -6.8836E+00
   4.3700E+02   -6.7883E+00
   4.3800E+02   -6.6947E+00
   4.3900E+02   -6.6029E+00
   4.4000E+02   -6.5128E+00
   4.4100E+02   -6.4243E+00
   4.4200E+02   -6.3375E+00
   4.4300E+02   -6.2522E+00
   4.4400E+02   -6.1685E+00
   4.4500E+02   -6.0863E+00
   4.4600E+02   -6.0056E+00
   4.4700E+02   -5.9264E+00
   4.4800E+02   -5.8486E+00
   4.4900E+02   -5.7721E+00
   4.5000E+02   -5.6970E+00
   4.5100E+02   -5.6232E+00
   4.5200E+02   -5.5507E+00
   4.5300E+02   -5.4795E+00
   4.5400E+02   -5.4095E+00
   4.5500E+02   -5.3407E+00
   4.5600E+02   -5.2731E+00
   4.5700E+02   -5.2066E+00
   4.5800E+02   -5.1413E+00
   4.5900E+02   -5.0771E+00
   4.6000E+02   -5.0139E+00
   4.6100E+02   -4.9518E+00
   4.6200E+02   -4.8908E+00
   4.6300E+02   -4.8307E+00
   4.6400E+02   -4.7717E+00
   4.6500E+02   -4.7136E+00
   4.6600E+02   -4.6565E+00
   4.6700E+02   -4.6003E+00
   4.6800E+02   -4.5450E+00
   4.6900E+02   -4.4907E+00
   4.7000E+02   -4.4372E+00
   4.7100E+02   -4.3846E+00
   4.7200E+02   -4.3328E+00
   4.7300E+02   -4.2819E+00
   4.7400E+02   -4.2317E+00
   4.7500E+02   -4.1824E+00
   4.7600E+02   -4.1338E+00
   4.7700E+02   -4.0860E+00
   4.7800E+02   -4.0389E+00
   4.7900E+02   -3.9926E+00
   4.8000E+02   -3.9469E+00
   4.8100E+02   -3.9019E+00
   4.8200E+02   -3.8575E+00
   4.8300E+02   -3.8139E+00
   4.8400E+02   -3.7709E+00
   4.8500E+02   -3.7285E+00
   4.8600E+02   -3.6867E+00
   4.8700E+02   -3.6456E+00
   4.8800E+02   -3.6051E+00
   4.8900E+02   -3.5652E+00
   4.9000E+02   -3.5258E+00
   4.9100E+02   -3.4871E+00
   4.9200E+02   -3.4489E+00
   4.9300E+02   -3.4112E+00
   4.9400E+02   -3.3741E+00
   4.9500E+02   -3.3376E+00
   4.9600E+02   -3.3015E+00
   4.9700E+02   -3.2660E+00
   4.9800E+02   -3.2310E+00
   4.9900E+02   -3.1965E+00
   1.0000E+00   -4.5320E+00
   2.0000E+00   -4.5606E+00
   3.0000E+00   -4.5895E+00
   4.0000E+00   -4.6188E+00
   5.0000E+00   -4.6483E+00
   6.0000E+00   -4.6781E+00
   7.0000E+00   -4.7083E+00
   8.0000E+00   -4.7388E+00
   9.0000E+00   -4.7696E+00
   1.0000E+01   -4.8007E+00
   1.1000E+01   -4.8322E+00
   1.2000E+01   -4.8640E+00
   1.3000E+01   -4.8962E+00
   1.4000E+01   -4.9287E+00
   1.5000E+01   -4.9616E+00
   1.6000E+01   -4.9948E+00
   1.7000E+01   -5.0285E+00
   1.8000E+01   -5.0624E+00
   1.9000E+01   -5.0968E+00
   2.0000E+01   -5.1316E+00
   2.1000E+01   -5.1667E+00
   2.2000E+01   -5.2023E+00
   2.3000E+01   -5.2382E+00
   2.4000E+01   -5.2746E+00
   2.5000E+01   -5.3113E+00
   2.6000E+01   -5.3485E+00
   2.7000E+01   -5.3862E+00
   2.8000E+01   -5.4242E+00
   2.9000E+01   -5.4627E+00
   3.0000E+01   -5.5017E+00
   3.1000E+01   -5.5411E+00
   3.2000E+01   -5.5810E+00
   3.3000E+01   -5.6213E+00
   3.4000E+01   -5.6622E+00
   3.5000E+01   -5.7035E+00
   3.6000E+01   -5.7453E+00
   3.7000E+01   -5.7876E+00
   3.8000E+01   -5.8305E+00
   3.9000E+01   -5.8739E+00
   4.0000E+01   -5.9177E+00
   4.1000E+01   -5.9622E+00
   4.2000E+01   -6.0072E+00
   4.3000E+01   -6.0527E+00
   4.4000E+01   -6.0988E+00
   4.5000E+01   -6.1455E+00
   4.6000E+01   -6.1928E+00
   4.7000E+01   -6.2406E+00
   4.8000E+01   -6.2891E+00
   4.9000E+01   -6.3382E+00
   5.1000E+01   -6.4383E+00
   5.2000E+01   -6.4893E+00
   5.3000E+01   -6.5410E+00
   5.4000E+01   -6.5933E+00
   5.5000E+01   -6.6464E+00
   5.6000E+01   -6.7001E+00
   5.7000E+01   -6.7545E+00
   5.8000E+01   -6.8097E+00
   5.9000E+01   -6.8656E+00
   6.0000E+01   -6.9223E+00
   6.1000E+01   -6.9797E+00
   6.2000E+01   -7.0379E+00
   6.3000E+01   -7.0969E+00
   6.4000E+01   -7.1567E+00
   6.5000E+01   -7.2173E+00
   6.6000E+01   -7.2788E+00
   6.7000E+01   -7.3411E+00
   6.8000E+01   -7.4043E+00
   6.9000E+01   -7.4684E+00
   7.0000E+01   -7.5334E+00
   7.1000E+01   -7.5993E+00
   7.2000E+01   -7.6661E+00
   7.3000E+01   -7.7339E+00
   7.4000E+01   -7.8027E+00
   7.5000E+01   -7.8725E+00
   7.6000E+01   -7.9433E+00
   7.7000E+01   -8.0151E+00
   7.8000E+01   -8.0880E+00
   7.9000E+01   -8.1620E+00
   8.0000E+01   -8.2370E+00
   8.1000E+01   -8.3132E+00
   8.2000E+01   -8.3906E+00
   8.3000E+01   -8.4691E+00
   8.4000E+01   -8.5488E+00
   8.5000E+01   -8.6297E+00
   8.6000E+01   -8.7118E+00
   8.7000E+01   -8.7953E+00
   8.8000E+01   -8.8800E+00
   8.9000E+01   -8.9660E+00
   9.0000E+01   -9.0534E+00
   9.1000E+01   -9.1422E+00
   9.2000E+01   -9.2324E+00
   9.3000E+01   -9.3241E+00
   9.4000E+01   -9.4172E+00
   9.5000E+01   -9.5118E+00
   9.6000E+01   -9.6079E+00
   9.7000E+01   -9.7057E+00
   9.8000E+01   -9.8050E+00
   9.9000E+01   -9.9060E+00
   1.0100E+02   -1.0113E+01
   1.0200E+02   -1.0219E+01
   1.0300E+02   -1.0327E+01
   1.0400E+02   -1.0437E+01
   1.0500E+02   -1.0549E+01
   1.0600E+02   -1.0662E+01
   1.0700E+02   -1.0778E+01
   1.0800E+02   -1.0895E+01
   1.0900E+02   -1.1015E+01
   1.1000E+02   -1.1137E+01
   1.1100E+02   -1.1261E+01
   1.1200E+02   -1.1387E+01
   1.1300E+02   -1.1515E+01
   1.1400E+02   -1.1646E+01
   1.1500E+02   -1.1779E+01
   1.1600E+02   -1.1915E+01
   1.1700E+02   -1.2053E+01
   1.1800E+02   -1.2194E+01
   1.1900E+02   -1.2337E+01
   1.2000E+02   -1.2483E+01
   1.2100E+02   -1.2632E+01
   1.2200E+02   -1.2783E+01
   1.2300E+02   -1.2938E+01
   1.2400E+02   -1.3095E+01
   1.2500E+02   -1.3256E+01
   1.2600E+02   -1.3420E+01
   1.2700E+02   -1.3587E+01
   1.2800E+02   -1.3757E+01
   1.2900E+02   -1.3931E+01
   1.3000E+02   -1.4109E+01
   1.3100E+02   -1.4290E+01
   1.3200E+02   -1.4474E+01
   1.3300E+02   -1.4663E+01
   1.3400E+02   -1.4855E+01
   1.3500E+02   -1.5051E+01
   1.3600E+02   -1.5252E+01
   1.3700E+02   -1.5457E+01
   1.3800E+02   -1.5666E+01
   1.3900E+02   -1.5880E+01
   1.4000E+02   -1.6098E+01
   1.4100E+02   -1.6322E+01
   1.4200E+02   -1.6550E+01
   1.4300E+02   -1.6783E+01
   1.4400E+02   -1.7022E+01
   1.4500E+02   -1.7265E+01
   1.4600E+02   -1.7515E+01
   1.4700E+02   -1.7770E+01
   1.4800E+02   -1.8031E+01
   1.4900E+02   -1.8298E+01
   1.5100E+02   -1.8852E+01
   1.5200E+02   -1.9139E+01
   1.5300E+02   -1.9432E+01
   1.5400E+02   -1.9733E+01
   1.5500E+02   -2.0041E+01
   1.5600E+02   -2.0357E+01
   1.5700E+02   -2.0681E+01
   1.5800E+02   -2.1013E+01
   1.5900E+02   -2.1353E+01
   1.6000E+02   -2.1702E+01
   1.6100E+02   -2.2060E+01
   1.6200E+02   -2.2428E+01
   1.6300E+02   -2.2805E+01
   1.6400E+02   -2.3192E+01
   1.6500E+02   -2.3590E+01
   1.6600E+02   -2.3998E+01
   1.6700E+02   -2.4418E+01
   1.6800E+02   -2.4849E+01
   1.6900E+02   -2.5292E+01
   1.7000E+02   -2.5748E+01
   1.7100E+02   -2.6217E+01
   1.7200E+02   -2.6699E+01
   1.7300E+02   -2.7195E+01
   1.7400E+02   -2.7705E+01
   1.7500E+02   -2.8231E+01
   1.7600E+02   -2.8773E+01
   1.7700E+02   -2.9331E+01
   1.7800E+02   -2.9905E+01
   1.7900E+02   -3.0498E+01
   1.8000E+02   -3.1109E+01
   1.8100E+02   -3.1739E+01
   1.8200E+02   -3.2390E+01
   1.8300E+02   -3.3061E+01
   1.8400E+02   -3.3754E+01
   1.8500E+02   -3.4471E+01
   1.8600E+02   -3.5210E+01
   1.8700E+02   -3.5975E+01
   1.8800E+02   -3.6766E+01
   1.8900E+02   -3.7584E+01
   1.9000E+02   -3.8431E+01
   1.9100E+02   -3.9308E+01
   1.9200E+02   -4.0216E+01
   1.9300E+02   -4.1156E+01
   1.9400E+02   -4.2131E+01
   1.9500E+02   -4.3143E+01
   1.9600E+02   -4.4192E+01
   1.9700E+02   -4.5281E+01
   1.9800E+02   -4.6412E+01
   1.9900E+02   -4.7587E+01
   2.0100E+02   -5.0080E+01
   2.0200E+02   -5.1402E+01
   2.0300E+02   -5.2778E+01
   2.0400E+02   -5.4212E+01
   2.0500E+02   -5.5707E+01
   2.0600E+02   -5.7266E+01
   2.0700E+02   -5.8892E+01
   2.0800E+02   -6.0591E+01
   2.0900E+02   -6.2365E+01
   2.1000E+02   -6.4221E+01
   2.1100E+02   -6.6162E+01
   2.1200E+02   -6.8194E+01
   2.1300E+02   -7.0323E+01
   2.1400E+02   -7.2555E+01
   2.1500E+02   -7.4897E+01
   2.1600E+02   -7.7355E+01
   2.1700E+02   -7.9939E+01
   2.1800E+02   -8.2656E+01
   2.1900E+02   -8.5516E+01
   2.2000E+02   -8.8528E+01
   2.2100E+02   -9.1705E+01
   2.2200E+02   -9.5057E+01
   2.2300E+02   -9.8598E+01
   2.2400E+02   -1.0234E+02
   2.2500E+02   -1.0631E+02
   2.2600E+02   -1.1050E+02
   2.2700E+02   -1.1496E+02
   2.2800E+02   -1.1969E+02
   2.2900E+02   -1.2472E+02
   2.3000E+02   -1.3007E+02
   2.3100E+02   -1.3577E+02
   2.3200E+02   -1.4186E+02
   2.3300E+02   -1.4836E+02
   2.3400E+02   -1.5531E+02
   2.3500E+02   -1.6276E+02
   2.3600E+02   -1.7076E+02
   2.3700E+02   -1.7935E+02
   2.3800E+02   -1.8860E+02
   2.3900E+02   -1.9857E+02
   2.4000E+02   -2.0934E+02
   2.4100E+02   -2.2098E+02
   2.4200E+02   -2.3360E+02
   2.4300E+02   -2.4729E+02
   2.4400E+02   -2.6219E+02
   2.4500E+02   -2.7842E+02
   2.4600E+02   -2.9615E+02
   2.4700E+02   -3.1554E+02
   2.4800E+02   -3.3680E+02
   2.4900E+02   -3.6016E+02
   2.5100E+02   -4.1422E+02
   2.5200E+02   -4.4557E+02
   2.5300E+02   -4.8028E+02
   2.5400E+02   -5.1878E+02
   2.5500E+02   -5.6155E+02
   2.5600E+02   -6.0913E+02
   2.5700E+02   -6.6209E+02
   2.5800E+02   -7.2106E+02
   2.5900E+02   -7.8669E+02
   2.6000E+02   -8.5960E+02
   2.6100E+02   -9.4037E+02
   2.6200E+02   -1.0294E+03
   2.6300E+02   -1.1269E+03
   2.6400E+02   -1.2325E+03
   2.6500E+02   -1.3452E+03
   2.6600E+02   -1.4630E+03
   2.6700E+02   -1.5830E+03
   2.6800E+02   -1.7005E+03
   2.6900E+02   -1.8097E+03
   2.7000E+02   -1.9036E+03
   2.7100E+02   -1.9751E+03
   2.7200E+02   -2.0178E+03
   2.7300E+02   -2.0277E+03
   2.7400E+02   -2.0035E+03
   2.7500E+02   -1.9475E+03
   2.7600E+02   -1.8648E+03
   2.7700E+02   -1.7621E+03
   2.7800E+02   -1.6467E+03
   2.7900E+02   -1.5254E+03
   2.8000E+02   -1.4037E+03
   2.8100E+02   -1.2855E+03
   2.8200E+02   -1.1736E+03
   2.8300E+02   -1.0696E+03
   2.8400E+02   -9.7420E+02
   2.8500E+02   -8.8744E+02
   2.8600E+02   -8.0907E+02
   2.8700E+02   -7.3856E+02
   2.8800E+02   -6.7527E+02
   2.8900E+02   -6.1854E+02
   2.9000E+02   -5.6770E+02
   2.9100E+02   -5.2212E+02
   2.9200E+02   -4.8121E+02
   2.9300E+02   -4.4444E+02
   2.9400E+02   -4.1134E+02
   2.9500E+02   -3.8149E+02
   2.9600E+02   -3.5452E+02
   2.9700E+02   -3.3010E+02
   2.9800E+02   -3.0794E+02
   2.9900E+02   -2.8779E+02
   3.0100E+02   -2.5269E+02
   3.0200E+02   -2.3736E+02
   3.0300E+02   -2.2331E+02
   3.0400E+02   -2.1041E+02
   3.0500E+02   -1.9853E+02
   3.0600E+02   -1.8759E+02
   3.0700E+02   -1.7749E+02
   3.0800E+02   -1.6814E+02
   3.0900E+02   -1.5948E+02
   3.1000E+02   -1.5144E+02
   3.1100E+02   -1.4397E+02
   3.1200E+02   -1.3702E+02
   3.1300E+02   -1.3053E+02
   3.1400E+02   -1.2448E+02
   3.1500E+02   -1.1882E+02
   3.1600E+02   -1.1353E+02
   3.1700E+02   -1.0856E+02
   3.1800E+02   -1.0391E+02
   3.1900E+02   -9.9531E+01
   3.2000E+02   -9.5415E+01
   3.2100E+02   -9.1540E+01
   3.2200E+02   -8.7887E+01
   3.2300E+02   -8.4441E+01
   3.2400E+02   -8.1185E+01
   3.2500E+02   -7.8107E+01
   3.2600E+02   -7.5195E+01
   3.2700E+02   -7.2436E+01
   3.2800E+02   -6.9820E+01
   3.2900E+02   -6.7338E+01
   3.3000E+02   -6.4981E+01
   3.3100E+02   -6.2741E+01
   3.3200E+02   -6.0611E+01
   3.3300E+02   -5.8583E+01
   3.3400E+02   -5.6651E+01
   3.3500E+02   -5.4809E+01
   3.3600E+02   -5.3052E+01
   3.3700E+02   -5.1375E+01
   3.3800E+02   -4.9773E+01
   3.3900E+02   -4.8242E+01
   3.4000E+02   -4.6778E+01
   3.4100E+02   -4.5377E+01
   3.4200E+02   -4.4035E+01
   3.4300E+02   -4.2749E+01
   3.4400E+02   -4.1517E+01
   3.4500E+02   -4.0335E+01
   3.4600E+02   -3.9200E+01
   3.4700E+02   -3.8111E+01
   3.4800E+02   -3.7064E+01
   3.4900E+02   -3.6058E+01
   3.5100E+02   -3.4161E+01
   3.5200E+02   -3.3265E+01
   3.5300E+02   -3.2403E+01
   3.5400E+02   -3.1572E+01
   3.5500E+02   -3.0771E+01
   3.5600E+02   -2.9999E+01
   3.5700E+02   -2.9254E+01
   3.5800E+02   -2.8536E+01
   3.5900E+02   -2.7842E+01
   3.6000E+02   -2.7172E+01
   3.6100E+02   -2.6525E+01
   3.6200E+02   -2.5900E+01
   3.6300E+02   -2.5295E+01
   3.6400E+02   -2.4710E+01
   3.6500E+02   -2.4144E+01
   3.6600E+02   -2.3597E+01
   3.6700E+02   -2.3067E+01
   3.6800E+02   -2.2554E+01
   3.6900E+02   -2.2057E+01
   3.7000E+02   -2.1575E+01
   3.7100E+02   -2.1108E+01
   3.7200E+02   -2.0655E+01
   3.7300E+02   -2.0216E+01
   3.7400E+02   -1.9790E+01
   3.7500E+02   -1.9376E+01
   3.7600E+02   -1.8975E+01
   3.7700E+02   -1.8585E+01
   3.7800E+02   -1.8207E+01
   3.7900E+02   -1.7839E+01
   3.8000E+02   -1.7482E+01
   3.8100E+02   -1.7135E+01
   3.8200E+02   -1.6797E+01
   3.8300E+02   -1.6469E+01
   3.8400E+02   -1.6149E+01
   3.8500E+02   -1.5839E+01
   3.8600E+02   -1.5536E+01
   3.8700E+02   -1.5242E+01
   3.8800E+02   -1.4955E+01
   3.8900E+02   -1.4676E+01
   3.9000E+02   -1.4405E+01
   3.9100E+02   -1.4140E+01
   3.9200E+02   -1.3882E+01
   3.9300E+02   -1.3631E+01
   3.9400E+02   -1.3385E+01
   3.9500E+02   -1.3147E+01
   3.9600E+02   -1.2914E+01
   3.9700E+02   -1.2686E+01
   3.9800E+02   -1.2465E+01
   3.9900E+02   -1.2248E+01
   4.0100E+02   -1.1831E+01
   4.0200E+02   -1.1630E+01
   4.0300E+02   -1.1433E+01
   4.0400E+02   -1.1241E+01
   4.0500E+02   -1.1054E+01
   4.0600E+02   -1.0871E+01
   4.0700E+02   -1.0692E+01
   4.0800E+02   -1.0517E+01
   4.0900E+02   -1.0346E+01
   4.1000E+02   -1.0179E+01
   4.1100E+02   -1.0016E+01
   4.1200E+02   -9.8562E+00
   4.1300E+02   -9.7000E+00
   4.1400E+02   -9.5472E+00
   4.1500E+02   -9.3977E+00
   4.1600E+02   -9.2514E+00
   4.1700E+02   -9.1083E+00
   4.1800E+02   -8.9682E+00
   4.1900E+02   -8.8311E+00
   4.2000E+02   -8.6969E+00
   4.2100E+02   -8.5654E+00
   4.2200E+02   -8.4367E+00
   4.2300E+02   -8.3106E+00
   4.2400E+02   -8.1871E+00
   4.2500E+02   -8.0662E+00
   4.2600E+02   -7.9476E+00
   4.2700E+02   -7.8315E+00
   4.2800E+02   -7.7177E+00
   4.2900E+02   -7.6061E+00
   4.3000E+02   -7.4967E+00
   4.3100E+02   -7.3895E+00
   4.3200E+02   -7.2844E+00
   4.3300E+02   -7.1813E+00
   4.3400E+02   -7.0802E+00
   4.3500E+02   -6.9811E+00
   4.3600E+02   -6.8838E+00
   4.3700E+02   -6.7884E+00
   4.3800E+02   -6.6948E+00
   4.3900E+02   -6.6029E+00
   4.4000E+02   -6.5128E+00
   4.4100E+02   -6.4243E+00
   4.4200E+02   -6.3375E+00
   4.4300E+02   -6.2522E+00
   4.4400E+02   -6.1685E+00
   4.4500E+02   -6.0863E+00
   4.4600E+02   -6.0056E+00
   4.4700E+02   -5.9264E+00
   4.4800E+02   -5.8486E+00
   4.4900E+02   -5.7721E+00
   4.5100E+02   -5.6232E+00
   4.5200E+02   -5.5507E+00
   4.5300E+02   -5.4795E+00
   4.5400E+02   -5.4095E+00
   4.5500E+02   -5.3407E+00
   4.5600E+02   -5.2731E+00
   4.5700E+02   -5.2066E+00
   4.5800E+02   -5.1413E+00
   4.5900E+02   -5.0771E+00
   4.6000E+02   -5.0139E+00
   4.6100E+02   -4.9518E+00
   4.6200E+02   -4.8908E+00
   4.6300E+02   -4.8307E+00
   4.6400E+02   -4.7717E+00
   4.6500E+02   -4.7136E+00
   4.6600E+02   -4.6565E+00
   4.6700E+02   -4.6003E+00
   4.6800E+02   -4.5450E+00
   4.6900E+02   -4.4907E+00
   4.7000E+02   -4.4372E+00
   4.7100E+02   -4.3846E+00
   4.7200E+02   -4.3328E+00
   4.7300E+02   -4.2819E+00
   4.7400E+02   -4.2317E+00
   4.7500E+02   -4.1824E+00
   4.7600E+02   -4.1338E+00
   4.7700E+02   -4.0860E+00
   4.7800E+02   -4.0389E+00
   4.7900E+02   -3.9926E+00
   4.8000E+02   -3.9469E+00
   4.8100E+02   -3.9019E+00
   4.8200E+02   -3.8575E+00
   4.8300E+02   -3.8139E+00
   4.8400E+02   -3.7709E+00
   4.8500E+02   -3.7285E+00
   4.8600E+02   -3.6867E+00
   4.8700E+02   -3.6456E+00
   4.8800E+02   -3.6051E+00
   4.8900E+02   -3.5652E+00
   4.9000E+02   -3.5258E+00
   4.9100E+02   -3.4871E+00
   4.9200E+02   -3.4489E+00
   4.9300E+02   -3.4112E+00
   4.9400E+02   -3.3741E+00
   4.9500E+02   -3.3376E+00
   4.9600E+02   -3.3015E+00
   4.9700E+02   -3.2660E+00
   4.9800E+02   -3.2310E+00
   4.9900E+02   -3.1965E+00
   5.0000E+02   -3.1624E+00
   0.0000E+00   -5.5841E+01
   5.0000E+01   -6.4265E+01
   1.0000E+02   -1.1393E+02
   1.5000E+02   -2.2771E+04
   2.0000E+02    1.3000E+02
   2.5000E+02    1.0139E+02
   3.0000E+02    2.7812E+03
   3.5000E+02   -3.5732E+01
   4.0000E+02   -1.2017E+01
   4.5000E+02   -5.6970E+00
   5.0000E+02   -3.1624E+00
