# node 38046
   0.0000E+00   -1.6747E+02
   1.0000E+00   -1.6747E+02
   2.0000E+00   -1.6749E+02
   3.0000E+00   -1.6753E+02
   4.0000E+00   -1.6758E+02
   5.0000E+00   -1.6764E+02
   6.0000E+00   -1.6771E+02
   7.0000E+00   -1.6780E+02
   8.0000E+00   -1.6790E+02
   9.0000E+00   -1.6802E+02
   1.0000E+01   -1.6815E+02
   1.1000E+01   -1.6829E+02
   1.2000E+01   -1.6845E+02
   1.3000E+01   -1.6862E+02
   1.4000E+01   -1.6880E+02
   1.5000E+01   -1.6900E+02
   1.6000E+01   -1.6921E+02
   1.7000E+01   -1.6943E+02
   1.8000E+01   -1.6966E+02
   1.9000E+01   -1.6991E+02
   2.0000E+01   -1.7017E+02
   2.1000E+01   -1.7043E+02
   2.2000E+01   -1.7071E+02
   2.3000E+01   -1.7100E+02
   2.4000E+01   -1.7131E+02
   2.5000E+01   -1.7163E+02
   2.6000E+01   -1.7197E+02
   2.7000E+01   -1.7233E+02
   2.8000E+01   -1.7271E+02
   2.9000E+01   -1.7310E+02
   3.0000E+01   -1.7352E+02
   3.1000E+01   -1.7396E+02
   3.2000E+01   -1.7442E+02
   3.3000E+01   -1.7490E+02
   3.4000E+01   -1.7539E+02
   3.5000E+01   -1.7591E+02
   3.6000E+01   -1.7645E+02
   3.7000E+01   -1.7700E+02
   3.8000E+01   -1.7757E+02
   3.9000E+01   -1.7817E+02
   4.0000E+01   -1.7878E+02
   4.1000E+01   -1.7942E+02
   4.2000E+01   -1.8007E+02
   4.3000E+01   -1.8075E+02
   4.4000E+01   -1.8145E+02
   4.5000E+01   -1.8217E+02
   4.6000E+01   -1.8291E+02
   4.7000E+01   -1.8368E+02
   4.8000E+01   -1.8447E+02
   4.9000E+01   -1.8528E+02
   5.0000E+01   -1.8612E+02
   5.1000E+01   -1.8698E+02
   5.2000E+01   -1.8787E+02
   5.3000E+01   -1.8879E+02
   5.4000E+01   -1.8973E+02
   5.5000E+01   -1.9070E+02
   5.6000E+01   -1.9170E+02
   5.7000E+01   -1.9273E+02
   5.8000E+01   -1.9380E+02
   5.9000E+01   -1.9489E+02
   6.0000E+01   -1.9601E+02
   6.1000E+01   -1.9717E+02
   6.2000E+01   -1.9836E+02
   6.3000E+01   -1.9959E+02
   6.4000E+01   -2.0085E+02
   6.5000E+01   -2.0215E+02
   6.6000E+01   -2.0349E+02
   6.7000E+01   -2.0487E+02
   6.8000E+01   -2.0630E+02
   6.9000E+01   -2.0776E+02
   7.0000E+01   -2.0928E+02
   7.1000E+01   -2.1084E+02
   7.2000E+01   -2.1245E+02
   7.3000E+01   -2.1412E+02
   7.4000E+01   -2.1584E+02
   7.5000E+01   -2.1762E+02
   7.6000E+01   -2.1945E+02
   7.7000E+01   -2.2134E+02
   7.8000E+01   -2.2329E+02
   7.9000E+01   -2.2528E+02
   8.0000E+01   -2.2730E+02
   8.1000E+01   -2.2932E+02
   8.2000E+01   -2.3121E+02
   8.3000E+01   -2.3266E+02
   8.4000E+01   -2.3157E+02
   8.5000E+01   -2.6264E+02
   8.6000E+01   -2.4743E+02
   8.7000E+01   -2.4840E+02
   8.8000E+01   -2.5058E+02
   8.9000E+01   -2.5319E+02
   9.0000E+01   -2.5602E+02
   9.1000E+01   -2.5902E+02
   9.2000E+01   -2.6217E+02
   9.3000E+01   -2.6545E+02
   9.4000E+01   -2.6886E+02
   9.5000E+01   -2.7241E+02
   9.6000E+01   -2.7610E+02
   9.7000E+01   -2.7994E+02
   9.8000E+01   -2.8394E+02
   9.9000E+01   -2.8810E+02
   1.0000E+02   -2.9244E+02
   1.0100E+02   -2.9696E+02
   1.0200E+02   -3.0168E+02
   1.0300E+02   -3.0661E+02
   1.0400E+02   -3.1176E+02
   1.0500E+02   -3.1715E+02
   1.0600E+02   -3.2279E+02
   1.0700E+02   -3.2871E+02
   1.0800E+02   -3.3491E+02
   1.0900E+02   -3.4143E+02
   1.1000E+02   -3.4828E+02
   1.1100E+02   -3.5549E+02
   1.1200E+02   -3.6309E+02
   1.1300E+02   -3.7110E+02
   1.1400E+02   -3.7955E+02
   1.1500E+02   -3.8849E+02
   1.1600E+02   -3.9794E+02
   1.1700E+02   -4.0795E+02
   1.1800E+02   -4.1855E+02
   1.1900E+02   -4.2979E+02
   1.2000E+02   -4.4171E+02
   1.2100E+02   -4.5436E+02
   1.2200E+02   -4.6780E+02
   1.2300E+02   -4.8210E+02
   1.2400E+02   -4.9735E+02
   1.2500E+02   -5.1369E+02
   1.2600E+02   -5.3128E+02
   1.2700E+02   -5.5034E+02
   1.2800E+02   -5.7113E+02
   1.2900E+02   -5.9397E+02
   1.3000E+02   -6.1919E+02
   1.3100E+02   -6.4720E+02
   1.3200E+02   -6.7845E+02
   1.3300E+02   -7.1351E+02
   1.3400E+02   -7.5304E+02
   1.3500E+02   -7.9791E+02
   1.3600E+02   -8.4921E+02
   1.3700E+02   -9.0837E+02
   1.3800E+02   -9.7728E+02
   1.3900E+02   -1.0585E+03
   1.4000E+02   -1.1558E+03
   1.4100E+02   -1.2741E+03
   1.4200E+02   -1.4212E+03
   1.4300E+02   -1.6090E+03
   1.4400E+02   -1.8571E+03
   1.4500E+02   -2.2001E+03
   1.4600E+02   -2.7052E+03
   1.4700E+02   -3.5228E+03
   1.4800E+02   -5.0727E+03
   1.4900E+02   -9.1372E+03
   1.5000E+02   -4.8116E+04
   1.5100E+02    1.4522E+04
   1.5200E+02    6.2692E+03
   1.5300E+02    3.9813E+03
   1.5400E+02    2.9080E+03
   1.5500E+02    2.2850E+03
   1.5600E+02    1.8781E+03
   1.5700E+02    1.5914E+03
   1.5800E+02    1.3785E+03
   1.5900E+02    1.2142E+03
   1.6000E+02    1.0836E+03
   1.6100E+02    9.7718E+02
   1.6200E+02    8.8886E+02
   1.6300E+02    8.1438E+02
   1.6400E+02    7.5071E+02
   1.6500E+02    6.9565E+02
   1.6600E+02    6.4758E+02
   1.6700E+02    6.0523E+02
   1.6800E+02    5.6765E+02
   1.6900E+02    5.3407E+02
   1.7000E+02    5.0388E+02
   1.7100E+02    4.7659E+02
   1.7200E+02    4.5180E+02
   1.7300E+02    4.2919E+02
   1.7400E+02    4.0848E+02
   1.7500E+02    3.8943E+02
   1.7600E+02    3.7185E+02
   1.7700E+02    3.5559E+02
   1.7800E+02    3.4048E+02
   1.7900E+02    3.2642E+02
   1.8000E+02    3.1330E+02
   1.8100E+02    3.0101E+02
   1.8200E+02    2.8949E+02
   1.8300E+02    2.7865E+02
   1.8400E+02    2.6845E+02
   1.8500E+02    2.5881E+02
   1.8600E+02    2.4970E+02
   1.8700E+02    2.4107E+02
   1.8800E+02    2.3288E+02
   1.8900E+02    2.2511E+02
   1.9000E+02    2.1771E+02
   1.9100E+02    2.1067E+02
   1.9200E+02    2.0395E+02
   1.9300E+02    1.9753E+02
   1.9400E+02    1.9140E+02
   1.9500E+02    1.8553E+02
   1.9600E+02    1.7991E+02
   1.9700E+02    1.7452E+02
   1.9800E+02    1.6934E+02
   1.9900E+02    1.6436E+02
   2.0000E+02    1.5957E+02
   2.0100E+02    1.5496E+02
   2.0200E+02    1.5051E+02
   2.0300E+02    1.4621E+02
   2.0400E+02    1.4207E+02
   2.0500E+02    1.3806E+02
   2.0600E+02    1.3418E+02
   2.0700E+02    1.3043E+02
   2.0800E+02    1.2679E+02
   2.0900E+02    1.2326E+02
   2.1000E+02    1.1983E+02
   2.1100E+02    1.1651E+02
   2.1200E+02    1.1327E+02
   2.1300E+02    1.1013E+02
   2.1400E+02    1.0706E+02
   2.1500E+02    1.0408E+02
   2.1600E+02    1.0118E+02
   2.1700E+02    9.8347E+01
   2.1800E+02    9.5585E+01
   2.1900E+02    9.2889E+01
   2.2000E+02    9.0254E+01
   2.2100E+02    8.7677E+01
   2.2200E+02    8.5155E+01
   2.2300E+02    8.2683E+01
   2.2400E+02    8.0257E+01
   2.2500E+02    7.7875E+01
   2.2600E+02    7.5533E+01
   2.2700E+02    7.3227E+01
   2.2800E+02    7.0956E+01
   2.2900E+02    6.8716E+01
   2.3000E+02    6.6506E+01
   2.3100E+02    6.4322E+01
   2.3200E+02    6.2162E+01
   2.3300E+02    6.0025E+01
   2.3400E+02    5.7908E+01
   2.3500E+02    5.5809E+01
   2.3600E+02    5.3727E+01
   2.3700E+02    5.1658E+01
   2.3800E+02    4.9601E+01
   2.3900E+02    4.7554E+01
   2.4000E+02    4.5515E+01
   2.4100E+02    4.3481E+01
   2.4200E+02    4.1451E+01
   2.4300E+02    3.9421E+01
   2.4400E+02    3.7391E+01
   2.4500E+02    3.5357E+01
   2.4600E+02    3.3317E+01
   2.4700E+02    3.1268E+01
   2.4800E+02    2.9208E+01
   2.4900E+02    2.7134E+01
   2.5000E+02    2.5044E+01
   2.5100E+02    2.2933E+01
   2.5200E+02    2.0799E+01
   2.5300E+02    1.8639E+01
   2.5400E+02    1.6449E+01
   2.5500E+02    1.4225E+01
   2.5600E+02    1.1963E+01
   2.5700E+02    9.6586E+00
   2.5800E+02    7.3068E+00
   2.5900E+02    4.9027E+00
   2.6000E+02    2.4405E+00
   2.6100E+02   -8.5707E-02
   2.6200E+02   -2.6828E+00
   2.6300E+02   -5.3580E+00
   2.6400E+02   -8.1194E+00
   2.6500E+02   -1.0976E+01
   2.6600E+02   -1.3938E+01
   2.6700E+02   -1.7016E+01
   2.6800E+02   -2.0223E+01
   2.6900E+02   -2.3573E+01
   2.7000E+02   -2.7081E+01
   2.7100E+02   -3.0765E+01
   2.7200E+02   -3.4646E+01
   2.7300E+02   -3.8746E+01
   2.7400E+02   -4.3091E+01
   2.7500E+02   -4.7712E+01
   2.7600E+02   -5.2641E+01
   2.7700E+02   -5.7919E+01
   2.7800E+02   -6.3590E+01
   2.7900E+02   -6.9709E+01
   2.8000E+02   -7.6340E+01
   2.8100E+02   -8.3559E+01
   2.8200E+02   -9.1461E+01
   2.8300E+02   -1.0016E+02
   2.8400E+02   -1.0980E+02
   2.8500E+02   -1.2056E+02
   2.8600E+02   -1.3266E+02
   2.8700E+02   -1.4640E+02
   2.8800E+02   -1.6216E+02
   2.8900E+02   -1.8044E+02
   2.9000E+02   -2.0193E+02
   2.9100E+02   -2.2762E+02
   2.9200E+02   -2.5888E+02
   2.9300E+02   -2.9781E+02
   2.9400E+02   -3.4771E+02
   2.9500E+02   -4.1406E+02
   2.9600E+02   -5.0669E+02
   2.9700E+02   -6.4532E+02
   2.9800E+02   -8.7579E+02
   2.9900E+02   -1.3353E+03
   3.0000E+02   -2.7055E+03
   3.0100E+02   -3.3511E+05
   3.0200E+02    2.8412E+03
   3.0300E+02    1.4366E+03
   3.0400E+02    9.7069E+02
   3.0500E+02    7.3803E+02
   3.0600E+02    5.9843E+02
   3.0700E+02    5.0530E+02
   3.0800E+02    4.3870E+02
   3.0900E+02    3.8868E+02
   3.1000E+02    3.4970E+02
   3.1100E+02    3.1845E+02
   3.1200E+02    2.9282E+02
   3.1300E+02    2.7141E+02
   3.1400E+02    2.5324E+02
   3.1500E+02    2.3762E+02
   3.1600E+02    2.2404E+02
   3.1700E+02    2.1211E+02
   3.1800E+02    2.0155E+02
   3.1900E+02    1.9213E+02
   3.2000E+02    1.8366E+02
   3.2100E+02    1.7601E+02
   3.2200E+02    1.6905E+02
   3.2300E+02    1.6270E+02
   3.2400E+02    1.5688E+02
   3.2500E+02    1.5152E+02
   3.2600E+02    1.4658E+02
   3.2700E+02    1.4199E+02
   3.2800E+02    1.3773E+02
   3.2900E+02    1.3377E+02
   3.3000E+02    1.3006E+02
   3.3100E+02    1.2659E+02
   3.3200E+02    1.2333E+02
   3.3300E+02    1.2026E+02
   3.3400E+02    1.1736E+02
   3.3500E+02    1.1463E+02
   3.3600E+02    1.1203E+02
   3.3700E+02    1.0957E+02
   3.3800E+02    1.0724E+02
   3.3900E+02    1.0501E+02
   3.4000E+02    1.0289E+02
   3.4100E+02    1.0086E+02
   3.4200E+02    9.8922E+01
   3.4300E+02    9.7067E+01
   3.4400E+02    9.5290E+01
   3.4500E+02    9.3585E+01
   3.4600E+02    9.1947E+01
   3.4700E+02    9.0373E+01
   3.4800E+02    8.8859E+01
   3.4900E+02    8.7400E+01
   3.5000E+02    8.5993E+01
   3.5100E+02    8.4636E+01
   3.5200E+02    8.3326E+01
   3.5300E+02    8.2060E+01
   3.5400E+02    8.0836E+01
   3.5500E+02    7.9652E+01
   3.5600E+02    7.8505E+01
   3.5700E+02    7.7393E+01
   3.5800E+02    7.6316E+01
   3.5900E+02    7.5270E+01
   3.6000E+02    7.4256E+01
   3.6100E+02    7.3271E+01
   3.6200E+02    7.2314E+01
   3.6300E+02    7.1384E+01
   3.6400E+02    7.0480E+01
   3.6500E+02    6.9602E+01
   3.6600E+02    6.8748E+01
   3.6700E+02    6.7918E+01
   3.6800E+02    6.7111E+01
   3.6900E+02    6.6326E+01
   3.7000E+02    6.5563E+01
   3.7100E+02    6.4821E+01
   3.7200E+02    6.4097E+01
   3.7300E+02    6.3392E+01
   3.7400E+02    6.2702E+01
   3.7500E+02    6.2026E+01
   3.7600E+02    6.1363E+01
   3.7700E+02    6.0713E+01
   3.7800E+02    6.0075E+01
   3.7900E+02    5.9448E+01
   3.8000E+02    5.8833E+01
   3.8100E+02    5.8229E+01
   3.8200E+02    5.7637E+01
   3.8300E+02    5.7056E+01
   3.8400E+02    5.6486E+01
   3.8500E+02    5.5927E+01
   3.8600E+02    5.5379E+01
   3.8700E+02    5.4841E+01
   3.8800E+02    5.4314E+01
   3.8900E+02    5.3796E+01
   3.9000E+02    5.3288E+01
   3.9100E+02    5.2789E+01
   3.9200E+02    5.2300E+01
   3.9300E+02    5.1819E+01
   3.9400E+02    5.1347E+01
   3.9500E+02    5.0883E+01
   3.9600E+02    5.0427E+01
   3.9700E+02    4.9980E+01
   3.9800E+02    4.9539E+01
   3.9900E+02    4.9107E+01
   4.0000E+02    4.8681E+01
   4.0100E+02    4.8263E+01
   4.0200E+02    4.7851E+01
   4.0300E+02    4.7447E+01
   4.0400E+02    4.7048E+01
   4.0500E+02    4.6656E+01
   4.0600E+02    4.6271E+01
   4.0700E+02    4.5891E+01
   4.0800E+02    4.5517E+01
   4.0900E+02    4.5149E+01
   4.1000E+02    4.4787E+01
   4.1100E+02    4.4430E+01
   4.1200E+02    4.4078E+01
   4.1300E+02    4.3732E+01
   4.1400E+02    4.3391E+01
   4.1500E+02    4.3055E+01
   4.1600E+02    4.2725E+01
   4.1700E+02    4.2400E+01
   4.1800E+02    4.2080E+01
   4.1900E+02    4.1765E+01
   4.2000E+02    4.1455E+01
   4.2100E+02    4.1151E+01
   4.2200E+02    4.0852E+01
   4.2300E+02    4.0557E+01
   4.2400E+02    4.0267E+01
   4.2500E+02    3.9980E+01
   4.2600E+02    3.9697E+01
   4.2700E+02    3.9417E+01
   4.2800E+02    3.9139E+01
   4.2900E+02    3.8865E+01
   4.3000E+02    3.8593E+01
   4.3100E+02    3.8323E+01
   4.3200E+02    3.8057E+01
   4.3300E+02    3.7794E+01
   4.3400E+02    3.7533E+01
   4.3500E+02    3.7275E+01
   4.3600E+02    3.7021E+01
   4.3700E+02    3.6769E+01
   4.3800E+02    3.6521E+01
   4.3900E+02    3.6275E+01
   4.4000E+02    3.6032E+01
   4.4100E+02    3.5792E+01
   4.4200E+02    3.5555E+01
   4.4300E+02    3.5321E+01
   4.4400E+02    3.5089E+01
   4.4500E+02    3.4860E+01
   4.4600E+02    3.4634E+01
   4.4700E+02    3.4410E+01
   4.4800E+02    3.4189E+01
   4.4900E+02    3.3970E+01
   4.5000E+02    3.3754E+01
   4.5100E+02    3.3540E+01
   4.5200E+02    3.3329E+01
   4.5300E+02    3.3120E+01
   4.5400E+02    3.2913E+01
   4.5500E+02    3.2709E+01
   4.5600E+02    3.2506E+01
   4.5700E+02    3.2306E+01
   4.5800E+02    3.2108E+01
   4.5900E+02    3.1913E+01
   4.6000E+02    3.1719E+01
   4.6100E+02    3.1527E+01
   4.6200E+02    3.1337E+01
   4.6300E+02    3.1150E+01
   4.6400E+02    3.0964E+01
   4.6500E+02    3.0780E+01
   4.6600E+02    3.0598E+01
   4.6700E+02    3.0418E+01
   4.6800E+02    3.0240E+01
   4.6900E+02    3.0064E+01
   4.7000E+02    2.9889E+01
   4.7100E+02    2.9717E+01
   4.7200E+02    2.9546E+01
   4.7300E+02    2.9377E+01
   4.7400E+02    2.9209E+01
   4.7500E+02    2.9043E+01
   4.7600E+02    2.8879E+01
   4.7700E+02    2.8717E+01
   4.7800E+02    2.8555E+01
   4.7900E+02    2.8396E+01
   4.8000E+02    2.8238E+01
   4.8100E+02    2.8081E+01
   4.8200E+02    2.7925E+01
   4.8300E+02    2.7771E+01
   4.8400E+02    2.7619E+01
   4.8500E+02    2.7468E+01
   4.8600E+02    2.7318E+01
   4.8700E+02    2.7170E+01
   4.8800E+02    2.7023E+01
   4.8900E+02    2.6877E+01
   4.9000E+02    2.6733E+01
   4.9100E+02    2.6589E+01
   4.9200E+02    2.6448E+01
   4.9300E+02    2.6307E+01
   4.9400E+02    2.6168E+01
   4.9500E+02    2.6030E+01
   4.9600E+02    2.5893E+01
   4.9700E+02    2.5757E+01
   4.9800E+02    2.5623E+01
   4.9900E+02    2.5490E+01
   5.0000E+02    2.5358E+01
