# node 37735
   0.0000E+00   -5.5547E+01
   1.0000E+00   -5.5550E+01
   2.0000E+00   -5.5559E+01
   3.0000E+00   -5.5574E+01
   4.0000E+00   -5.5596E+01
   5.0000E+00   -5.5623E+01
   6.0000E+00   -5.5657E+01
   7.0000E+00   -5.5697E+01
   8.0000E+00   -5.5743E+01
   9.0000E+00   -5.5796E+01
   1.0000E+01   -5.5854E+01
   1.1000E+01   -5.5919E+01
   1.2000E+01   -5.5990E+01
   1.3000E+01   -5.6067E+01
   1.4000E+01   -5.6150E+01
   1.5000E+01   -5.6239E+01
   1.6000E+01   -5.6334E+01
   1.7000E+01   -5.6435E+01
   1.8000E+01   -5.6541E+01
   1.9000E+01   -5.6652E+01
   2.0000E+01   -5.6769E+01
   2.1000E+01   -5.6889E+01
   2.2000E+01   -5.7014E+01
   2.3000E+01   -5.7143E+01
   2.4000E+01   -5.7275E+01
   2.5000E+01   -5.7413E+01
   2.6000E+01   -5.7556E+01
   2.7000E+01   -5.7705E+01
   2.8000E+01   -5.7863E+01
   2.9000E+01   -5.8030E+01
   3.0000E+01   -5.8207E+01
   3.1000E+01   -5.8395E+01
   3.2000E+01   -5.8594E+01
   3.3000E+01   -5.8803E+01
   3.4000E+01   -5.9023E+01
   3.5000E+01   -5.9253E+01
   3.6000E+01   -5.9493E+01
   3.7000E+01   -5.9742E+01
   3.8000E+01   -6.0001E+01
   3.9000E+01   -6.0270E+01
   4.0000E+01   -6.0548E+01
   4.1000E+01   -6.0835E+01
   4.2000E+01   -6.1133E+01
   4.3000E+01   -6.1440E+01
   4.4000E+01   -6.1757E+01
   4.5000E+01   -6.2084E+01
   4.6000E+01   -6.2422E+01
   4.7000E+01   -6.2770E+01
   4.8000E+01   -6.3129E+01
   4.9000E+01   -6.3500E+01
   5.0000E+01   -6.3882E+01
   5.1000E+01   -6.4276E+01
   5.2000E+01   -6.4681E+01
   5.3000E+01   -6.5099E+01
   5.4000E+01   -6.5530E+01
   5.5000E+01   -6.5974E+01
   5.6000E+01   -6.6432E+01
   5.7000E+01   -6.6903E+01
   5.8000E+01   -6.7389E+01
   5.9000E+01   -6.7889E+01
   6.0000E+01   -6.8405E+01
   6.1000E+01   -6.8937E+01
   6.2000E+01   -6.9486E+01
   6.3000E+01   -7.0053E+01
   6.4000E+01   -7.0639E+01
   6.5000E+01   -7.1246E+01
   6.6000E+01   -7.1875E+01
   6.7000E+01   -7.2528E+01
   6.8000E+01   -7.3208E+01
   6.9000E+01   -7.3918E+01
   7.0000E+01   -7.4660E+01
   7.1000E+01   -7.5437E+01
   7.2000E+01   -7.6252E+01
   7.3000E+01   -7.7104E+01
   7.4000E+01   -7.7992E+01
   7.5000E+01   -7.8913E+01
   7.6000E+01   -7.9862E+01
   7.7000E+01   -8.0836E+01
   7.8000E+01   -8.1831E+01
   7.9000E+01   -8.2845E+01
   8.0000E+01   -8.3878E+01
   8.1000E+01   -8.4933E+01
   8.2000E+01   -8.6013E+01
   8.3000E+01   -8.7119E+01
   8.4000E+01   -8.8255E+01
   8.5000E+01   -8.9425E+01
   8.6000E+01   -9.0632E+01
   8.7000E+01   -9.1878E+01
   8.8000E+01   -9.3166E+01
   8.9000E+01   -9.4500E+01
   9.0000E+01   -9.5882E+01
   9.1000E+01   -9.7314E+01
   9.2000E+01   -9.8800E+01
   9.3000E+01   -1.0034E+02
   9.4000E+01   -1.0195E+02
   9.5000E+01   -1.0361E+02
   9.6000E+01   -1.0534E+02
   9.7000E+01   -1.0715E+02
   9.8000E+01   -1.0903E+02
   9.9000E+01   -1.1098E+02
   1.0000E+02   -1.1302E+02
   1.0100E+02   -1.1515E+02
   1.0200E+02   -1.1738E+02
   1.0300E+02   -1.1970E+02
   1.0400E+02   -1.2213E+02
   1.0500E+02   -1.2468E+02
   1.0600E+02   -1.2734E+02
   1.0700E+02   -1.3014E+02
   1.0800E+02   -1.3308E+02
   1.0900E+02   -1.3616E+02
   1.1000E+02   -1.3940E+02
   1.1100E+02   -1.4282E+02
   1.1200E+02   -1.4642E+02
   1.1300E+02   -1.5023E+02
   1.1400E+02   -1.5424E+02
   1.1500E+02   -1.5849E+02
   1.1600E+02   -1.6298E+02
   1.1700E+02   -1.6775E+02
   1.1800E+02   -1.7280E+02
   1.1900E+02   -1.7817E+02
   1.2000E+02   -1.8386E+02
   1.2100E+02   -1.8992E+02
   1.2200E+02   -1.9637E+02
   1.2300E+02   -2.0324E+02
   1.2400E+02   -2.1058E+02
   1.2500E+02   -2.1844E+02
   1.2600E+02   -2.2692E+02
   1.2700E+02   -2.3610E+02
   1.2800E+02   -2.4610E+02
   1.2900E+02   -2.5707E+02
   1.3000E+02   -2.6915E+02
   1.3100E+02   -2.8254E+02
   1.3200E+02   -2.9745E+02
   1.3300E+02   -3.1413E+02
   1.3400E+02   -3.3289E+02
   1.3500E+02   -3.5413E+02
   1.3600E+02   -3.7834E+02
   1.3700E+02   -4.0617E+02
   1.3800E+02   -4.3847E+02
   1.3900E+02   -4.7639E+02
   1.4000E+02   -5.2151E+02
   1.4100E+02   -5.7607E+02
   1.4200E+02   -6.4336E+02
   1.4300E+02   -7.2840E+02
   1.4400E+02   -8.3924E+02
   1.4500E+02   -9.8970E+02
   1.4600E+02   -1.2056E+03
   1.4700E+02   -1.5413E+03
   1.4800E+02   -2.1348E+03
   1.4900E+02   -3.4681E+03
   1.5000E+02   -9.2075E+03
   1.5100E+02    1.4135E+04
   1.5200E+02    4.0049E+03
   1.5300E+02    2.3353E+03
   1.5400E+02    1.6495E+03
   1.5500E+02    1.2759E+03
   1.5600E+02    1.0408E+03
   1.5700E+02    8.7937E+02
   1.5800E+02    7.6162E+02
   1.5900E+02    6.7197E+02
   1.6000E+02    6.0145E+02
   1.6100E+02    5.4453E+02
   1.6200E+02    4.9765E+02
   1.6300E+02    4.5836E+02
   1.6400E+02    4.2498E+02
   1.6500E+02    3.9627E+02
   1.6600E+02    3.7132E+02
   1.6700E+02    3.4945E+02
   1.6800E+02    3.3013E+02
   1.6900E+02    3.1295E+02
   1.7000E+02    2.9758E+02
   1.7100E+02    2.8375E+02
   1.7200E+02    2.7125E+02
   1.7300E+02    2.5990E+02
   1.7400E+02    2.4955E+02
   1.7500E+02    2.4008E+02
   1.7600E+02    2.3136E+02
   1.7700E+02    2.2332E+02
   1.7800E+02    2.1587E+02
   1.7900E+02    2.0895E+02
   1.8000E+02    2.0250E+02
   1.8100E+02    1.9648E+02
   1.8200E+02    1.9085E+02
   1.8300E+02    1.8558E+02
   1.8400E+02    1.8063E+02
   1.8500E+02    1.7599E+02
   1.8600E+02    1.7162E+02
   1.8700E+02    1.6751E+02
   1.8800E+02    1.6364E+02
   1.8900E+02    1.5998E+02
   1.9000E+02    1.5652E+02
   1.9100E+02    1.5326E+02
   1.9200E+02    1.5016E+02
   1.9300E+02    1.4724E+02
   1.9400E+02    1.4446E+02
   1.9500E+02    1.4182E+02
   1.9600E+02    1.3932E+02
   1.9700E+02    1.3695E+02
   1.9800E+02    1.3469E+02
   1.9900E+02    1.3254E+02
   2.0000E+02    1.3049E+02
   2.0100E+02    1.2855E+02
   2.0200E+02    1.2670E+02
   2.0300E+02    1.2493E+02
   2.0400E+02    1.2326E+02
   2.0500E+02    1.2166E+02
   2.0600E+02    1.2013E+02
   2.0700E+02    1.1868E+02
   2.0800E+02    1.1730E+02
   2.0900E+02    1.1598E+02
   2.1000E+02    1.1473E+02
   2.1100E+02    1.1354E+02
   2.1200E+02    1.1240E+02
   2.1300E+02    1.1132E+02
   2.1400E+02    1.1030E+02
   2.1500E+02    1.0932E+02
   2.1600E+02    1.0840E+02
   2.1700E+02    1.0752E+02
   2.1800E+02    1.0668E+02
   2.1900E+02    1.0589E+02
   2.2000E+02    1.0513E+02
   2.2100E+02    1.0441E+02
   2.2200E+02    1.0373E+02
   2.2300E+02    1.0308E+02
   2.2400E+02    1.0246E+02
   2.2500E+02    1.0187E+02
   2.2600E+02    1.0131E+02
   2.2700E+02    1.0080E+02
   2.2800E+02    1.0032E+02
   2.2900E+02    9.9882E+01
   2.3000E+02    9.9495E+01
   2.3100E+02    9.9157E+01
   2.3200E+02    9.8869E+01
   2.3300E+02    9.8629E+01
   2.3400E+02    9.8436E+01
   2.3500E+02    9.8289E+01
   2.3600E+02    9.8184E+01
   2.3700E+02    9.8122E+01
   2.3800E+02    9.8101E+01
   2.3900E+02    9.8121E+01
   2.4000E+02    9.8180E+01
   2.4100E+02    9.8281E+01
   2.4200E+02    9.8422E+01
   2.4300E+02    9.8604E+01
   2.4400E+02    9.8829E+01
   2.4500E+02    9.9096E+01
   2.4600E+02    9.9408E+01
   2.4700E+02    9.9765E+01
   2.4800E+02    1.0017E+02
   2.4900E+02    1.0062E+02
   2.5000E+02    1.0113E+02
   2.5100E+02    1.0168E+02
   2.5200E+02    1.0229E+02
   2.5300E+02    1.0296E+02
   2.5400E+02    1.0369E+02
   2.5500E+02    1.0447E+02
   2.5600E+02    1.0533E+02
   2.5700E+02    1.0625E+02
   2.5800E+02    1.0725E+02
   2.5900E+02    1.0833E+02
   2.6000E+02    1.0949E+02
   2.6100E+02    1.1073E+02
   2.6200E+02    1.1207E+02
   2.6300E+02    1.1351E+02
   2.6400E+02    1.1506E+02
   2.6500E+02    1.1672E+02
   2.6600E+02    1.1851E+02
   2.6700E+02    1.2043E+02
   2.6800E+02    1.2250E+02
   2.6900E+02    1.2472E+02
   2.7000E+02    1.2712E+02
   2.7100E+02    1.2972E+02
   2.7200E+02    1.3252E+02
   2.7300E+02    1.3555E+02
   2.7400E+02    1.3883E+02
   2.7500E+02    1.4241E+02
   2.7600E+02    1.4629E+02
   2.7700E+02    1.5054E+02
   2.7800E+02    1.5518E+02
   2.7900E+02    1.6028E+02
   2.8000E+02    1.6590E+02
   2.8100E+02    1.7210E+02
   2.8200E+02    1.7898E+02
   2.8300E+02    1.8665E+02
   2.8400E+02    1.9525E+02
   2.8500E+02    2.0495E+02
   2.8600E+02    2.1596E+02
   2.8700E+02    2.2856E+02
   2.8800E+02    2.4311E+02
   2.8900E+02    2.6008E+02
   2.9000E+02    2.8014E+02
   2.9100E+02    3.0417E+02
   2.9200E+02    3.3348E+02
   2.9300E+02    3.6999E+02
   2.9400E+02    4.1670E+02
   2.9500E+02    4.7851E+02
   2.9600E+02    5.6413E+02
   2.9700E+02    6.9048E+02
   2.9800E+02    8.9556E+02
   2.9900E+02    1.2860E+03
   3.0000E+02    2.3189E+03
   3.0100E+02    1.2924E+04
   3.0200E+02   -3.5211E+03
   3.0300E+02   -1.5314E+03
   3.0400E+02   -9.7125E+02
   3.0500E+02   -7.0724E+02
   3.0600E+02   -5.5369E+02
   3.0700E+02   -4.5330E+02
   3.0800E+02   -3.8256E+02
   3.0900E+02   -3.3005E+02
   3.1000E+02   -2.8953E+02
   3.1100E+02   -2.5733E+02
   3.1200E+02   -2.3113E+02
   3.1300E+02   -2.0941E+02
   3.1400E+02   -1.9111E+02
   3.1500E+02   -1.7548E+02
   3.1600E+02   -1.6198E+02
   3.1700E+02   -1.5021E+02
   3.1800E+02   -1.3985E+02
   3.1900E+02   -1.3067E+02
   3.2000E+02   -1.2247E+02
   3.2100E+02   -1.1512E+02
   3.2200E+02   -1.0848E+02
   3.2300E+02   -1.0247E+02
   3.2400E+02   -9.7003E+01
   3.2500E+02   -9.2014E+01
   3.2600E+02   -8.7446E+01
   3.2700E+02   -8.3251E+01
   3.2800E+02   -7.9387E+01
   3.2900E+02   -7.5816E+01
   3.3000E+02   -7.2507E+01
   3.3100E+02   -6.9432E+01
   3.3200E+02   -6.6567E+01
   3.3300E+02   -6.3892E+01
   3.3400E+02   -6.1388E+01
   3.3500E+02   -5.9040E+01
   3.3600E+02   -5.6834E+01
   3.3700E+02   -5.4757E+01
   3.3800E+02   -5.2799E+01
   3.3900E+02   -5.0951E+01
   3.4000E+02   -4.9203E+01
   3.4100E+02   -4.7549E+01
   3.4200E+02   -4.5980E+01
   3.4300E+02   -4.4491E+01
   3.4400E+02   -4.3077E+01
   3.4500E+02   -4.1731E+01
   3.4600E+02   -4.0450E+01
   3.4700E+02   -3.9229E+01
   3.4800E+02   -3.8064E+01
   3.4900E+02   -3.6951E+01
   3.5000E+02   -3.5888E+01
   3.5100E+02   -3.4871E+01
   3.5200E+02   -3.3897E+01
   3.5300E+02   -3.2964E+01
   3.5400E+02   -3.2070E+01
   3.5500E+02   -3.1213E+01
   3.5600E+02   -3.0389E+01
   3.5700E+02   -2.9598E+01
   3.5800E+02   -2.8838E+01
   3.5900E+02   -2.8106E+01
   3.6000E+02   -2.7403E+01
   3.6100E+02   -2.6725E+01
   3.6200E+02   -2.6072E+01
   3.6300E+02   -2.5443E+01
   3.6400E+02   -2.4837E+01
   3.6500E+02   -2.4252E+01
   3.6600E+02   -2.3687E+01
   3.6700E+02   -2.3143E+01
   3.6800E+02   -2.2617E+01
   3.6900E+02   -2.2109E+01
   3.7000E+02   -2.1619E+01
   3.7100E+02   -2.1146E+01
   3.7200E+02   -2.0689E+01
   3.7300E+02   -2.0248E+01
   3.7400E+02   -1.9821E+01
   3.7500E+02   -1.9408E+01
   3.7600E+02   -1.9009E+01
   3.7700E+02   -1.8621E+01
   3.7800E+02   -1.8244E+01
   3.7900E+02   -1.7878E+01
   3.8000E+02   -1.7521E+01
   3.8100E+02   -1.7173E+01
   3.8200E+02   -1.6834E+01
   3.8300E+02   -1.6504E+01
   3.8400E+02   -1.6182E+01
   3.8500E+02   -1.5869E+01
   3.8600E+02   -1.5564E+01
   3.8700E+02   -1.5267E+01
   3.8800E+02   -1.4978E+01
   3.8900E+02   -1.4697E+01
   3.9000E+02   -1.4423E+01
   3.9100E+02   -1.4156E+01
   3.9200E+02   -1.3896E+01
   3.9300E+02   -1.3643E+01
   3.9400E+02   -1.3396E+01
   3.9500E+02   -1.3155E+01
   3.9600E+02   -1.2921E+01
   3.9700E+02   -1.2693E+01
   3.9800E+02   -1.2470E+01
   3.9900E+02   -1.2252E+01
   4.0000E+02   -1.2040E+01
   4.0100E+02   -1.1834E+01
   4.0200E+02   -1.1632E+01
   4.0300E+02   -1.1435E+01
   4.0400E+02   -1.1242E+01
   4.0500E+02   -1.1054E+01
   4.0600E+02   -1.0871E+01
   4.0700E+02   -1.0691E+01
   4.0800E+02   -1.0516E+01
   4.0900E+02   -1.0345E+01
   4.1000E+02   -1.0178E+01
   4.1100E+02   -1.0014E+01
   4.1200E+02   -9.8544E+00
   4.1300E+02   -9.6981E+00
   4.1400E+02   -9.5452E+00
   4.1500E+02   -9.3957E+00
   4.1600E+02   -9.2495E+00
   4.1700E+02   -9.1065E+00
   4.1800E+02   -8.9667E+00
   4.1900E+02   -8.8299E+00
   4.2000E+02   -8.6961E+00
   4.2100E+02   -8.5653E+00
   4.2200E+02   -8.4373E+00
   4.2300E+02   -8.3122E+00
   4.2400E+02   -8.1898E+00
   4.2500E+02   -8.0699E+00
   4.2600E+02   -7.9526E+00
   4.2700E+02   -7.8376E+00
   4.2800E+02   -7.7248E+00
   4.2900E+02   -7.6141E+00
   4.3000E+02   -7.5054E+00
   4.3100E+02   -7.3986E+00
   4.3200E+02   -7.2938E+00
   4.3300E+02   -7.1910E+00
   4.3400E+02   -7.0899E+00
   4.3500E+02   -6.9908E+00
   4.3600E+02   -6.8934E+00
   4.3700E+02   -6.7979E+00
   4.3800E+02   -6.7041E+00
   4.3900E+02   -6.6121E+00
   4.4000E+02   -6.5218E+00
   4.4100E+02   -6.4331E+00
   4.4200E+02   -6.3461E+00
   4.4300E+02   -6.2607E+00
   4.4400E+02   -6.1768E+00
   4.4500E+02   -6.0945E+00
   4.4600E+02   -6.0136E+00
   4.4700E+02   -5.9342E+00
   4.4800E+02   -5.8562E+00
   4.4900E+02   -5.7796E+00
   4.5000E+02   -5.7043E+00
   4.5100E+02   -5.6304E+00
   4.5200E+02   -5.5578E+00
   4.5300E+02   -5.4864E+00
   4.5400E+02   -5.4163E+00
   4.5500E+02   -5.3473E+00
   4.5600E+02   -5.2796E+00
   4.5700E+02   -5.2130E+00
   4.5800E+02   -5.1476E+00
   4.5900E+02   -5.0832E+00
   4.6000E+02   -5.0199E+00
   4.6100E+02   -4.9577E+00
   4.6200E+02   -4.8966E+00
   4.6300E+02   -4.8364E+00
   4.6400E+02   -4.7773E+00
   4.6500E+02   -4.7191E+00
   4.6600E+02   -4.6619E+00
   4.6700E+02   -4.6056E+00
   4.6800E+02   -4.5502E+00
   4.6900E+02   -4.4958E+00
   4.7000E+02   -4.4423E+00
   4.7100E+02   -4.3896E+00
   4.7200E+02   -4.3378E+00
   4.7300E+02   -4.2868E+00
   4.7400E+02   -4.2367E+00
   4.7500E+02   -4.1874E+00
   4.7600E+02   -4.1388E+00
   4.7700E+02   -4.0910E+00
   4.7800E+02   -4.0439E+00
   4.7900E+02   -3.9975E+00
   4.8000E+02   -3.9518E+00
   4.8100E+02   -3.9067E+00
   4.8200E+02   -3.8623E+00
   4.8300E+02   -3.8186E+00
   4.8400E+02   -3.7755E+00
   4.8500E+02   -3.7331E+00
   4.8600E+02   -3.6913E+00
   4.8700E+02   -3.6501E+00
   4.8800E+02   -3.6095E+00
   4.8900E+02   -3.5695E+00
   4.9000E+02   -3.5301E+00
   4.9100E+02   -3.4912E+00
   4.9200E+02   -3.4530E+00
   4.9300E+02   -3.4152E+00
   4.9400E+02   -3.3781E+00
   4.9500E+02   -3.3415E+00
   4.9600E+02   -3.3054E+00
   4.9700E+02   -3.2698E+00
   4.9800E+02   -3.2347E+00
   4.9900E+02   -3.2001E+00
   5.0000E+02   -3.1660E+00
