Scalar STRAINXY under Dynam for nodeset
189
   0.0000E+00
  0.0000E+00
  0.0000E+00
  0.0000E+00
  0.0000E+00
  0.0000E+00
  0.0000E+00
  0.0000E+00
  0.0000E+00
  0.0000E+00
  0.0000E+00
  0.0000E+00
  0.0000E+00
  0.0000E+00
  0.0000E+00
  0.0000E+00
  0.0000E+00
  0.0000E+00
  0.0000E+00
  0.0000E+00
  0.0000E+00
  0.0000E+00
  0.0000E+00
  0.0000E+00
  0.0000E+00
  0.0000E+00
  0.0000E+00
  0.0000E+00
  0.0000E+00
  0.0000E+00
  0.0000E+00
  0.0000E+00
  0.0000E+00
  0.0000E+00
  0.0000E+00
  0.0000E+00
  0.0000E+00
  0.0000E+00
  0.0000E+00
  0.0000E+00
  0.0000E+00
  0.0000E+00
  0.0000E+00
  0.0000E+00
  0.0000E+00
  0.0000E+00
  0.0000E+00
  0.0000E+00
  0.0000E+00
  0.0000E+00
  0.0000E+00
  0.0000E+00
  0.0000E+00
  0.0000E+00
  0.0000E+00
  0.0000E+00
  0.0000E+00
  0.0000E+00
  0.0000E+00
  0.0000E+00
  0.0000E+00
  0.0000E+00
  0.0000E+00
  0.0000E+00
  0.0000E+00
  0.0000E+00
  0.0000E+00
  0.0000E+00
  0.0000E+00
  0.0000E+00
  0.0000E+00
  0.0000E+00
  0.0000E+00
  0.0000E+00
  0.0000E+00
  0.0000E+00
  0.0000E+00
  0.0000E+00
  0.0000E+00
  0.0000E+00
  0.0000E+00
  0.0000E+00
  0.0000E+00
  0.0000E+00
  0.0000E+00
  0.0000E+00
  0.0000E+00
  0.0000E+00
  0.0000E+00
  0.0000E+00
  0.0000E+00
  0.0000E+00
  0.0000E+00
  0.0000E+00
  0.0000E+00
  0.0000E+00
  0.0000E+00
  0.0000E+00
  0.0000E+00
  0.0000E+00
  0.0000E+00
  0.0000E+00
  0.0000E+00
  0.0000E+00
  0.0000E+00
  0.0000E+00
  0.0000E+00
  0.0000E+00
  0.0000E+00
  0.0000E+00
  0.0000E+00
  0.0000E+00
  0.0000E+00
  0.0000E+00
  0.0000E+00
  0.0000E+00
  0.0000E+00
  0.0000E+00
  0.0000E+00
  0.0000E+00
  0.0000E+00
  0.0000E+00
  0.0000E+00
  0.0000E+00
  0.0000E+00
  0.0000E+00
  0.0000E+00
  0.0000E+00
  0.0000E+00
  0.0000E+00
  0.0000E+00
  0.0000E+00
  0.0000E+00
  0.0000E+00
  0.0000E+00
  0.0000E+00
  0.0000E+00
  0.0000E+00
  0.0000E+00
  0.0000E+00
  0.0000E+00
  0.0000E+00
  0.0000E+00
  0.0000E+00
  0.0000E+00
  0.0000E+00
  0.0000E+00
  0.0000E+00
  0.0000E+00
  0.0000E+00
  0.0000E+00
  0.0000E+00
  0.0000E+00
  0.0000E+00
  0.0000E+00
  0.0000E+00
  0.0000E+00
  0.0000E+00
  0.0000E+00
  0.0000E+00
  0.0000E+00
  0.0000E+00
  0.0000E+00
  0.0000E+00
  0.0000E+00
  0.0000E+00
  0.0000E+00
  0.0000E+00
  0.0000E+00
  0.0000E+00
  0.0000E+00
  0.0000E+00
  0.0000E+00
  0.0000E+00
  0.0000E+00
  0.0000E+00
  0.0000E+00
  0.0000E+00
  0.0000E+00
  0.0000E+00
  0.0000E+00
  0.0000E+00
  0.0000E+00
  0.0000E+00
  0.0000E+00
  0.0000E+00
  0.0000E+00
  0.0000E+00
  0.0000E+00
  0.0000E+00
   3.0000E+02
  0.0000E+00
  0.0000E+00
  0.0000E+00
  0.0000E+00
  0.0000E+00
  0.0000E+00
  0.0000E+00
  0.0000E+00
  0.0000E+00
 -1.4110E-02
  6.4610E-15
  1.4110E-02
  1.4461E-14
  7.1704E-15
  9.4976E-17
  1.4110E-02
  9.9226E-15
 -1.4110E-02
  1.1479E-04
  1.1852E-14
 -1.1479E-04
  1.2892E-14
  7.7098E-15
 -1.4241E-15
 -1.1479E-04
 -1.2098E-15
  1.1479E-04
  3.3984E-02
  9.0136E-15
 -3.3984E-02
 -1.3961E-14
 -7.9450E-15
 -1.1102E-16
 -3.3984E-02
 -2.2619E-14
  3.3984E-02
 -6.3457E-03
 -3.8077E-16
  6.3457E-03
 -5.2736E-16
 -7.9460E-15
 -4.1486E-15
  6.3457E-03
 -1.1907E-14
 -6.3457E-03
 -3.7427E-02
 -6.7862E-15
  3.7427E-02
  1.9231E-14
 -2.7918E-15
 -3.0366E-14
  3.7427E-02
 -7.9242E-15
 -3.7427E-02
  3.6788E-02
  7.5513E-15
 -3.6788E-02
  3.9135E-15
  2.7987E-15
 -3.8164E-17
 -3.6788E-02
 -6.2016E-15
  3.6788E-02
 -1.5919E-03
  7.2514E-15
  1.5919E-03
 -1.0741E-14
 -1.1440E-15
  1.8412E-14
  1.5919E-03
 -3.0120E-15
 -1.5919E-03
 -3.0470E-03
 -1.1150E-14
  3.0470E-03
 -4.0801E-15
 -1.4269E-14
 -1.6195E-14
  3.0470E-03
 -1.7223E-14
 -3.0470E-03
  2.5896E-02
  1.2213E-14
 -2.5896E-02
 -8.7508E-15
  9.1172E-15
  1.2815E-14
 -2.5896E-02
 -4.9266E-16
  2.5896E-02
 -8.1270E-02
  1.2594E-14
  8.1270E-02
  2.4702E-15
  3.2876E-15
  8.4308E-15
  8.1270E-02
  7.4246E-16
 -8.1270E-02
  2.9079E-02
 -6.8869E-15
 -2.9079E-02
  9.7700E-15
  4.6858E-15
 -2.1346E-15
 -2.9079E-02
  1.6805E-14
  2.9079E-02
  7.1582E-02
 -9.5757E-16
 -7.1582E-02
 -8.6493E-15
  9.9473E-15
  2.2631E-14
 -7.1582E-02
  2.0796E-14
  7.1582E-02
 -6.7326E-02
  4.6421E-15
  6.7326E-02
 -4.0801E-14
 -8.3241E-15
  3.0080E-14
  6.7326E-02
 -1.1244E-14
 -6.7326E-02
  1.4099E-03
  4.3244E-14
 -1.4099E-03
  2.7173E-14
  1.3077E-14
  1.2836E-14
 -1.4099E-03
 -1.1608E-14
  1.4099E-03
  2.7888E-02
  2.7951E-14
 -2.7888E-02
  2.9983E-14
  1.8535E-14
 -7.6649E-15
 -2.7888E-02
 -1.1177E-14
  2.7888E-02
 -8.6368E-03
  1.2358E-14
  8.6368E-03
  3.4125E-14
  6.3709E-15
 -2.4978E-14
  8.6368E-03
  4.7267E-15
 -8.6368E-03
  7.9970E-04
  7.4091E-15
 -7.9970E-04
 -1.8846E-14
  7.6388E-15
  3.2718E-14
 -7.9970E-04
  7.6828E-15
  7.9970E-04
 -6.7636E-03
 -7.3943E-15
  6.7636E-03
 -3.8733E-14
 -5.2894E-15
  1.4756E-14
  6.7636E-03
 -2.7604E-15
 -6.7636E-03
 -1.3477E-02
 -1.6584E-14
  1.3477E-02
  1.7070E-14
 -3.5119E-15
 -2.9505E-14
  1.3477E-02
  1.0824E-14
 -1.3477E-02
 -2.9397E-02
 -4.3672E-14
  2.9397E-02
 -1.1249E-13
 -4.6083E-14
  1.3479E-14
  2.9397E-02
 -6.7953E-14
 -2.9397E-02
