Scalar STRESSP3 under Dynam for nodeset
189
   0.0000E+00
  0.0000E+00
  0.0000E+00
  0.0000E+00
  0.0000E+00
  0.0000E+00
  0.0000E+00
  0.0000E+00
  0.0000E+00
  0.0000E+00
  0.0000E+00
  0.0000E+00
  0.0000E+00
  0.0000E+00
  0.0000E+00
  0.0000E+00
  0.0000E+00
  0.0000E+00
  0.0000E+00
  0.0000E+00
  0.0000E+00
  0.0000E+00
  0.0000E+00
  0.0000E+00
  0.0000E+00
  0.0000E+00
  0.0000E+00
  0.0000E+00
  0.0000E+00
  0.0000E+00
  0.0000E+00
  0.0000E+00
  0.0000E+00
  0.0000E+00
  0.0000E+00
  0.0000E+00
  0.0000E+00
  0.0000E+00
  0.0000E+00
  0.0000E+00
  0.0000E+00
  0.0000E+00
  0.0000E+00
  0.0000E+00
  0.0000E+00
  0.0000E+00
  0.0000E+00
  0.0000E+00
  0.0000E+00
  0.0000E+00
  0.0000E+00
  0.0000E+00
  0.0000E+00
  0.0000E+00
  0.0000E+00
  0.0000E+00
  0.0000E+00
  0.0000E+00
  0.0000E+00
  0.0000E+00
  0.0000E+00
  0.0000E+00
  0.0000E+00
  0.0000E+00
  0.0000E+00
  0.0000E+00
  0.0000E+00
  0.0000E+00
  0.0000E+00
  0.0000E+00
  0.0000E+00
  0.0000E+00
  0.0000E+00
  0.0000E+00
  0.0000E+00
  0.0000E+00
  0.0000E+00
  0.0000E+00
  0.0000E+00
  0.0000E+00
  0.0000E+00
  0.0000E+00
  0.0000E+00
  0.0000E+00
  0.0000E+00
  0.0000E+00
  0.0000E+00
  0.0000E+00
  0.0000E+00
  0.0000E+00
  0.0000E+00
  0.0000E+00
  0.0000E+00
  0.0000E+00
  0.0000E+00
  0.0000E+00
  0.0000E+00
  0.0000E+00
  0.0000E+00
  0.0000E+00
  0.0000E+00
  0.0000E+00
  0.0000E+00
  0.0000E+00
  0.0000E+00
  0.0000E+00
  0.0000E+00
  0.0000E+00
  0.0000E+00
  0.0000E+00
  0.0000E+00
  0.0000E+00
  0.0000E+00
  0.0000E+00
  0.0000E+00
  0.0000E+00
  0.0000E+00
  0.0000E+00
  0.0000E+00
  0.0000E+00
  0.0000E+00
  0.0000E+00
  0.0000E+00
  0.0000E+00
  0.0000E+00
  0.0000E+00
  0.0000E+00
  0.0000E+00
  0.0000E+00
  0.0000E+00
  0.0000E+00
  0.0000E+00
  0.0000E+00
  0.0000E+00
  0.0000E+00
  0.0000E+00
  0.0000E+00
  0.0000E+00
  0.0000E+00
  0.0000E+00
  0.0000E+00
  0.0000E+00
  0.0000E+00
  0.0000E+00
  0.0000E+00
  0.0000E+00
  0.0000E+00
  0.0000E+00
  0.0000E+00
  0.0000E+00
  0.0000E+00
  0.0000E+00
  0.0000E+00
  0.0000E+00
  0.0000E+00
  0.0000E+00
  0.0000E+00
  0.0000E+00
  0.0000E+00
  0.0000E+00
  0.0000E+00
  0.0000E+00
  0.0000E+00
  0.0000E+00
  0.0000E+00
  0.0000E+00
  0.0000E+00
  0.0000E+00
  0.0000E+00
  0.0000E+00
  0.0000E+00
  0.0000E+00
  0.0000E+00
  0.0000E+00
  0.0000E+00
  0.0000E+00
  0.0000E+00
  0.0000E+00
  0.0000E+00
  0.0000E+00
  0.0000E+00
  0.0000E+00
  0.0000E+00
  0.0000E+00
  0.0000E+00
  0.0000E+00
  0.0000E+00
  0.0000E+00
  0.0000E+00
  0.0000E+00
   3.0000E+02
 -1.0679E+03
 -9.4595E+02
 -1.0679E+03
 -9.4595E+02
 -8.2820E+02
 -9.4595E+02
 -1.0679E+03
 -9.4595E+02
 -1.0679E+03
 -7.7565E+02
 -7.4962E+02
 -7.7565E+02
 -7.4962E+02
 -7.0599E+02
 -7.4962E+02
 -7.7565E+02
 -7.4962E+02
 -7.7565E+02
 -7.3152E+02
 -7.8802E+02
 -7.3152E+02
 -7.8802E+02
 -8.4225E+02
 -7.8802E+02
 -7.3152E+02
 -7.8802E+02
 -7.3152E+02
 -5.4459E+02
 -5.9734E+02
 -5.4459E+02
 -5.9734E+02
 -6.9419E+02
 -5.9734E+02
 -5.4459E+02
 -5.9734E+02
 -5.4459E+02
 -5.0442E+02
 -4.8744E+02
 -5.0442E+02
 -4.8744E+02
 -4.5345E+02
 -4.8744E+02
 -5.0442E+02
 -4.8744E+02
 -5.0442E+02
 -5.3158E+02
 -4.7457E+02
 -5.3158E+02
 -4.7457E+02
 -3.8296E+02
 -4.7457E+02
 -5.3158E+02
 -4.7457E+02
 -5.3158E+02
 -4.0242E+02
 -4.2522E+02
 -4.0242E+02
 -4.2522E+02
 -4.7753E+02
 -4.2522E+02
 -4.0242E+02
 -4.2522E+02
 -4.0242E+02
 -4.6520E+02
 -5.5890E+02
 -4.6520E+02
 -5.5890E+02
 -6.3828E+02
 -5.5890E+02
 -4.6520E+02
 -5.5890E+02
 -4.6520E+02
 -4.4009E+02
 -4.2143E+02
 -4.4009E+02
 -4.2143E+02
 -4.4246E+02
 -4.2143E+02
 -4.4009E+02
 -4.2143E+02
 -4.4009E+02
 -1.9564E+02
 -1.0370E+02
 -1.9564E+02
 -1.0370E+02
 -3.3298E+01
 -1.0370E+02
 -1.9564E+02
 -1.0370E+02
 -1.9564E+02
 -6.0692E+01
 -1.1535E+02
 -6.0692E+01
 -1.1535E+02
 -8.7563E+01
 -1.1535E+02
 -6.0692E+01
 -1.1535E+02
 -6.0692E+01
 -7.1808E+01
 -2.7695E+01
 -7.1808E+01
 -2.7695E+01
 -3.4060E+01
 -2.7695E+01
 -7.1808E+01
 -2.7695E+01
 -7.1808E+01
 -2.0613E+02
 -1.4536E+02
 -2.0613E+02
 -1.4536E+02
 -2.2242E+02
 -1.4536E+02
 -2.0613E+02
 -1.4536E+02
 -2.0613E+02
 -1.5391E+02
 -2.9275E+02
 -1.5391E+02
 -2.9275E+02
 -2.6056E+02
 -2.9275E+02
 -1.5391E+02
 -2.9275E+02
 -1.5391E+02
 -4.5436E+02
 -4.4262E+02
 -4.5436E+02
 -4.4262E+02
 -4.1056E+02
 -4.4262E+02
 -4.5436E+02
 -4.4262E+02
 -4.5436E+02
 -6.9905E+02
 -5.9553E+02
 -6.9905E+02
 -5.9553E+02
 -6.3273E+02
 -5.9553E+02
 -6.9905E+02
 -5.9553E+02
 -6.9905E+02
 -8.2167E+02
 -8.3596E+02
 -8.2167E+02
 -8.3596E+02
 -8.1952E+02
 -8.3596E+02
 -8.2167E+02
 -8.3596E+02
 -8.2167E+02
 -1.0419E+03
 -1.0214E+03
 -1.0419E+03
 -1.0214E+03
 -9.4303E+02
 -1.0214E+03
 -1.0419E+03
 -1.0214E+03
 -1.0419E+03
 -1.2147E+03
 -1.1617E+03
 -1.2147E+03
 -1.1617E+03
 -1.1350E+03
 -1.1617E+03
 -1.2147E+03
 -1.1617E+03
 -1.2147E+03
 -1.2369E+03
 -1.2337E+03
 -1.2369E+03
 -1.2337E+03
 -1.2544E+03
 -1.2337E+03
 -1.2369E+03
 -1.2337E+03
 -1.2369E+03
 -1.0096E+03
 -1.0328E+03
 -1.0096E+03
 -1.0328E+03
 -1.0623E+03
 -1.0328E+03
 -1.0096E+03
 -1.0328E+03
 -1.0096E+03
