Scalar STRAINXY under Dynam for nodeset
189
   0.0000E+00
  0.0000E+00
  0.0000E+00
  0.0000E+00
  0.0000E+00
  0.0000E+00
  0.0000E+00
  0.0000E+00
  0.0000E+00
  0.0000E+00
  0.0000E+00
  0.0000E+00
  0.0000E+00
  0.0000E+00
  0.0000E+00
  0.0000E+00
  0.0000E+00
  0.0000E+00
  0.0000E+00
  0.0000E+00
  0.0000E+00
  0.0000E+00
  0.0000E+00
  0.0000E+00
  0.0000E+00
  0.0000E+00
  0.0000E+00
  0.0000E+00
  0.0000E+00
  0.0000E+00
  0.0000E+00
  0.0000E+00
  0.0000E+00
  0.0000E+00
  0.0000E+00
  0.0000E+00
  0.0000E+00
  0.0000E+00
  0.0000E+00
  0.0000E+00
  0.0000E+00
  0.0000E+00
  0.0000E+00
  0.0000E+00
  0.0000E+00
  0.0000E+00
  0.0000E+00
  0.0000E+00
  0.0000E+00
  0.0000E+00
  0.0000E+00
  0.0000E+00
  0.0000E+00
  0.0000E+00
  0.0000E+00
  0.0000E+00
  0.0000E+00
  0.0000E+00
  0.0000E+00
  0.0000E+00
  0.0000E+00
  0.0000E+00
  0.0000E+00
  0.0000E+00
  0.0000E+00
  0.0000E+00
  0.0000E+00
  0.0000E+00
  0.0000E+00
  0.0000E+00
  0.0000E+00
  0.0000E+00
  0.0000E+00
  0.0000E+00
  0.0000E+00
  0.0000E+00
  0.0000E+00
  0.0000E+00
  0.0000E+00
  0.0000E+00
  0.0000E+00
  0.0000E+00
  0.0000E+00
  0.0000E+00
  0.0000E+00
  0.0000E+00
  0.0000E+00
  0.0000E+00
  0.0000E+00
  0.0000E+00
  0.0000E+00
  0.0000E+00
  0.0000E+00
  0.0000E+00
  0.0000E+00
  0.0000E+00
  0.0000E+00
  0.0000E+00
  0.0000E+00
  0.0000E+00
  0.0000E+00
  0.0000E+00
  0.0000E+00
  0.0000E+00
  0.0000E+00
  0.0000E+00
  0.0000E+00
  0.0000E+00
  0.0000E+00
  0.0000E+00
  0.0000E+00
  0.0000E+00
  0.0000E+00
  0.0000E+00
  0.0000E+00
  0.0000E+00
  0.0000E+00
  0.0000E+00
  0.0000E+00
  0.0000E+00
  0.0000E+00
  0.0000E+00
  0.0000E+00
  0.0000E+00
  0.0000E+00
  0.0000E+00
  0.0000E+00
  0.0000E+00
  0.0000E+00
  0.0000E+00
  0.0000E+00
  0.0000E+00
  0.0000E+00
  0.0000E+00
  0.0000E+00
  0.0000E+00
  0.0000E+00
  0.0000E+00
  0.0000E+00
  0.0000E+00
  0.0000E+00
  0.0000E+00
  0.0000E+00
  0.0000E+00
  0.0000E+00
  0.0000E+00
  0.0000E+00
  0.0000E+00
  0.0000E+00
  0.0000E+00
  0.0000E+00
  0.0000E+00
  0.0000E+00
  0.0000E+00
  0.0000E+00
  0.0000E+00
  0.0000E+00
  0.0000E+00
  0.0000E+00
  0.0000E+00
  0.0000E+00
  0.0000E+00
  0.0000E+00
  0.0000E+00
  0.0000E+00
  0.0000E+00
  0.0000E+00
  0.0000E+00
  0.0000E+00
  0.0000E+00
  0.0000E+00
  0.0000E+00
  0.0000E+00
  0.0000E+00
  0.0000E+00
  0.0000E+00
  0.0000E+00
  0.0000E+00
  0.0000E+00
  0.0000E+00
  0.0000E+00
  0.0000E+00
  0.0000E+00
  0.0000E+00
  0.0000E+00
  0.0000E+00
  0.0000E+00
  0.0000E+00
  0.0000E+00
  0.0000E+00
   3.0000E+00
  0.0000E+00
  0.0000E+00
  0.0000E+00
  0.0000E+00
  0.0000E+00
  0.0000E+00
  0.0000E+00
  0.0000E+00
  0.0000E+00
 -9.2900E-08
 -7.2421E-19
  9.2900E-08
 -2.2779E-17
  4.9237E-22
  2.2779E-17
  9.2900E-08
  7.2529E-19
 -9.2900E-08
 -7.8687E-08
 -1.5969E-18
  7.8687E-08
 -4.4865E-17
 -3.0335E-22
  4.4864E-17
  7.8687E-08
  1.5976E-18
 -7.8687E-08
 -2.3366E-07
 -2.6629E-18
  2.3366E-07
 -5.7789E-17
 -5.7459E-21
  5.7787E-17
  2.3366E-07
  2.6570E-18
 -2.3366E-07
 -4.3108E-07
 -4.1202E-18
  4.3108E-07
 -5.7522E-17
 -5.8711E-21
  5.7506E-17
  4.3108E-07
  4.1225E-18
 -4.3108E-07
 -8.3331E-07
 -6.1304E-18
  8.3331E-07
 -4.4938E-17
  3.6319E-21
  4.4956E-17
  8.3331E-07
  6.1254E-18
 -8.3331E-07
 -1.6114E-06
 -8.3418E-18
  1.6114E-06
 -2.7227E-17
  1.4941E-20
  2.7216E-17
  1.6114E-06
  8.3646E-18
 -1.6114E-06
 -3.1176E-06
 -9.8989E-18
  3.1176E-06
 -1.3231E-17
  8.9823E-21
  1.3312E-17
  3.1176E-06
  9.9392E-18
 -3.1176E-06
 -6.0359E-06
 -9.3004E-18
  6.0359E-06
 -7.0812E-18
  3.5593E-20
  7.1413E-18
  6.0359E-06
  9.2672E-18
 -6.0359E-06
 -1.1690E-05
 -4.2563E-18
  1.1690E-05
 -6.0309E-18
  5.5069E-20
  6.2553E-18
  1.1690E-05
  4.3681E-18
 -1.1690E-05
 -2.2637E-05
  5.4261E-18
  2.2637E-05
 -5.2313E-18
  2.3716E-20
  5.0830E-18
  2.2637E-05
 -5.3609E-18
 -2.2637E-05
 -4.3831E-05
  1.8870E-17
  4.3831E-05
  2.4395E-18
 -2.3398E-21
 -2.2836E-18
  4.3831E-05
 -1.8657E-17
 -4.3831E-05
 -8.4869E-05
  2.9236E-17
  8.4869E-05
  1.6805E-17
 -8.8362E-19
 -1.7754E-17
  8.4869E-05
 -3.0920E-17
 -8.4869E-05
 -1.6435E-04
  3.8862E-17
  1.6435E-04
  3.8381E-17
 -1.8032E-18
 -4.0265E-17
  1.6435E-04
 -4.2609E-17
 -1.6435E-04
 -3.1801E-04
  4.3531E-17
  3.1801E-04
  7.3292E-17
  3.9092E-18
 -6.2111E-17
  3.1801E-04
 -3.5887E-17
 -3.1801E-04
 -6.1761E-04
  3.0222E-17
  6.1761E-04
  8.8471E-17
 -1.0465E-17
 -1.0541E-16
  6.1761E-04
 -4.5808E-17
 -6.1761E-04
 -1.1535E-03
  1.8486E-17
  1.1535E-03
  9.7145E-17
 -3.3988E-18
 -8.1153E-17
  1.1535E-03
 -3.1984E-17
 -1.1535E-03
 -2.7879E-03
  2.2551E-17
  2.7879E-03
  5.2042E-17
  3.4040E-18
 -4.3802E-17
  2.7879E-03
 -3.5779E-18
 -2.7879E-03
 -2.8332E-03
  4.0766E-17
  2.8332E-03
  1.7347E-16
  8.7974E-17
 -8.5218E-17
  2.8332E-03
  1.1861E-16
 -2.8332E-03
 -3.1259E-04
 -2.1058E-16
  3.1259E-04
 -1.9429E-16
 -9.4543E-17
 -2.7823E-17
  3.1259E-04
 -7.0283E-17
 -3.1259E-04
  1.0883E-03
  1.0555E-16
 -1.0883E-03
  1.3878E-17
  5.9389E-17
  1.1558E-16
 -1.0883E-03
  2.9273E-17
  1.0883E-03
