Scalar MT under Dynam for nodeset
189
   0.0000E+00
  0.0000E+00
  0.0000E+00
  0.0000E+00
  0.0000E+00
  0.0000E+00
  0.0000E+00
  0.0000E+00
  0.0000E+00
  0.0000E+00
  0.0000E+00
  0.0000E+00
  0.0000E+00
  0.0000E+00
  0.0000E+00
  0.0000E+00
  0.0000E+00
  0.0000E+00
  0.0000E+00
  0.0000E+00
  0.0000E+00
  0.0000E+00
  0.0000E+00
  0.0000E+00
  0.0000E+00
  0.0000E+00
  0.0000E+00
  0.0000E+00
  0.0000E+00
  0.0000E+00
  0.0000E+00
  0.0000E+00
  0.0000E+00
  0.0000E+00
  0.0000E+00
  0.0000E+00
  0.0000E+00
  0.0000E+00
  0.0000E+00
  0.0000E+00
  0.0000E+00
  0.0000E+00
  0.0000E+00
  0.0000E+00
  0.0000E+00
  0.0000E+00
  0.0000E+00
  0.0000E+00
  0.0000E+00
  0.0000E+00
  0.0000E+00
  0.0000E+00
  0.0000E+00
  0.0000E+00
  0.0000E+00
  0.0000E+00
  0.0000E+00
  0.0000E+00
  0.0000E+00
  0.0000E+00
  0.0000E+00
  0.0000E+00
  0.0000E+00
  0.0000E+00
  0.0000E+00
  0.0000E+00
  0.0000E+00
  0.0000E+00
  0.0000E+00
  0.0000E+00
  0.0000E+00
  0.0000E+00
  0.0000E+00
  0.0000E+00
  0.0000E+00
  0.0000E+00
  0.0000E+00
  0.0000E+00
  0.0000E+00
  0.0000E+00
  0.0000E+00
  0.0000E+00
  0.0000E+00
  0.0000E+00
  0.0000E+00
  0.0000E+00
  0.0000E+00
  0.0000E+00
  0.0000E+00
  0.0000E+00
  0.0000E+00
  0.0000E+00
  0.0000E+00
  0.0000E+00
  0.0000E+00
  0.0000E+00
  0.0000E+00
  0.0000E+00
  0.0000E+00
  0.0000E+00
  0.0000E+00
  0.0000E+00
  0.0000E+00
  0.0000E+00
  0.0000E+00
  0.0000E+00
  0.0000E+00
  0.0000E+00
  0.0000E+00
  0.0000E+00
  0.0000E+00
  0.0000E+00
  0.0000E+00
  0.0000E+00
  0.0000E+00
  0.0000E+00
  0.0000E+00
  0.0000E+00
  0.0000E+00
  0.0000E+00
  0.0000E+00
  0.0000E+00
  0.0000E+00
  0.0000E+00
  0.0000E+00
  0.0000E+00
  0.0000E+00
  0.0000E+00
  0.0000E+00
  0.0000E+00
  0.0000E+00
  0.0000E+00
  0.0000E+00
  0.0000E+00
  0.0000E+00
  0.0000E+00
  0.0000E+00
  0.0000E+00
  0.0000E+00
  0.0000E+00
  0.0000E+00
  0.0000E+00
  0.0000E+00
  0.0000E+00
  0.0000E+00
  0.0000E+00
  0.0000E+00
  0.0000E+00
  0.0000E+00
  0.0000E+00
  0.0000E+00
  0.0000E+00
  0.0000E+00
  0.0000E+00
  0.0000E+00
  0.0000E+00
  0.0000E+00
  0.0000E+00
  0.0000E+00
  0.0000E+00
  0.0000E+00
  0.0000E+00
  0.0000E+00
  0.0000E+00
  0.0000E+00
  0.0000E+00
  0.0000E+00
  0.0000E+00
  0.0000E+00
  0.0000E+00
  0.0000E+00
  0.0000E+00
  0.0000E+00
  0.0000E+00
  0.0000E+00
  0.0000E+00
  0.0000E+00
  0.0000E+00
  0.0000E+00
  0.0000E+00
  0.0000E+00
  0.0000E+00
  0.0000E+00
  0.0000E+00
  0.0000E+00
  0.0000E+00
  0.0000E+00
  0.0000E+00
  0.0000E+00
  0.0000E+00
   3.0000E+02
  0.0000E+00
  0.0000E+00
  0.0000E+00
  0.0000E+00
  0.0000E+00
  0.0000E+00
  0.0000E+00
  0.0000E+00
  0.0000E+00
  2.0754E-01
  1.7852E-01
  2.0755E-01
  1.7852E-01
  1.5006E-01
  1.7852E-01
  2.0754E-01
  1.7852E-01
  2.0754E-01
  3.9666E-01
  3.8001E-01
  3.9667E-01
  3.8002E-01
  3.5670E-01
  3.8001E-01
  3.9666E-01
  3.8002E-01
  3.9666E-01
  5.5852E-01
  5.5844E-01
  5.5851E-01
  5.5844E-01
  5.5665E-01
  5.5844E-01
  5.5852E-01
  5.5844E-01
  5.5852E-01
  6.7620E-01
  6.8950E-01
  6.7620E-01
  6.8949E-01
  7.1263E-01
  6.8950E-01
  6.7620E-01
  6.8949E-01
  6.7620E-01
  7.9407E-01
  7.8792E-01
  7.9408E-01
  7.8791E-01
  7.7581E-01
  7.8792E-01
  7.9409E-01
  7.8791E-01
  7.9407E-01
  8.9285E-01
  8.7801E-01
  8.9285E-01
  8.7800E-01
  8.5938E-01
  8.7801E-01
  8.9286E-01
  8.7800E-01
  8.9285E-01
  1.0097E+00
  1.0184E+00
  1.0097E+00
  1.0184E+00
  1.0318E+00
  1.0184E+00
  1.0097E+00
  1.0184E+00
  1.0097E+00
  1.1538E+00
  1.1726E+00
  1.1538E+00
  1.1726E+00
  1.1834E+00
  1.1726E+00
  1.1538E+00
  1.1726E+00
  1.1538E+00
  1.2172E+00
  1.2200E+00
  1.2172E+00
  1.2200E+00
  1.2419E+00
  1.2200E+00
  1.2172E+00
  1.2200E+00
  1.2172E+00
  1.2325E+00
  1.2258E+00
  1.2325E+00
  1.2258E+00
  1.2169E+00
  1.2258E+00
  1.2325E+00
  1.2258E+00
  1.2325E+00
  1.2260E+00
  1.2270E+00
  1.2260E+00
  1.2271E+00
  1.1922E+00
  1.2270E+00
  1.2260E+00
  1.2271E+00
  1.2260E+00
  1.2388E+00
  1.2222E+00
  1.2388E+00
  1.2222E+00
  1.2331E+00
  1.2222E+00
  1.2388E+00
  1.2222E+00
  1.2388E+00
  1.2895E+00
  1.2819E+00
  1.2895E+00
  1.2819E+00
  1.2918E+00
  1.2819E+00
  1.2895E+00
  1.2819E+00
  1.2895E+00
  1.3395E+00
  1.3579E+00
  1.3395E+00
  1.3579E+00
  1.3436E+00
  1.3579E+00
  1.3395E+00
  1.3579E+00
  1.3395E+00
  1.4988E+00
  1.4906E+00
  1.4988E+00
  1.4906E+00
  1.4884E+00
  1.4906E+00
  1.4988E+00
  1.4906E+00
  1.4988E+00
  1.6735E+00
  1.6593E+00
  1.6735E+00
  1.6593E+00
  1.6641E+00
  1.6593E+00
  1.6735E+00
  1.6593E+00
  1.6735E+00
  1.9066E+00
  1.9009E+00
  1.9066E+00
  1.9008E+00
  1.8908E+00
  1.9009E+00
  1.9066E+00
  1.9008E+00
  1.9066E+00
  2.1692E+00
  2.1473E+00
  2.1693E+00
  2.1473E+00
  2.1232E+00
  2.1473E+00
  2.1692E+00
  2.1473E+00
  2.1692E+00
  2.4999E+00
  2.4725E+00
  2.4999E+00
  2.4725E+00
  2.4506E+00
  2.4725E+00
  2.4999E+00
  2.4725E+00
  2.4999E+00
  2.7934E+00
  2.7661E+00
  2.7934E+00
  2.7660E+00
  2.7457E+00
  2.7661E+00
  2.7934E+00
  2.7660E+00
  2.7934E+00
