Scalar STRAINP1 under Dynam for nodeset
189
   0.0000E+00
  0.0000E+00
  0.0000E+00
  0.0000E+00
  0.0000E+00
  0.0000E+00
  0.0000E+00
  0.0000E+00
  0.0000E+00
  0.0000E+00
  0.0000E+00
  0.0000E+00
  0.0000E+00
  0.0000E+00
  0.0000E+00
  0.0000E+00
  0.0000E+00
  0.0000E+00
  0.0000E+00
  0.0000E+00
  0.0000E+00
  0.0000E+00
  0.0000E+00
  0.0000E+00
  0.0000E+00
  0.0000E+00
  0.0000E+00
  0.0000E+00
  0.0000E+00
  0.0000E+00
  0.0000E+00
  0.0000E+00
  0.0000E+00
  0.0000E+00
  0.0000E+00
  0.0000E+00
  0.0000E+00
  0.0000E+00
  0.0000E+00
  0.0000E+00
  0.0000E+00
  0.0000E+00
  0.0000E+00
  0.0000E+00
  0.0000E+00
  0.0000E+00
  0.0000E+00
  0.0000E+00
  0.0000E+00
  0.0000E+00
  0.0000E+00
  0.0000E+00
  0.0000E+00
  0.0000E+00
  0.0000E+00
  0.0000E+00
  0.0000E+00
  0.0000E+00
  0.0000E+00
  0.0000E+00
  0.0000E+00
  0.0000E+00
  0.0000E+00
  0.0000E+00
  0.0000E+00
  0.0000E+00
  0.0000E+00
  0.0000E+00
  0.0000E+00
  0.0000E+00
  0.0000E+00
  0.0000E+00
  0.0000E+00
  0.0000E+00
  0.0000E+00
  0.0000E+00
  0.0000E+00
  0.0000E+00
  0.0000E+00
  0.0000E+00
  0.0000E+00
  0.0000E+00
  0.0000E+00
  0.0000E+00
  0.0000E+00
  0.0000E+00
  0.0000E+00
  0.0000E+00
  0.0000E+00
  0.0000E+00
  0.0000E+00
  0.0000E+00
  0.0000E+00
  0.0000E+00
  0.0000E+00
  0.0000E+00
  0.0000E+00
  0.0000E+00
  0.0000E+00
  0.0000E+00
  0.0000E+00
  0.0000E+00
  0.0000E+00
  0.0000E+00
  0.0000E+00
  0.0000E+00
  0.0000E+00
  0.0000E+00
  0.0000E+00
  0.0000E+00
  0.0000E+00
  0.0000E+00
  0.0000E+00
  0.0000E+00
  0.0000E+00
  0.0000E+00
  0.0000E+00
  0.0000E+00
  0.0000E+00
  0.0000E+00
  0.0000E+00
  0.0000E+00
  0.0000E+00
  0.0000E+00
  0.0000E+00
  0.0000E+00
  0.0000E+00
  0.0000E+00
  0.0000E+00
  0.0000E+00
  0.0000E+00
  0.0000E+00
  0.0000E+00
  0.0000E+00
  0.0000E+00
  0.0000E+00
  0.0000E+00
  0.0000E+00
  0.0000E+00
  0.0000E+00
  0.0000E+00
  0.0000E+00
  0.0000E+00
  0.0000E+00
  0.0000E+00
  0.0000E+00
  0.0000E+00
  0.0000E+00
  0.0000E+00
  0.0000E+00
  0.0000E+00
  0.0000E+00
  0.0000E+00
  0.0000E+00
  0.0000E+00
  0.0000E+00
  0.0000E+00
  0.0000E+00
  0.0000E+00
  0.0000E+00
  0.0000E+00
  0.0000E+00
  0.0000E+00
  0.0000E+00
  0.0000E+00
  0.0000E+00
  0.0000E+00
  0.0000E+00
  0.0000E+00
  0.0000E+00
  0.0000E+00
  0.0000E+00
  0.0000E+00
  0.0000E+00
  0.0000E+00
  0.0000E+00
  0.0000E+00
  0.0000E+00
  0.0000E+00
  0.0000E+00
  0.0000E+00
  0.0000E+00
  0.0000E+00
  0.0000E+00
  0.0000E+00
  0.0000E+00
  0.0000E+00
  0.0000E+00
  0.0000E+00
  0.0000E+00
   3.0000E+02
  1.9673E-02
  9.9751E-03
  1.9673E-02
  9.9751E-03
  2.7106E-28
  9.9751E-03
  1.9673E-02
  9.9751E-03
  1.9673E-02
  1.3219E-01
  1.2473E-01
  1.3219E-01
  1.2473E-01
  1.1768E-01
  1.2473E-01
  1.3219E-01
  1.2473E-01
  1.3219E-01
  1.1942E-01
  1.1891E-01
  1.1942E-01
  1.1891E-01
  1.1829E-01
  1.1891E-01
  1.1942E-01
  1.1891E-01
  1.1942E-01
  1.2178E-01
  1.2211E-01
  1.2178E-01
  1.2211E-01
  1.2178E-01
  1.2211E-01
  1.2178E-01
  1.2211E-01
  1.2178E-01
  7.0481E-02
  6.7149E-02
  7.0481E-02
  6.7149E-02
  6.3976E-02
  6.7149E-02
  7.0481E-02
  6.7149E-02
  7.0481E-02
  4.6799E-02
  2.8012E-02
  4.6799E-02
  2.8012E-02
  9.2979E-03
  2.8012E-02
  4.6799E-02
  2.8012E-02
  4.6799E-02
  9.6803E-02
  9.6972E-02
  9.6803E-02
  9.6972E-02
  9.6803E-02
  9.6972E-02
  9.6803E-02
  9.6972E-02
  9.6803E-02
  1.0993E-01
  1.0897E-01
  1.0993E-01
  1.0897E-01
  1.0817E-01
  1.0897E-01
  1.0993E-01
  1.0897E-01
  1.0993E-01
  6.1298E-02
  5.9590E-02
  6.1298E-02
  5.9590E-02
  5.8067E-02
  5.9590E-02
  6.1298E-02
  5.9590E-02
  6.1298E-02
  2.5042E-02
  2.5083E-02
  2.5042E-02
  2.5083E-02
  2.5042E-02
  2.5083E-02
  2.5042E-02
  2.5083E-02
  2.5042E-02
  4.9384E-02
  3.5098E-03
  4.9384E-02
  3.5098E-03
  4.9714E-02
  3.5098E-03
  4.9384E-02
  3.5098E-03
  4.9384E-02
  4.4572E-03
  2.4007E-02
  4.4572E-03
  2.4007E-02
  4.4572E-03
  2.4007E-02
  4.4572E-03
  2.4007E-02
  4.4572E-03
  2.2202E-02
  2.4851E-02
  2.2202E-02
  2.4851E-02
  2.2202E-02
  2.4851E-02
  2.2202E-02
  2.4851E-02
  2.2202E-02
  8.7246E-02
  5.2496E-02
  8.7246E-02
  5.2496E-02
  1.8833E-02
  5.2496E-02
  8.7246E-02
  5.2496E-02
  8.7246E-02
  6.0464E-02
  5.6025E-02
  6.0464E-02
  5.6025E-02
  5.5785E-02
  5.6025E-02
  6.0464E-02
  5.6025E-02
  6.0464E-02
  1.0631E-01
  1.0691E-01
  1.0631E-01
  1.0691E-01
  1.0631E-01
  1.0691E-01
  1.0631E-01
  1.0691E-01
  1.0631E-01
  1.3158E-01
  1.2725E-01
  1.3158E-01
  1.2725E-01
  1.2293E-01
  1.2725E-01
  1.3158E-01
  1.2725E-01
  1.3158E-01
  1.3697E-01
  1.3699E-01
  1.3697E-01
  1.3699E-01
  1.3697E-01
  1.3699E-01
  1.3697E-01
  1.3699E-01
  1.3697E-01
  1.8013E-01
  1.7672E-01
  1.8013E-01
  1.7672E-01
  1.7334E-01
  1.7672E-01
  1.8013E-01
  1.7672E-01
  1.8013E-01
  2.0958E-01
  2.0276E-01
  2.0958E-01
  2.0276E-01
  1.9602E-01
  2.0276E-01
  2.0958E-01
  2.0276E-01
  2.0958E-01
  2.6885E-01
  2.5415E-01
  2.6885E-01
  2.5415E-01
  2.3945E-01
  2.5415E-01
  2.6885E-01
  2.5415E-01
  2.6885E-01
