Scalar DX under Dynam for nodeset
189
   0.0000E+00
  0.0000E+00
  0.0000E+00
  0.0000E+00
  0.0000E+00
  0.0000E+00
  0.0000E+00
  0.0000E+00
  0.0000E+00
  0.0000E+00
  0.0000E+00
  0.0000E+00
  0.0000E+00
  0.0000E+00
  0.0000E+00
  0.0000E+00
  0.0000E+00
  0.0000E+00
  0.0000E+00
  0.0000E+00
  0.0000E+00
  0.0000E+00
  0.0000E+00
  0.0000E+00
  0.0000E+00
  0.0000E+00
  0.0000E+00
  0.0000E+00
  0.0000E+00
  0.0000E+00
  0.0000E+00
  0.0000E+00
  0.0000E+00
  0.0000E+00
  0.0000E+00
  0.0000E+00
  0.0000E+00
  0.0000E+00
  0.0000E+00
  0.0000E+00
  0.0000E+00
  0.0000E+00
  0.0000E+00
  0.0000E+00
  0.0000E+00
  0.0000E+00
  0.0000E+00
  0.0000E+00
  0.0000E+00
  0.0000E+00
  0.0000E+00
  0.0000E+00
  0.0000E+00
  0.0000E+00
  0.0000E+00
  0.0000E+00
  0.0000E+00
  0.0000E+00
  0.0000E+00
  0.0000E+00
  0.0000E+00
  0.0000E+00
  0.0000E+00
  0.0000E+00
  0.0000E+00
  0.0000E+00
  0.0000E+00
  0.0000E+00
  0.0000E+00
  0.0000E+00
  0.0000E+00
  0.0000E+00
  0.0000E+00
  0.0000E+00
  0.0000E+00
  0.0000E+00
  0.0000E+00
  0.0000E+00
  0.0000E+00
  0.0000E+00
  0.0000E+00
  0.0000E+00
  0.0000E+00
  0.0000E+00
  0.0000E+00
  0.0000E+00
  0.0000E+00
  0.0000E+00
  0.0000E+00
  0.0000E+00
  0.0000E+00
  0.0000E+00
  0.0000E+00
  0.0000E+00
  0.0000E+00
  0.0000E+00
  0.0000E+00
  0.0000E+00
  0.0000E+00
  0.0000E+00
  0.0000E+00
  0.0000E+00
  0.0000E+00
  0.0000E+00
  0.0000E+00
  0.0000E+00
  0.0000E+00
  0.0000E+00
  0.0000E+00
  0.0000E+00
  0.0000E+00
  0.0000E+00
  0.0000E+00
  0.0000E+00
  0.0000E+00
  0.0000E+00
  0.0000E+00
  0.0000E+00
  0.0000E+00
  0.0000E+00
  0.0000E+00
  0.0000E+00
  0.0000E+00
  0.0000E+00
  0.0000E+00
  0.0000E+00
  0.0000E+00
  0.0000E+00
  0.0000E+00
  0.0000E+00
  0.0000E+00
  0.0000E+00
  0.0000E+00
  0.0000E+00
  0.0000E+00
  0.0000E+00
  0.0000E+00
  0.0000E+00
  0.0000E+00
  0.0000E+00
  0.0000E+00
  0.0000E+00
  0.0000E+00
  0.0000E+00
  0.0000E+00
  0.0000E+00
  0.0000E+00
  0.0000E+00
  0.0000E+00
  0.0000E+00
  0.0000E+00
  0.0000E+00
  0.0000E+00
  0.0000E+00
  0.0000E+00
  0.0000E+00
  0.0000E+00
  0.0000E+00
  0.0000E+00
  0.0000E+00
  0.0000E+00
  0.0000E+00
  0.0000E+00
  0.0000E+00
  0.0000E+00
  0.0000E+00
  0.0000E+00
  0.0000E+00
  0.0000E+00
  0.0000E+00
  0.0000E+00
  0.0000E+00
  0.0000E+00
  0.0000E+00
  0.0000E+00
  0.0000E+00
  0.0000E+00
  0.0000E+00
  0.0000E+00
  0.0000E+00
  0.0000E+00
  0.0000E+00
  0.0000E+00
  0.0000E+00
  0.0000E+00
  0.0000E+00
  0.0000E+00
  0.0000E+00
  0.0000E+00
  0.0000E+00
   3.0000E+02
  0.0000E+00
  0.0000E+00
  0.0000E+00
  0.0000E+00
  0.0000E+00
  0.0000E+00
  0.0000E+00
  0.0000E+00
  0.0000E+00
 -6.2366E-02
 -5.8838E-02
 -6.2366E-02
  4.4989E-15
  9.5631E-15
  5.3526E-15
  6.2366E-02
  5.8838E-02
  6.2366E-02
 -5.9116E-02
 -5.9145E-02
 -5.9116E-02
  2.7165E-14
  3.3345E-14
  3.9937E-14
  5.9116E-02
  5.9145E-02
  5.9116E-02
 -5.2394E-02
 -6.0890E-02
 -5.2394E-02
  5.8487E-14
  7.2158E-14
  8.3721E-14
  5.2394E-02
  6.0890E-02
  5.2394E-02
 -3.3574E-02
 -3.1988E-02
 -3.3574E-02
  9.5698E-14
  1.1633E-13
  1.3290E-13
  3.3574E-02
  3.1988E-02
  3.3574E-02
 -1.4006E-02
 -4.6490E-03
 -1.4006E-02
  1.4402E-13
  1.6414E-13
  1.8472E-13
  1.4006E-02
  4.6490E-03
  1.4006E-02
 -3.9204E-02
 -4.8401E-02
 -3.9204E-02
  1.8758E-13
  2.1062E-13
  2.3953E-13
  3.9204E-02
  4.8401E-02
  3.9204E-02
 -5.4484E-02
 -5.4086E-02
 -5.4484E-02
  2.1757E-13
  2.4972E-13
  2.8149E-13
  5.4484E-02
  5.4086E-02
  5.4484E-02
 -2.9795E-02
 -2.9033E-02
 -2.9795E-02
  2.4949E-13
  2.8254E-13
  3.1887E-13
  2.9795E-02
  2.9033E-02
  2.9795E-02
 -6.0470E-03
 -1.2521E-02
 -6.0470E-03
  2.7780E-13
  3.1648E-13
  3.5571E-13
  6.0470E-03
  1.2521E-02
  6.0470E-03
 -1.7549E-03
  1.8563E-02
 -1.7549E-03
  3.0170E-13
  3.4124E-13
  3.8513E-13
  1.7549E-03
 -1.8563E-02
  1.7549E-03
  5.0411E-03
 -2.2286E-03
  5.0411E-03
  3.1728E-13
  3.6029E-13
  4.0748E-13
 -5.0411E-03
  2.2286E-03
 -5.0411E-03
  6.7948E-03
 -1.1101E-02
  6.7948E-03
  3.2560E-13
  3.7468E-13
  4.2443E-13
 -6.7948E-03
  1.1101E-02
 -6.7948E-03
 -2.6248E-02
 -9.4165E-03
 -2.6248E-02
  3.2840E-13
  3.8041E-13
  4.3644E-13
  2.6248E-02
  9.4165E-03
  2.6248E-02
 -2.7540E-02
 -2.7893E-02
 -2.7540E-02
  3.2592E-13
  3.7459E-13
  4.3314E-13
  2.7540E-02
  2.7893E-02
  2.7540E-02
 -4.6185E-02
 -5.3157E-02
 -4.6185E-02
  3.1207E-13
  3.6510E-13
  4.1689E-13
  4.6185E-02
  5.3157E-02
  4.6185E-02
 -6.3625E-02
 -6.1466E-02
 -6.3625E-02
  3.0121E-13
  3.5681E-13
  4.1080E-13
  6.3625E-02
  6.1466E-02
  6.3625E-02
 -6.8285E-02
 -6.8485E-02
 -6.8285E-02
  2.8611E-13
  3.3140E-13
  3.9169E-13
  6.8285E-02
  6.8485E-02
  6.8285E-02
 -8.8359E-02
 -8.6668E-02
 -8.8359E-02
  2.6195E-13
  3.1768E-13
  3.6330E-13
  8.8359E-02
  8.6668E-02
  8.8359E-02
 -1.0138E-01
 -9.8009E-02
 -1.0138E-01
  2.3874E-13
  2.9705E-13
  3.4793E-13
  1.0138E-01
  9.8009E-02
  1.0138E-01
 -1.2707E-01
 -1.1972E-01
 -1.2707E-01
  2.1778E-13
  2.7120E-13
  3.3948E-13
  1.2707E-01
  1.1972E-01
  1.2707E-01
