Scalar MD under Dynam for nodeset
189
   0.0000E+00
  0.0000E+00
  0.0000E+00
  0.0000E+00
  0.0000E+00
  0.0000E+00
  0.0000E+00
  0.0000E+00
  0.0000E+00
  0.0000E+00
  0.0000E+00
  0.0000E+00
  0.0000E+00
  0.0000E+00
  0.0000E+00
  0.0000E+00
  0.0000E+00
  0.0000E+00
  0.0000E+00
  0.0000E+00
  0.0000E+00
  0.0000E+00
  0.0000E+00
  0.0000E+00
  0.0000E+00
  0.0000E+00
  0.0000E+00
  0.0000E+00
  0.0000E+00
  0.0000E+00
  0.0000E+00
  0.0000E+00
  0.0000E+00
  0.0000E+00
  0.0000E+00
  0.0000E+00
  0.0000E+00
  0.0000E+00
  0.0000E+00
  0.0000E+00
  0.0000E+00
  0.0000E+00
  0.0000E+00
  0.0000E+00
  0.0000E+00
  0.0000E+00
  0.0000E+00
  0.0000E+00
  0.0000E+00
  0.0000E+00
  0.0000E+00
  0.0000E+00
  0.0000E+00
  0.0000E+00
  0.0000E+00
  0.0000E+00
  0.0000E+00
  0.0000E+00
  0.0000E+00
  0.0000E+00
  0.0000E+00
  0.0000E+00
  0.0000E+00
  0.0000E+00
  0.0000E+00
  0.0000E+00
  0.0000E+00
  0.0000E+00
  0.0000E+00
  0.0000E+00
  0.0000E+00
  0.0000E+00
  0.0000E+00
  0.0000E+00
  0.0000E+00
  0.0000E+00
  0.0000E+00
  0.0000E+00
  0.0000E+00
  0.0000E+00
  0.0000E+00
  0.0000E+00
  0.0000E+00
  0.0000E+00
  0.0000E+00
  0.0000E+00
  0.0000E+00
  0.0000E+00
  0.0000E+00
  0.0000E+00
  0.0000E+00
  0.0000E+00
  0.0000E+00
  0.0000E+00
  0.0000E+00
  0.0000E+00
  0.0000E+00
  0.0000E+00
  0.0000E+00
  0.0000E+00
  0.0000E+00
  0.0000E+00
  0.0000E+00
  0.0000E+00
  0.0000E+00
  0.0000E+00
  0.0000E+00
  0.0000E+00
  0.0000E+00
  0.0000E+00
  0.0000E+00
  0.0000E+00
  0.0000E+00
  0.0000E+00
  0.0000E+00
  0.0000E+00
  0.0000E+00
  0.0000E+00
  0.0000E+00
  0.0000E+00
  0.0000E+00
  0.0000E+00
  0.0000E+00
  0.0000E+00
  0.0000E+00
  0.0000E+00
  0.0000E+00
  0.0000E+00
  0.0000E+00
  0.0000E+00
  0.0000E+00
  0.0000E+00
  0.0000E+00
  0.0000E+00
  0.0000E+00
  0.0000E+00
  0.0000E+00
  0.0000E+00
  0.0000E+00
  0.0000E+00
  0.0000E+00
  0.0000E+00
  0.0000E+00
  0.0000E+00
  0.0000E+00
  0.0000E+00
  0.0000E+00
  0.0000E+00
  0.0000E+00
  0.0000E+00
  0.0000E+00
  0.0000E+00
  0.0000E+00
  0.0000E+00
  0.0000E+00
  0.0000E+00
  0.0000E+00
  0.0000E+00
  0.0000E+00
  0.0000E+00
  0.0000E+00
  0.0000E+00
  0.0000E+00
  0.0000E+00
  0.0000E+00
  0.0000E+00
  0.0000E+00
  0.0000E+00
  0.0000E+00
  0.0000E+00
  0.0000E+00
  0.0000E+00
  0.0000E+00
  0.0000E+00
  0.0000E+00
  0.0000E+00
  0.0000E+00
  0.0000E+00
  0.0000E+00
  0.0000E+00
  0.0000E+00
  0.0000E+00
  0.0000E+00
  0.0000E+00
  0.0000E+00
  0.0000E+00
  0.0000E+00
  0.0000E+00
  0.0000E+00
  0.0000E+00
   3.0000E+02
  0.0000E+00
  0.0000E+00
  0.0000E+00
  0.0000E+00
  0.0000E+00
  0.0000E+00
  0.0000E+00
  0.0000E+00
  0.0000E+00
  5.0315E-01
  4.5142E-01
  5.0315E-01
  4.5142E-01
  3.9485E-01
  4.5142E-01
  5.0315E-01
  4.5142E-01
  5.0315E-01
  9.3678E-01
  9.2455E-01
  9.3678E-01
  9.2455E-01
  9.1105E-01
  9.2455E-01
  9.3678E-01
  9.2455E-01
  9.3678E-01
  1.4120E+00
  1.4044E+00
  1.4120E+00
  1.4044E+00
  1.3977E+00
  1.4044E+00
  1.4120E+00
  1.4044E+00
  1.4120E+00
  1.8921E+00
  1.8866E+00
  1.8921E+00
  1.8866E+00
  1.8809E+00
  1.8866E+00
  1.8921E+00
  1.8866E+00
  1.8921E+00
  2.3738E+00
  2.3693E+00
  2.3738E+00
  2.3693E+00
  2.3648E+00
  2.3693E+00
  2.3738E+00
  2.3693E+00
  2.3738E+00
  2.8563E+00
  2.8526E+00
  2.8563E+00
  2.8526E+00
  2.8489E+00
  2.8526E+00
  2.8563E+00
  2.8526E+00
  2.8563E+00
  3.3394E+00
  3.3362E+00
  3.3394E+00
  3.3362E+00
  3.3330E+00
  3.3362E+00
  3.3394E+00
  3.3362E+00
  3.3394E+00
  3.8229E+00
  3.8201E+00
  3.8229E+00
  3.8201E+00
  3.8173E+00
  3.8201E+00
  3.8229E+00
  3.8201E+00
  3.8229E+00
  4.3067E+00
  4.3042E+00
  4.3067E+00
  4.3042E+00
  4.3017E+00
  4.3042E+00
  4.3067E+00
  4.3042E+00
  4.3067E+00
  4.7909E+00
  4.7886E+00
  4.7909E+00
  4.7886E+00
  4.7864E+00
  4.7886E+00
  4.7909E+00
  4.7886E+00
  4.7909E+00
  5.2753E+00
  5.2733E+00
  5.2753E+00
  5.2733E+00
  5.2712E+00
  5.2733E+00
  5.2753E+00
  5.2733E+00
  5.2753E+00
  5.7600E+00
  5.7582E+00
  5.7600E+00
  5.7582E+00
  5.7563E+00
  5.7582E+00
  5.7600E+00
  5.7582E+00
  5.7600E+00
  6.2451E+00
  6.2433E+00
  6.2451E+00
  6.2433E+00
  6.2416E+00
  6.2433E+00
  6.2451E+00
  6.2433E+00
  6.2451E+00
  6.7304E+00
  6.7288E+00
  6.7304E+00
  6.7288E+00
  6.7272E+00
  6.7288E+00
  6.7304E+00
  6.7288E+00
  6.7304E+00
  7.2161E+00
  7.2145E+00
  7.2161E+00
  7.2145E+00
  7.2130E+00
  7.2145E+00
  7.2161E+00
  7.2145E+00
  7.2161E+00
  7.7020E+00
  7.7006E+00
  7.7020E+00
  7.7006E+00
  7.6992E+00
  7.7006E+00
  7.7020E+00
  7.7006E+00
  7.7020E+00
  8.1884E+00
  8.1870E+00
  8.1884E+00
  8.1870E+00
  8.1857E+00
  8.1870E+00
  8.1884E+00
  8.1870E+00
  8.1884E+00
  8.6751E+00
  8.6738E+00
  8.6751E+00
  8.6738E+00
  8.6725E+00
  8.6738E+00
  8.6751E+00
  8.6738E+00
  8.6751E+00
  9.1622E+00
  9.1609E+00
  9.1622E+00
  9.1609E+00
  9.1597E+00
  9.1609E+00
  9.1622E+00
  9.1609E+00
  9.1622E+00
  9.6496E+00
  9.6485E+00
  9.6496E+00
  9.6485E+00
  9.6473E+00
  9.6485E+00
  9.6496E+00
  9.6485E+00
  9.6496E+00
