Scalar STRAINXZ under Dynam for nodeset
189
   0.0000E+00
  0.0000E+00
  0.0000E+00
  0.0000E+00
  0.0000E+00
  0.0000E+00
  0.0000E+00
  0.0000E+00
  0.0000E+00
  0.0000E+00
  0.0000E+00
  0.0000E+00
  0.0000E+00
  0.0000E+00
  0.0000E+00
  0.0000E+00
  0.0000E+00
  0.0000E+00
  0.0000E+00
  0.0000E+00
  0.0000E+00
  0.0000E+00
  0.0000E+00
  0.0000E+00
  0.0000E+00
  0.0000E+00
  0.0000E+00
  0.0000E+00
  0.0000E+00
  0.0000E+00
  0.0000E+00
  0.0000E+00
  0.0000E+00
  0.0000E+00
  0.0000E+00
  0.0000E+00
  0.0000E+00
  0.0000E+00
  0.0000E+00
  0.0000E+00
  0.0000E+00
  0.0000E+00
  0.0000E+00
  0.0000E+00
  0.0000E+00
  0.0000E+00
  0.0000E+00
  0.0000E+00
  0.0000E+00
  0.0000E+00
  0.0000E+00
  0.0000E+00
  0.0000E+00
  0.0000E+00
  0.0000E+00
  0.0000E+00
  0.0000E+00
  0.0000E+00
  0.0000E+00
  0.0000E+00
  0.0000E+00
  0.0000E+00
  0.0000E+00
  0.0000E+00
  0.0000E+00
  0.0000E+00
  0.0000E+00
  0.0000E+00
  0.0000E+00
  0.0000E+00
  0.0000E+00
  0.0000E+00
  0.0000E+00
  0.0000E+00
  0.0000E+00
  0.0000E+00
  0.0000E+00
  0.0000E+00
  0.0000E+00
  0.0000E+00
  0.0000E+00
  0.0000E+00
  0.0000E+00
  0.0000E+00
  0.0000E+00
  0.0000E+00
  0.0000E+00
  0.0000E+00
  0.0000E+00
  0.0000E+00
  0.0000E+00
  0.0000E+00
  0.0000E+00
  0.0000E+00
  0.0000E+00
  0.0000E+00
  0.0000E+00
  0.0000E+00
  0.0000E+00
  0.0000E+00
  0.0000E+00
  0.0000E+00
  0.0000E+00
  0.0000E+00
  0.0000E+00
  0.0000E+00
  0.0000E+00
  0.0000E+00
  0.0000E+00
  0.0000E+00
  0.0000E+00
  0.0000E+00
  0.0000E+00
  0.0000E+00
  0.0000E+00
  0.0000E+00
  0.0000E+00
  0.0000E+00
  0.0000E+00
  0.0000E+00
  0.0000E+00
  0.0000E+00
  0.0000E+00
  0.0000E+00
  0.0000E+00
  0.0000E+00
  0.0000E+00
  0.0000E+00
  0.0000E+00
  0.0000E+00
  0.0000E+00
  0.0000E+00
  0.0000E+00
  0.0000E+00
  0.0000E+00
  0.0000E+00
  0.0000E+00
  0.0000E+00
  0.0000E+00
  0.0000E+00
  0.0000E+00
  0.0000E+00
  0.0000E+00
  0.0000E+00
  0.0000E+00
  0.0000E+00
  0.0000E+00
  0.0000E+00
  0.0000E+00
  0.0000E+00
  0.0000E+00
  0.0000E+00
  0.0000E+00
  0.0000E+00
  0.0000E+00
  0.0000E+00
  0.0000E+00
  0.0000E+00
  0.0000E+00
  0.0000E+00
  0.0000E+00
  0.0000E+00
  0.0000E+00
  0.0000E+00
  0.0000E+00
  0.0000E+00
  0.0000E+00
  0.0000E+00
  0.0000E+00
  0.0000E+00
  0.0000E+00
  0.0000E+00
  0.0000E+00
  0.0000E+00
  0.0000E+00
  0.0000E+00
  0.0000E+00
  0.0000E+00
  0.0000E+00
  0.0000E+00
  0.0000E+00
  0.0000E+00
  0.0000E+00
  0.0000E+00
  0.0000E+00
  0.0000E+00
  0.0000E+00
  0.0000E+00
  0.0000E+00
  0.0000E+00
   3.0000E+01
 -1.5709E-01
 -1.5629E-01
 -1.5709E-01
 -4.4422E-12
 -1.6992E-11
 -4.4423E-12
  1.5709E-01
  1.5629E-01
  1.5709E-01
 -4.4774E-02
 -4.5554E-02
 -4.4774E-02
 -4.2680E-12
 -1.5914E-11
 -4.2680E-12
  4.4774E-02
  4.5554E-02
  4.4774E-02
  4.7599E-03
  4.6908E-03
  4.7599E-03
 -1.1644E-12
 -4.4740E-12
 -1.1643E-12
 -4.7599E-03
 -4.6908E-03
 -4.7599E-03
 -7.5511E-04
  2.4397E-05
 -7.5511E-04
  8.3644E-13
  2.9701E-12
  8.3656E-13
  7.5511E-04
 -2.4397E-05
  7.5511E-04
 -1.2114E-03
 -1.3042E-03
 -1.2114E-03
 -8.6429E-14
 -3.8948E-13
 -8.5635E-14
  1.2114E-03
  1.3042E-03
  1.2114E-03
 -1.5882E-03
 -1.5861E-03
 -1.5882E-03
 -1.9896E-12
 -7.4323E-12
 -1.9885E-12
  1.5882E-03
  1.5861E-03
  1.5882E-03
 -1.9115E-03
 -1.9110E-03
 -1.9115E-03
 -2.0945E-12
 -7.8155E-12
 -2.0952E-12
  1.9115E-03
  1.9110E-03
  1.9115E-03
 -2.2568E-03
 -2.2560E-03
 -2.2568E-03
 -7.8830E-15
 -3.2145E-14
 -9.1199E-15
  2.2568E-03
  2.2560E-03
  2.2568E-03
 -2.6113E-03
 -2.6105E-03
 -2.6113E-03
  2.2522E-12
  8.4695E-12
  2.2532E-12
  2.6113E-03
  2.6105E-03
  2.6113E-03
 -2.9769E-03
 -2.9760E-03
 -2.9769E-03
  3.2822E-12
  1.2446E-11
  3.2825E-12
  2.9769E-03
  2.9760E-03
  2.9769E-03
 -3.3551E-03
 -3.3541E-03
 -3.3551E-03
  3.8544E-12
  1.4697E-11
  3.8536E-12
  3.3551E-03
  3.3541E-03
  3.3551E-03
 -3.7476E-03
 -3.7465E-03
 -3.7476E-03
  4.9533E-12
  1.8818E-11
  4.9528E-12
  3.7476E-03
  3.7465E-03
  3.7476E-03
 -4.1561E-03
 -4.1549E-03
 -4.1561E-03
  5.7637E-12
  2.1790E-11
  5.7652E-12
  4.1561E-03
  4.1549E-03
  4.1561E-03
 -4.5823E-03
 -4.5809E-03
 -4.5823E-03
  4.9095E-12
  1.8574E-11
  4.9103E-12
  4.5823E-03
  4.5809E-03
  4.5823E-03
 -5.0280E-03
 -5.0265E-03
 -5.0280E-03
  2.7778E-12
  1.0611E-11
  2.7825E-12
  5.0280E-03
  5.0265E-03
  5.0280E-03
 -5.4946E-03
 -5.4930E-03
 -5.4946E-03
  1.1276E-12
  4.3740E-12
  1.1275E-12
  5.4946E-03
  5.4930E-03
  5.4946E-03
 -5.9859E-03
 -5.9801E-03
 -5.9859E-03
  5.6712E-13
  2.1153E-12
  5.6109E-13
  5.9859E-03
  5.9801E-03
  5.9859E-03
 -6.5109E-03
 -6.5344E-03
 -6.5109E-03
 -3.9418E-13
 -1.6339E-12
 -3.9700E-13
  6.5109E-03
  6.5344E-03
  6.5109E-03
 -7.3026E-03
 -7.3647E-03
 -7.3026E-03
 -3.3410E-12
 -1.2833E-11
 -3.3438E-12
  7.3026E-03
  7.3647E-03
  7.3026E-03
 -6.1964E-03
 -6.2302E-03
 -6.1964E-03
 -7.5885E-12
 -2.8360E-11
 -7.5838E-12
  6.1964E-03
  6.2302E-03
  6.1964E-03
 -4.5973E-03
 -4.5977E-03
 -4.5973E-03
 -9.0736E-12
 -3.3586E-11
 -9.0807E-12
  4.5973E-03
  4.5977E-03
  4.5973E-03
