Scalar STRAINXZ under Dynam for nodeset
189
   0.0000E+00
  0.0000E+00
  0.0000E+00
  0.0000E+00
  0.0000E+00
  0.0000E+00
  0.0000E+00
  0.0000E+00
  0.0000E+00
  0.0000E+00
  0.0000E+00
  0.0000E+00
  0.0000E+00
  0.0000E+00
  0.0000E+00
  0.0000E+00
  0.0000E+00
  0.0000E+00
  0.0000E+00
  0.0000E+00
  0.0000E+00
  0.0000E+00
  0.0000E+00
  0.0000E+00
  0.0000E+00
  0.0000E+00
  0.0000E+00
  0.0000E+00
  0.0000E+00
  0.0000E+00
  0.0000E+00
  0.0000E+00
  0.0000E+00
  0.0000E+00
  0.0000E+00
  0.0000E+00
  0.0000E+00
  0.0000E+00
  0.0000E+00
  0.0000E+00
  0.0000E+00
  0.0000E+00
  0.0000E+00
  0.0000E+00
  0.0000E+00
  0.0000E+00
  0.0000E+00
  0.0000E+00
  0.0000E+00
  0.0000E+00
  0.0000E+00
  0.0000E+00
  0.0000E+00
  0.0000E+00
  0.0000E+00
  0.0000E+00
  0.0000E+00
  0.0000E+00
  0.0000E+00
  0.0000E+00
  0.0000E+00
  0.0000E+00
  0.0000E+00
  0.0000E+00
  0.0000E+00
  0.0000E+00
  0.0000E+00
  0.0000E+00
  0.0000E+00
  0.0000E+00
  0.0000E+00
  0.0000E+00
  0.0000E+00
  0.0000E+00
  0.0000E+00
  0.0000E+00
  0.0000E+00
  0.0000E+00
  0.0000E+00
  0.0000E+00
  0.0000E+00
  0.0000E+00
  0.0000E+00
  0.0000E+00
  0.0000E+00
  0.0000E+00
  0.0000E+00
  0.0000E+00
  0.0000E+00
  0.0000E+00
  0.0000E+00
  0.0000E+00
  0.0000E+00
  0.0000E+00
  0.0000E+00
  0.0000E+00
  0.0000E+00
  0.0000E+00
  0.0000E+00
  0.0000E+00
  0.0000E+00
  0.0000E+00
  0.0000E+00
  0.0000E+00
  0.0000E+00
  0.0000E+00
  0.0000E+00
  0.0000E+00
  0.0000E+00
  0.0000E+00
  0.0000E+00
  0.0000E+00
  0.0000E+00
  0.0000E+00
  0.0000E+00
  0.0000E+00
  0.0000E+00
  0.0000E+00
  0.0000E+00
  0.0000E+00
  0.0000E+00
  0.0000E+00
  0.0000E+00
  0.0000E+00
  0.0000E+00
  0.0000E+00
  0.0000E+00
  0.0000E+00
  0.0000E+00
  0.0000E+00
  0.0000E+00
  0.0000E+00
  0.0000E+00
  0.0000E+00
  0.0000E+00
  0.0000E+00
  0.0000E+00
  0.0000E+00
  0.0000E+00
  0.0000E+00
  0.0000E+00
  0.0000E+00
  0.0000E+00
  0.0000E+00
  0.0000E+00
  0.0000E+00
  0.0000E+00
  0.0000E+00
  0.0000E+00
  0.0000E+00
  0.0000E+00
  0.0000E+00
  0.0000E+00
  0.0000E+00
  0.0000E+00
  0.0000E+00
  0.0000E+00
  0.0000E+00
  0.0000E+00
  0.0000E+00
  0.0000E+00
  0.0000E+00
  0.0000E+00
  0.0000E+00
  0.0000E+00
  0.0000E+00
  0.0000E+00
  0.0000E+00
  0.0000E+00
  0.0000E+00
  0.0000E+00
  0.0000E+00
  0.0000E+00
  0.0000E+00
  0.0000E+00
  0.0000E+00
  0.0000E+00
  0.0000E+00
  0.0000E+00
  0.0000E+00
  0.0000E+00
  0.0000E+00
  0.0000E+00
  0.0000E+00
  0.0000E+00
  0.0000E+00
  0.0000E+00
  0.0000E+00
  0.0000E+00
  0.0000E+00
   3.0000E+02
 -1.2473E-01
 -1.1768E-01
 -1.2473E-01
  8.9978E-15
  1.9126E-14
  1.0705E-14
  1.2473E-01
  1.1768E-01
  1.2473E-01
 -2.0465E-02
 -2.2176E-02
 -2.0465E-02
  1.9637E-15
  8.6424E-15
  2.2447E-15
  2.0465E-02
  2.2176E-02
  2.0465E-02
  3.4711E-02
  3.5326E-02
  3.4711E-02
  3.5874E-15
  2.4078E-15
  1.3000E-14
 -3.4711E-02
 -3.5326E-02
 -3.4711E-02
  2.2483E-02
  2.4067E-02
  2.2483E-02
 -1.2549E-14
  6.1951E-15
  2.0547E-14
 -2.2483E-02
 -2.4067E-02
 -2.2483E-02
  9.9459E-03
  8.4844E-03
  9.9459E-03
 -1.0842E-15
  7.3760E-15
  2.1072E-14
 -9.9459E-03
 -8.4844E-03
 -9.9459E-03
  6.2295E-03
  7.7801E-03
  6.2295E-03
  1.0590E-15
  1.5109E-15
  1.8928E-14
 -6.2295E-03
 -7.7801E-03
 -6.2295E-03
 -1.1560E-02
 -1.4846E-02
 -1.1560E-02
 -5.5251E-15
  3.6082E-16
  9.3155E-15
  1.1560E-02
  1.4846E-02
  1.1560E-02
 -1.1109E-02
 -1.0312E-02
 -1.1109E-02
 -1.2304E-14
  6.5330E-15
  1.0009E-14
  1.1109E-02
  1.0312E-02
  1.1109E-02
  1.0018E-02
  1.9229E-02
  1.0018E-02
  3.3550E-15
  6.8383E-15
  2.2645E-14
 -1.0018E-02
 -1.9229E-02
 -1.0018E-02
  2.2546E-02
  3.5736E-03
  2.2546E-02
  8.7135E-15
  1.0651E-15
  1.1202E-14
 -2.2546E-02
 -3.5736E-03
 -2.2546E-02
  2.4698E-02
  2.7836E-02
  2.4698E-02
 -1.7989E-15
 -5.4141E-15
  1.0912E-14
 -2.4698E-02
 -2.7836E-02
 -2.4698E-02
  6.4695E-03
  4.0001E-02
  6.4695E-03
  9.6312E-15
 -1.6862E-15
  1.7640E-14
 -6.4695E-03
 -4.0001E-02
 -6.4695E-03
  1.9836E-03
 -2.9062E-02
  1.9836E-03
 -5.3360E-15
 -5.6136E-15
  2.7211E-14
 -1.9836E-03
  2.9062E-02
 -1.9836E-03
 -2.0185E-02
 -3.6687E-02
 -2.0185E-02
 -4.0393E-15
  2.6680E-15
  9.1420E-15
  2.0185E-02
  3.6687E-02
  2.0185E-02
 -5.7217E-02
 -1.5890E-02
 -5.7217E-02
 -7.4489E-15
 -1.1267E-14
  1.2327E-14
  5.7217E-02
  1.5890E-02
  5.7217E-02
 -2.0716E-02
 -3.1106E-02
 -2.0716E-02
  1.7990E-14
  1.3201E-15
  1.9783E-14
  2.0716E-02
  3.1106E-02
  2.0716E-02
  3.7738E-03
 -2.7067E-02
  3.7738E-03
  3.3324E-15
  1.0755E-16
  1.7434E-14
 -3.7738E-03
  2.7067E-02
 -3.7738E-03
 -1.5648E-02
 -7.5088E-03
 -1.5648E-02
  3.2717E-15
 -5.2857E-15
 -3.9578E-15
  1.5648E-02
  7.5088E-03
  1.5648E-02
  7.1568E-03
  1.5146E-02
  7.1568E-03
  8.6979E-15
  1.3718E-14
 -3.7852E-15
 -7.1568E-03
 -1.5146E-02
 -7.1568E-03
  1.1700E-02
  6.7848E-03
  1.1700E-02
  9.0553E-15
  2.5258E-15
  1.9429E-16
 -1.1700E-02
 -6.7848E-03
 -1.1700E-02
 -3.0860E-03
 -7.9892E-03
 -3.0860E-03
  2.5313E-14
 -1.5987E-14
  6.2172E-15
  3.0860E-03
  7.9892E-03
  3.0860E-03
