Scalar MT under Dynam for nodeset
189
   0.0000E+00
  0.0000E+00
  0.0000E+00
  0.0000E+00
  0.0000E+00
  0.0000E+00
  0.0000E+00
  0.0000E+00
  0.0000E+00
  0.0000E+00
  0.0000E+00
  0.0000E+00
  0.0000E+00
  0.0000E+00
  0.0000E+00
  0.0000E+00
  0.0000E+00
  0.0000E+00
  0.0000E+00
  0.0000E+00
  0.0000E+00
  0.0000E+00
  0.0000E+00
  0.0000E+00
  0.0000E+00
  0.0000E+00
  0.0000E+00
  0.0000E+00
  0.0000E+00
  0.0000E+00
  0.0000E+00
  0.0000E+00
  0.0000E+00
  0.0000E+00
  0.0000E+00
  0.0000E+00
  0.0000E+00
  0.0000E+00
  0.0000E+00
  0.0000E+00
  0.0000E+00
  0.0000E+00
  0.0000E+00
  0.0000E+00
  0.0000E+00
  0.0000E+00
  0.0000E+00
  0.0000E+00
  0.0000E+00
  0.0000E+00
  0.0000E+00
  0.0000E+00
  0.0000E+00
  0.0000E+00
  0.0000E+00
  0.0000E+00
  0.0000E+00
  0.0000E+00
  0.0000E+00
  0.0000E+00
  0.0000E+00
  0.0000E+00
  0.0000E+00
  0.0000E+00
  0.0000E+00
  0.0000E+00
  0.0000E+00
  0.0000E+00
  0.0000E+00
  0.0000E+00
  0.0000E+00
  0.0000E+00
  0.0000E+00
  0.0000E+00
  0.0000E+00
  0.0000E+00
  0.0000E+00
  0.0000E+00
  0.0000E+00
  0.0000E+00
  0.0000E+00
  0.0000E+00
  0.0000E+00
  0.0000E+00
  0.0000E+00
  0.0000E+00
  0.0000E+00
  0.0000E+00
  0.0000E+00
  0.0000E+00
  0.0000E+00
  0.0000E+00
  0.0000E+00
  0.0000E+00
  0.0000E+00
  0.0000E+00
  0.0000E+00
  0.0000E+00
  0.0000E+00
  0.0000E+00
  0.0000E+00
  0.0000E+00
  0.0000E+00
  0.0000E+00
  0.0000E+00
  0.0000E+00
  0.0000E+00
  0.0000E+00
  0.0000E+00
  0.0000E+00
  0.0000E+00
  0.0000E+00
  0.0000E+00
  0.0000E+00
  0.0000E+00
  0.0000E+00
  0.0000E+00
  0.0000E+00
  0.0000E+00
  0.0000E+00
  0.0000E+00
  0.0000E+00
  0.0000E+00
  0.0000E+00
  0.0000E+00
  0.0000E+00
  0.0000E+00
  0.0000E+00
  0.0000E+00
  0.0000E+00
  0.0000E+00
  0.0000E+00
  0.0000E+00
  0.0000E+00
  0.0000E+00
  0.0000E+00
  0.0000E+00
  0.0000E+00
  0.0000E+00
  0.0000E+00
  0.0000E+00
  0.0000E+00
  0.0000E+00
  0.0000E+00
  0.0000E+00
  0.0000E+00
  0.0000E+00
  0.0000E+00
  0.0000E+00
  0.0000E+00
  0.0000E+00
  0.0000E+00
  0.0000E+00
  0.0000E+00
  0.0000E+00
  0.0000E+00
  0.0000E+00
  0.0000E+00
  0.0000E+00
  0.0000E+00
  0.0000E+00
  0.0000E+00
  0.0000E+00
  0.0000E+00
  0.0000E+00
  0.0000E+00
  0.0000E+00
  0.0000E+00
  0.0000E+00
  0.0000E+00
  0.0000E+00
  0.0000E+00
  0.0000E+00
  0.0000E+00
  0.0000E+00
  0.0000E+00
  0.0000E+00
  0.0000E+00
  0.0000E+00
  0.0000E+00
  0.0000E+00
  0.0000E+00
  0.0000E+00
  0.0000E+00
  0.0000E+00
  0.0000E+00
  0.0000E+00
  0.0000E+00
  0.0000E+00
  0.0000E+00
   3.0000E+01
  0.0000E+00
  0.0000E+00
  0.0000E+00
  0.0000E+00
  0.0000E+00
  0.0000E+00
  0.0000E+00
  0.0000E+00
  0.0000E+00
  2.5828E-01
  2.3161E-01
  2.5828E-01
  2.3161E-01
  2.0247E-01
  2.3161E-01
  2.5828E-01
  2.3161E-01
  2.5828E-01
  4.8193E-01
  4.7531E-01
  4.8193E-01
  4.7531E-01
  4.6803E-01
  4.7531E-01
  4.8193E-01
  4.7531E-01
  4.8193E-01
  7.2886E-01
  7.2441E-01
  7.2886E-01
  7.2441E-01
  7.2042E-01
  7.2441E-01
  7.2886E-01
  7.2441E-01
  7.2886E-01
  9.8133E-01
  9.7775E-01
  9.8133E-01
  9.7775E-01
  9.7409E-01
  9.7775E-01
  9.8133E-01
  9.7775E-01
  9.8133E-01
  1.2387E+00
  1.2355E+00
  1.2387E+00
  1.2355E+00
  1.2322E+00
  1.2355E+00
  1.2387E+00
  1.2355E+00
  1.2387E+00
  1.5018E+00
  1.4987E+00
  1.5018E+00
  1.4987E+00
  1.4956E+00
  1.4987E+00
  1.5018E+00
  1.4987E+00
  1.5018E+00
  1.7714E+00
  1.7684E+00
  1.7714E+00
  1.7684E+00
  1.7654E+00
  1.7684E+00
  1.7714E+00
  1.7684E+00
  1.7714E+00
  2.0487E+00
  2.0457E+00
  2.0487E+00
  2.0457E+00
  2.0426E+00
  2.0457E+00
  2.0487E+00
  2.0457E+00
  2.0487E+00
  2.3348E+00
  2.3317E+00
  2.3348E+00
  2.3317E+00
  2.3286E+00
  2.3317E+00
  2.3348E+00
  2.3317E+00
  2.3348E+00
  2.6309E+00
  2.6277E+00
  2.6309E+00
  2.6277E+00
  2.6245E+00
  2.6277E+00
  2.6309E+00
  2.6277E+00
  2.6309E+00
  2.9383E+00
  2.9349E+00
  2.9383E+00
  2.9349E+00
  2.9315E+00
  2.9349E+00
  2.9383E+00
  2.9349E+00
  2.9383E+00
  3.2581E+00
  3.2546E+00
  3.2581E+00
  3.2546E+00
  3.2510E+00
  3.2546E+00
  3.2581E+00
  3.2546E+00
  3.2581E+00
  3.5919E+00
  3.5882E+00
  3.5919E+00
  3.5882E+00
  3.5844E+00
  3.5882E+00
  3.5919E+00
  3.5882E+00
  3.5919E+00
  3.9410E+00
  3.9370E+00
  3.9410E+00
  3.9370E+00
  3.9330E+00
  3.9370E+00
  3.9410E+00
  3.9370E+00
  3.9410E+00
  4.3068E+00
  4.3026E+00
  4.3068E+00
  4.3026E+00
  4.2984E+00
  4.3026E+00
  4.3068E+00
  4.3026E+00
  4.3068E+00
  4.6910E+00
  4.6866E+00
  4.6910E+00
  4.6866E+00
  4.6821E+00
  4.6866E+00
  4.6910E+00
  4.6866E+00
  4.6910E+00
  5.0952E+00
  5.0905E+00
  5.0952E+00
  5.0905E+00
  5.0857E+00
  5.0905E+00
  5.0952E+00
  5.0905E+00
  5.0952E+00
  5.5211E+00
  5.5161E+00
  5.5211E+00
  5.5161E+00
  5.5110E+00
  5.5161E+00
  5.5211E+00
  5.5161E+00
  5.5211E+00
  5.9699E+00
  5.9653E+00
  5.9699E+00
  5.9653E+00
  5.9606E+00
  5.9653E+00
  5.9699E+00
  5.9653E+00
  5.9699E+00
  6.4427E+00
  6.4385E+00
  6.4427E+00
  6.4385E+00
  6.4344E+00
  6.4385E+00
  6.4427E+00
  6.4385E+00
  6.4427E+00
