Vector ACCELERATION under Dynam for nodeset
189
   0.0000E+00
  0.0000E+00  0.0000E+00  0.0000E+00
  0.0000E+00  0.0000E+00  0.0000E+00
  0.0000E+00  0.0000E+00  0.0000E+00
  0.0000E+00  0.0000E+00  0.0000E+00
  0.0000E+00  0.0000E+00  0.0000E+00
  0.0000E+00  0.0000E+00  0.0000E+00
  0.0000E+00  0.0000E+00  0.0000E+00
  0.0000E+00  0.0000E+00  0.0000E+00
  0.0000E+00  0.0000E+00  0.0000E+00
  0.0000E+00  0.0000E+00  1.1127E-11
  0.0000E+00  0.0000E+00  1.1127E-11
  0.0000E+00  0.0000E+00  1.1127E-11
  0.0000E+00  0.0000E+00  1.1127E-11
  0.0000E+00  0.0000E+00  1.1127E-11
  0.0000E+00  0.0000E+00  1.1127E-11
  0.0000E+00  0.0000E+00  1.1127E-11
  0.0000E+00  0.0000E+00  1.1127E-11
  0.0000E+00  0.0000E+00  1.1127E-11
  0.0000E+00  0.0000E+00 -4.4509E-11
  0.0000E+00  0.0000E+00 -4.4509E-11
  0.0000E+00  0.0000E+00 -4.4509E-11
  0.0000E+00  0.0000E+00 -4.4509E-11
  0.0000E+00  0.0000E+00 -4.4509E-11
  0.0000E+00  0.0000E+00 -4.4509E-11
  0.0000E+00  0.0000E+00 -4.4509E-11
  0.0000E+00  0.0000E+00 -4.4509E-11
  0.0000E+00  0.0000E+00 -4.4509E-11
  0.0000E+00  0.0000E+00  1.6691E-10
  0.0000E+00  0.0000E+00  1.6691E-10
  0.0000E+00  0.0000E+00  1.6691E-10
  0.0000E+00  0.0000E+00  1.6691E-10
  0.0000E+00  0.0000E+00  1.6691E-10
  0.0000E+00  0.0000E+00  1.6691E-10
  0.0000E+00  0.0000E+00  1.6691E-10
  0.0000E+00  0.0000E+00  1.6691E-10
  0.0000E+00  0.0000E+00  1.6691E-10
  0.0000E+00  0.0000E+00 -6.2313E-10
  0.0000E+00  0.0000E+00 -6.2313E-10
  0.0000E+00  0.0000E+00 -6.2313E-10
  0.0000E+00  0.0000E+00 -6.2313E-10
  0.0000E+00  0.0000E+00 -6.2313E-10
  0.0000E+00  0.0000E+00 -6.2313E-10
  0.0000E+00  0.0000E+00 -6.2313E-10
  0.0000E+00  0.0000E+00 -6.2313E-10
  0.0000E+00  0.0000E+00 -6.2313E-10
  0.0000E+00  0.0000E+00  2.3256E-09
  0.0000E+00  0.0000E+00  2.3256E-09
  0.0000E+00  0.0000E+00  2.3256E-09
  0.0000E+00  0.0000E+00  2.3256E-09
  0.0000E+00  0.0000E+00  2.3256E-09
  0.0000E+00  0.0000E+00  2.3256E-09
  0.0000E+00  0.0000E+00  2.3256E-09
  0.0000E+00  0.0000E+00  2.3256E-09
  0.0000E+00  0.0000E+00  2.3256E-09
  0.0000E+00  0.0000E+00 -8.6793E-09
  0.0000E+00  0.0000E+00 -8.6793E-09
  0.0000E+00  0.0000E+00 -8.6793E-09
  0.0000E+00  0.0000E+00 -8.6793E-09
  0.0000E+00  0.0000E+00 -8.6793E-09
  0.0000E+00  0.0000E+00 -8.6793E-09
  0.0000E+00  0.0000E+00 -8.6793E-09
  0.0000E+00  0.0000E+00 -8.6793E-09
  0.0000E+00  0.0000E+00 -8.6793E-09
  0.0000E+00  0.0000E+00  3.2392E-08
  0.0000E+00  0.0000E+00  3.2392E-08
  0.0000E+00  0.0000E+00  3.2392E-08
  0.0000E+00  0.0000E+00  3.2392E-08
  0.0000E+00  0.0000E+00  3.2392E-08
  0.0000E+00  0.0000E+00  3.2392E-08
  0.0000E+00  0.0000E+00  3.2392E-08
  0.0000E+00  0.0000E+00  3.2392E-08
  0.0000E+00  0.0000E+00  3.2392E-08
  0.0000E+00  0.0000E+00 -1.2089E-07
  0.0000E+00  0.0000E+00 -1.2089E-07
  0.0000E+00  0.0000E+00 -1.2089E-07
  0.0000E+00  0.0000E+00 -1.2089E-07
  0.0000E+00  0.0000E+00 -1.2089E-07
  0.0000E+00  0.0000E+00 -1.2089E-07
  0.0000E+00  0.0000E+00 -1.2089E-07
  0.0000E+00  0.0000E+00 -1.2089E-07
  0.0000E+00  0.0000E+00 -1.2089E-07
  0.0000E+00  0.0000E+00  4.5116E-07
  0.0000E+00  0.0000E+00  4.5116E-07
  0.0000E+00  0.0000E+00  4.5116E-07
  0.0000E+00  0.0000E+00  4.5116E-07
  0.0000E+00  0.0000E+00  4.5116E-07
  0.0000E+00  0.0000E+00  4.5116E-07
  0.0000E+00  0.0000E+00  4.5116E-07
  0.0000E+00  0.0000E+00  4.5116E-07
  0.0000E+00  0.0000E+00  4.5116E-07
  0.0000E+00  0.0000E+00 -1.6837E-06
  0.0000E+00  0.0000E+00 -1.6837E-06
  0.0000E+00  0.0000E+00 -1.6837E-06
  0.0000E+00  0.0000E+00 -1.6837E-06
  0.0000E+00  0.0000E+00 -1.6837E-06
  0.0000E+00  0.0000E+00 -1.6837E-06
  0.0000E+00  0.0000E+00 -1.6837E-06
  0.0000E+00  0.0000E+00 -1.6837E-06
  0.0000E+00  0.0000E+00 -1.6837E-06
  0.0000E+00  0.0000E+00  6.2838E-06
  0.0000E+00  0.0000E+00  6.2838E-06
  0.0000E+00  0.0000E+00  6.2838E-06
  0.0000E+00  0.0000E+00  6.2838E-06
  0.0000E+00  0.0000E+00  6.2838E-06
  0.0000E+00  0.0000E+00  6.2838E-06
  0.0000E+00  0.0000E+00  6.2838E-06
  0.0000E+00  0.0000E+00  6.2838E-06
  0.0000E+00  0.0000E+00  6.2838E-06
  0.0000E+00  0.0000E+00 -2.3451E-05
  0.0000E+00  0.0000E+00 -2.3451E-05
  0.0000E+00  0.0000E+00 -2.3451E-05
  0.0000E+00  0.0000E+00 -2.3451E-05
  0.0000E+00  0.0000E+00 -2.3451E-05
  0.0000E+00  0.0000E+00 -2.3451E-05
  0.0000E+00  0.0000E+00 -2.3451E-05
  0.0000E+00  0.0000E+00 -2.3451E-05
  0.0000E+00  0.0000E+00 -2.3451E-05
  0.0000E+00  0.0000E+00  8.7522E-05
  0.0000E+00  0.0000E+00  8.7522E-05
  0.0000E+00  0.0000E+00  8.7522E-05
  0.0000E+00  0.0000E+00  8.7522E-05
  0.0000E+00  0.0000E+00  8.7522E-05
  0.0000E+00  0.0000E+00  8.7522E-05
  0.0000E+00  0.0000E+00  8.7522E-05
  0.0000E+00  0.0000E+00  8.7522E-05
  0.0000E+00  0.0000E+00  8.7522E-05
  0.0000E+00  0.0000E+00 -3.2664E-04
  0.0000E+00  0.0000E+00 -3.2664E-04
  0.0000E+00  0.0000E+00 -3.2664E-04
  0.0000E+00  0.0000E+00 -3.2664E-04
  0.0000E+00  0.0000E+00 -3.2664E-04
  0.0000E+00  0.0000E+00 -3.2664E-04
  0.0000E+00  0.0000E+00 -3.2664E-04
  0.0000E+00  0.0000E+00 -3.2664E-04
  0.0000E+00  0.0000E+00 -3.2664E-04
  0.0000E+00  0.0000E+00  1.2190E-03
  0.0000E+00  0.0000E+00  1.2190E-03
  0.0000E+00  0.0000E+00  1.2190E-03
  0.0000E+00  0.0000E+00  1.2190E-03
  0.0000E+00  0.0000E+00  1.2190E-03
  0.0000E+00  0.0000E+00  1.2190E-03
  0.0000E+00  0.0000E+00  1.2190E-03
  0.0000E+00  0.0000E+00  1.2190E-03
  0.0000E+00  0.0000E+00  1.2190E-03
  0.0000E+00  0.0000E+00 -4.5495E-03
  0.0000E+00  0.0000E+00 -4.5495E-03
  0.0000E+00  0.0000E+00 -4.5495E-03
  0.0000E+00  0.0000E+00 -4.5495E-03
  0.0000E+00  0.0000E+00 -4.5495E-03
  0.0000E+00  0.0000E+00 -4.5495E-03
  0.0000E+00  0.0000E+00 -4.5495E-03
  0.0000E+00  0.0000E+00 -4.5495E-03
  0.0000E+00  0.0000E+00 -4.5495E-03
  0.0000E+00  0.0000E+00  1.6979E-02
  0.0000E+00  0.0000E+00  1.6979E-02
  0.0000E+00  0.0000E+00  1.6979E-02
  0.0000E+00  0.0000E+00  1.6979E-02
  0.0000E+00  0.0000E+00  1.6979E-02
  0.0000E+00  0.0000E+00  1.6979E-02
  0.0000E+00  0.0000E+00  1.6979E-02
  0.0000E+00  0.0000E+00  1.6979E-02
  0.0000E+00  0.0000E+00  1.6979E-02
  0.0000E+00  0.0000E+00 -6.3366E-02
  0.0000E+00  0.0000E+00 -6.3366E-02
  0.0000E+00  0.0000E+00 -6.3366E-02
  0.0000E+00  0.0000E+00 -6.3366E-02
  0.0000E+00  0.0000E+00 -6.3366E-02
  0.0000E+00  0.0000E+00 -6.3366E-02
  0.0000E+00  0.0000E+00 -6.3366E-02
  0.0000E+00  0.0000E+00 -6.3366E-02
  0.0000E+00  0.0000E+00 -6.3366E-02
  0.0000E+00  0.0000E+00  2.3648E-01
  0.0000E+00  0.0000E+00  2.3648E-01
  0.0000E+00  0.0000E+00  2.3648E-01
  0.0000E+00  0.0000E+00  2.3648E-01
  0.0000E+00  0.0000E+00  2.3648E-01
  0.0000E+00  0.0000E+00  2.3648E-01
  0.0000E+00  0.0000E+00  2.3648E-01
  0.0000E+00  0.0000E+00  2.3648E-01
  0.0000E+00  0.0000E+00  2.3648E-01
  0.0000E+00  0.0000E+00 -8.8257E-01
  0.0000E+00  0.0000E+00 -8.8257E-01
  0.0000E+00  0.0000E+00 -8.8257E-01
  0.0000E+00  0.0000E+00 -8.8257E-01
  0.0000E+00  0.0000E+00 -8.8257E-01
  0.0000E+00  0.0000E+00 -8.8257E-01
  0.0000E+00  0.0000E+00 -8.8257E-01
  0.0000E+00  0.0000E+00 -8.8257E-01
  0.0000E+00  0.0000E+00 -8.8257E-01
   3.0000E+01
  0.0000E+00  0.0000E+00  0.0000E+00
  0.0000E+00  0.0000E+00  0.0000E+00
  0.0000E+00  0.0000E+00  0.0000E+00
  0.0000E+00  0.0000E+00  0.0000E+00
  0.0000E+00  0.0000E+00  0.0000E+00
  0.0000E+00  0.0000E+00  0.0000E+00
  0.0000E+00  0.0000E+00  0.0000E+00
  0.0000E+00  0.0000E+00  0.0000E+00
  0.0000E+00  0.0000E+00  0.0000E+00
 -3.4909E-04  3.4909E-04 -1.0363E-03
 -3.4730E-04 -4.2988E-18 -9.6904E-04
 -3.4909E-04 -3.4909E-04 -1.0363E-03
 -3.6423E-18  3.4730E-04 -9.6904E-04
  1.1674E-18  1.5572E-19 -8.9988E-04
  5.3538E-18 -3.4730E-04 -9.6904E-04
  3.4909E-04  3.4909E-04 -1.0363E-03
  3.4730E-04  4.3539E-18 -9.6904E-04
  3.4909E-04 -3.4909E-04 -1.0363E-03
 -3.3356E-04  3.3356E-04 -2.0893E-03
 -3.4078E-04 -9.4853E-18 -2.0848E-03
 -3.3356E-04 -3.3356E-04 -2.0893E-03
 -5.5379E-18  3.4078E-04 -2.0848E-03
  3.2675E-18 -6.2182E-19 -2.0801E-03
  1.2333E-17 -3.4078E-04 -2.0848E-03
  3.3356E-04  3.3356E-04 -2.0893E-03
  3.4078E-04  8.1862E-18 -2.0848E-03
  3.3356E-04 -3.3356E-04 -2.0893E-03
 -3.3696E-04  3.3696E-04 -3.2041E-03
 -3.3582E-04 -1.5804E-17 -3.2020E-03
 -3.3696E-04 -3.3696E-04 -3.2041E-03
 -7.7219E-18  3.3582E-04 -3.2020E-03
  5.9006E-18 -2.6614E-18 -3.2018E-03
  1.8746E-17 -3.3582E-04 -3.2020E-03
  3.3696E-04  3.3696E-04 -3.2041E-03
  3.3582E-04  1.0823E-17 -3.2020E-03
  3.3696E-04 -3.3696E-04 -3.2041E-03
 -3.4113E-04  3.4113E-04 -4.3347E-03
 -3.4107E-04 -2.2365E-17 -4.3321E-03
 -3.4113E-04 -3.4113E-04 -4.3347E-03
 -9.8545E-18  3.4107E-04 -4.3321E-03
  9.3327E-18 -4.2166E-18 -4.3293E-03
  2.6383E-17 -3.4107E-04 -4.3321E-03
  3.4113E-04  3.4113E-04 -4.3347E-03
  3.4107E-04  1.3665E-17 -4.3321E-03
  3.4113E-04 -3.4113E-04 -4.3347E-03
 -3.4748E-04  3.4748E-04 -5.4836E-03
 -3.4737E-04 -3.0800E-17 -5.4801E-03
 -3.4748E-04 -3.4748E-04 -5.4836E-03
 -1.2288E-17  3.4737E-04 -5.4801E-03
  1.3321E-17 -6.5786E-18 -5.4766E-03
  3.6230E-17 -3.4737E-04 -5.4801E-03
  3.4748E-04  3.4748E-04 -5.4836E-03
  3.4737E-04  1.7864E-17 -5.4801E-03
  3.4748E-04 -3.4748E-04 -5.4836E-03
 -3.5522E-04  3.5522E-04 -6.6556E-03
 -3.5511E-04 -4.1875E-17 -6.6514E-03
 -3.5522E-04 -3.5522E-04 -6.6556E-03
 -1.3192E-17  3.5511E-04 -6.6514E-03
  1.7920E-17 -1.0451E-17 -6.6471E-03
  5.0436E-17 -3.5511E-04 -6.6514E-03
  3.5522E-04  3.5522E-04 -6.6556E-03
  3.5511E-04  2.1405E-17 -6.6514E-03
  3.5522E-04 -3.5522E-04 -6.6556E-03
 -3.6447E-04  3.6447E-04 -7.8561E-03
 -3.6435E-04 -5.3710E-17 -7.8511E-03
 -3.6447E-04 -3.6447E-04 -7.8561E-03
 -1.0585E-17  3.6435E-04 -7.8511E-03
  2.6184E-17 -1.6619E-17 -7.8461E-03
  6.4731E-17 -3.6435E-04 -7.8511E-03
  3.6447E-04  3.6447E-04 -7.8561E-03
  3.6435E-04  2.1753E-17 -7.8511E-03
  3.6447E-04 -3.6447E-04 -7.8561E-03
 -3.7527E-04  3.7527E-04 -9.0898E-03
 -3.7515E-04 -6.5594E-17 -9.0840E-03
 -3.7527E-04 -3.7527E-04 -9.0898E-03
 -4.6171E-18  3.7515E-04 -9.0840E-03
  3.9516E-17 -2.2600E-17 -9.0782E-03
  8.0810E-17 -3.7515E-04 -9.0840E-03
  3.7527E-04  3.7527E-04 -9.0898E-03
  3.7515E-04  2.0933E-17 -9.0840E-03
  3.7527E-04 -3.7527E-04 -9.0898E-03
 -3.8767E-04  3.8767E-04 -1.0363E-02
 -3.8755E-04 -7.4366E-17 -1.0356E-02
 -3.8767E-04 -3.8767E-04 -1.0363E-02
  7.6698E-18  3.8755E-04 -1.0356E-02
  5.5600E-17 -2.3231E-17 -1.0350E-02
  1.0628E-16 -3.8755E-04 -1.0356E-02
  3.8767E-04  3.8767E-04 -1.0363E-02
  3.8755E-04  2.5031E-17 -1.0356E-02
  3.8767E-04 -3.8767E-04 -1.0363E-02
 -4.0172E-04  4.0172E-04 -1.1678E-02
 -4.0159E-04 -7.9002E-17 -1.1670E-02
 -4.0172E-04 -4.0172E-04 -1.1678E-02
  2.1265E-17  4.0159E-04 -1.1670E-02
  7.6372E-17 -2.4100E-17 -1.1663E-02
  1.3463E-16 -4.0159E-04 -1.1670E-02
  4.0172E-04  4.0172E-04 -1.1678E-02
  4.0159E-04  3.2081E-17 -1.1670E-02
  4.0172E-04 -4.0172E-04 -1.1678E-02
 -4.1748E-04  4.1748E-04 -1.3052E-02
 -4.1735E-04 -8.0876E-17 -1.3044E-02
 -4.1748E-04 -4.1748E-04 -1.3052E-02
  4.0440E-17  4.1735E-04 -1.3044E-02
  1.0381E-16 -1.7455E-17 -1.3035E-02
  1.6788E-16 -4.1735E-04 -1.3044E-02
  4.1748E-04  4.1748E-04 -1.3052E-02
  4.1735E-04  4.4368E-17 -1.3044E-02
  4.1748E-04 -4.1748E-04 -1.3052E-02
 -4.3501E-04  4.3501E-04 -1.4444E-02
 -4.3488E-04 -7.8705E-17 -1.4435E-02
 -4.3501E-04 -4.3501E-04 -1.4444E-02
  5.9594E-17  4.3488E-04 -1.4435E-02
  1.2681E-16 -1.0917E-17 -1.4426E-02
  1.9345E-16 -4.3488E-04 -1.4435E-02
  4.3501E-04  4.3501E-04 -1.4444E-02
  4.3488E-04  5.4477E-17 -1.4435E-02
  4.3501E-04 -4.3501E-04 -1.4444E-02
 -4.5440E-04  4.5440E-04 -1.6039E-02
 -4.5426E-04 -7.5958E-17 -1.6028E-02
 -4.5440E-04 -4.5440E-04 -1.6039E-02
  6.9289E-17  4.5426E-04 -1.6028E-02
  1.3925E-16 -4.9721E-18 -1.6018E-02
  2.0877E-16 -4.5426E-04 -1.6028E-02
  4.5440E-04  4.5440E-04 -1.6039E-02
  4.5426E-04  6.1784E-17 -1.6028E-02
  4.5440E-04 -4.5440E-04 -1.6039E-02
 -4.7572E-04  4.7572E-04 -1.7176E-02
 -4.7558E-04 -7.0022E-17 -1.7165E-02
 -4.7572E-04 -4.7572E-04 -1.7176E-02
  6.3024E-17  4.7558E-04 -1.7165E-02
  1.3557E-16  2.0537E-18 -1.7154E-02
  2.1041E-16 -4.7558E-04 -1.7165E-02
  4.7572E-04  4.7572E-04 -1.7176E-02
  4.7558E-04  7.6122E-17 -1.7165E-02
  4.7572E-04 -4.7572E-04 -1.7176E-02
 -4.9907E-04  4.9907E-04 -2.0348E-02
 -4.9892E-04 -6.3178E-17 -2.0335E-02
 -4.9907E-04 -4.9907E-04 -2.0348E-02
  3.4232E-17  4.9892E-04 -2.0335E-02
  1.1538E-16  1.8267E-17 -2.0323E-02
  1.9826E-16 -4.9892E-04 -2.0335E-02
  4.9907E-04  4.9907E-04 -2.0348E-02
  4.9892E-04  9.7808E-17 -2.0335E-02
  4.9907E-04 -4.9907E-04 -2.0348E-02
 -5.2454E-04  5.2454E-04 -1.6286E-02
 -5.2439E-04 -4.3486E-17 -1.6273E-02
 -5.2454E-04 -5.2454E-04 -1.6286E-02
 -9.1020E-18  5.2439E-04 -1.6273E-02
  6.9664E-17  4.1616E-17 -1.6260E-02
  1.5982E-16 -5.2439E-04 -1.6273E-02
  5.2454E-04  5.2454E-04 -1.6286E-02
  5.2439E-04  1.2456E-16 -1.6273E-02
  5.2454E-04 -5.2454E-04 -1.6286E-02
 -5.5227E-04  5.5227E-04 -3.9611E-02
 -5.5206E-04 -1.1610E-17 -3.9596E-02
 -5.5227E-04 -5.5227E-04 -3.9611E-02
 -7.5183E-17  5.5206E-04 -3.9596E-02
  1.0033E-17  7.2639E-17 -3.9582E-02
  9.3217E-17 -5.5206E-04 -3.9596E-02
  5.5227E-04  5.5227E-04 -3.9611E-02
  5.5206E-04  1.6077E-16 -3.9596E-02
  5.5227E-04 -5.5227E-04 -3.9611E-02
 -5.8238E-04  5.8238E-04  3.8842E-02
 -5.8243E-04  3.5687E-17  3.8857E-02
 -5.8238E-04 -5.8238E-04  3.8842E-02
 -1.5588E-16  5.8243E-04  3.8857E-02
 -7.1183E-17  1.2280E-16  3.8873E-02
  1.4339E-17 -5.8243E-04  3.8857E-02
  5.8238E-04  5.8238E-04  3.8842E-02
  5.8243E-04  2.0322E-16  3.8857E-02
  5.8238E-04 -5.8238E-04  3.8842E-02
 -6.1575E-04  6.1575E-04 -2.6300E-01
 -6.1611E-04  8.1845E-17 -2.6299E-01
 -6.1575E-04 -6.1575E-04 -2.6300E-01
 -2.4009E-16  6.1611E-04 -2.6299E-01
 -1.5490E-16  1.7414E-16 -2.6298E-01
 -6.5861E-17 -6.1611E-04 -2.6299E-01
  6.1575E-04  6.1575E-04 -2.6300E-01
  6.1611E-04  2.5352E-16 -2.6299E-01
  6.1575E-04 -6.1575E-04 -2.6300E-01
 -6.3721E-04  6.3721E-04  8.5395E-01
 -6.3756E-04  1.2893E-16  8.5397E-01
 -6.3721E-04 -6.3721E-04  8.5395E-01
 -3.2068E-16  6.3756E-04  8.5397E-01
 -2.3192E-16  2.2012E-16  8.5398E-01
 -1.4508E-16 -6.3756E-04  8.5397E-01
  6.3721E-04  6.3721E-04  8.5395E-01
  6.3756E-04  3.0657E-16  8.5397E-01
  6.3721E-04 -6.3721E-04  8.5395E-01
