Scalar STRESSP2 under Dynam for nodeset
189
   0.0000E+00
  0.0000E+00
  0.0000E+00
  0.0000E+00
  0.0000E+00
  0.0000E+00
  0.0000E+00
  0.0000E+00
  0.0000E+00
  0.0000E+00
  0.0000E+00
  0.0000E+00
  0.0000E+00
  0.0000E+00
  0.0000E+00
  0.0000E+00
  0.0000E+00
  0.0000E+00
  0.0000E+00
  0.0000E+00
  0.0000E+00
  0.0000E+00
  0.0000E+00
  0.0000E+00
  0.0000E+00
  0.0000E+00
  0.0000E+00
  0.0000E+00
  0.0000E+00
  0.0000E+00
  0.0000E+00
  0.0000E+00
  0.0000E+00
  0.0000E+00
  0.0000E+00
  0.0000E+00
  0.0000E+00
  0.0000E+00
  0.0000E+00
  0.0000E+00
  0.0000E+00
  0.0000E+00
  0.0000E+00
  0.0000E+00
  0.0000E+00
  0.0000E+00
  0.0000E+00
  0.0000E+00
  0.0000E+00
  0.0000E+00
  0.0000E+00
  0.0000E+00
  0.0000E+00
  0.0000E+00
  0.0000E+00
  0.0000E+00
  0.0000E+00
  0.0000E+00
  0.0000E+00
  0.0000E+00
  0.0000E+00
  0.0000E+00
  0.0000E+00
  0.0000E+00
  0.0000E+00
  0.0000E+00
  0.0000E+00
  0.0000E+00
  0.0000E+00
  0.0000E+00
  0.0000E+00
  0.0000E+00
  0.0000E+00
  0.0000E+00
  0.0000E+00
  0.0000E+00
  0.0000E+00
  0.0000E+00
  0.0000E+00
  0.0000E+00
  0.0000E+00
  0.0000E+00
  0.0000E+00
  0.0000E+00
  0.0000E+00
  0.0000E+00
  0.0000E+00
  0.0000E+00
  0.0000E+00
  0.0000E+00
  0.0000E+00
  0.0000E+00
  0.0000E+00
  0.0000E+00
  0.0000E+00
  0.0000E+00
  0.0000E+00
  0.0000E+00
  0.0000E+00
  0.0000E+00
  0.0000E+00
  0.0000E+00
  0.0000E+00
  0.0000E+00
  0.0000E+00
  0.0000E+00
  0.0000E+00
  0.0000E+00
  0.0000E+00
  0.0000E+00
  0.0000E+00
  0.0000E+00
  0.0000E+00
  0.0000E+00
  0.0000E+00
  0.0000E+00
  0.0000E+00
  0.0000E+00
  0.0000E+00
  0.0000E+00
  0.0000E+00
  0.0000E+00
  0.0000E+00
  0.0000E+00
  0.0000E+00
  0.0000E+00
  0.0000E+00
  0.0000E+00
  0.0000E+00
  0.0000E+00
  0.0000E+00
  0.0000E+00
  0.0000E+00
  0.0000E+00
  0.0000E+00
  0.0000E+00
  0.0000E+00
  0.0000E+00
  0.0000E+00
  0.0000E+00
  0.0000E+00
  0.0000E+00
  0.0000E+00
  0.0000E+00
  0.0000E+00
  0.0000E+00
  0.0000E+00
  0.0000E+00
  0.0000E+00
  0.0000E+00
  0.0000E+00
  0.0000E+00
  0.0000E+00
  0.0000E+00
  0.0000E+00
  0.0000E+00
  0.0000E+00
  0.0000E+00
  0.0000E+00
  0.0000E+00
  0.0000E+00
  0.0000E+00
  0.0000E+00
  0.0000E+00
  0.0000E+00
  0.0000E+00
  0.0000E+00
  0.0000E+00
  0.0000E+00
  0.0000E+00
  0.0000E+00
  0.0000E+00
  0.0000E+00
  0.0000E+00
  0.0000E+00
  0.0000E+00
  0.0000E+00
  0.0000E+00
  0.0000E+00
  0.0000E+00
  0.0000E+00
  0.0000E+00
  0.0000E+00
  0.0000E+00
  0.0000E+00
  0.0000E+00
  0.0000E+00
  0.0000E+00
  0.0000E+00
  0.0000E+00
   3.0000E+02
 -4.4438E+02
 -3.9866E+02
 -4.4438E+02
 -3.9866E+02
 -3.5494E+02
 -3.9866E+02
 -4.4438E+02
 -3.9866E+02
 -4.4438E+02
  2.2011E+01
  2.8690E+01
  2.2011E+01
  2.8690E+01
  4.2056E+01
  2.8690E+01
  2.2011E+01
  2.8690E+01
  2.2011E+01
  3.3674E+01
  8.9862E+00
  3.3674E+01
  8.9862E+00
 -1.4544E+01
  8.9862E+00
  3.3674E+01
  8.9862E+00
  3.3674E+01
  4.8207E+01
  6.2588E+01
  4.8207E+01
  6.2588E+01
  5.9135E+01
  6.2588E+01
  4.8207E+01
  6.2588E+01
  4.8207E+01
 -2.4427E+01
 -1.9262E+01
 -2.4427E+01
 -1.9262E+01
 -6.9766E+00
 -1.9262E+01
 -2.4427E+01
 -1.9262E+01
 -2.4427E+01
 -1.7525E+02
 -1.6334E+02
 -1.7525E+02
 -1.6334E+02
 -1.3690E+02
 -1.6334E+02
 -1.7525E+02
 -1.6334E+02
 -1.7525E+02
  2.8705E+01
  5.9934E+01
  2.8705E+01
  5.9934E+01
  7.8837E+01
  5.9934E+01
  2.8705E+01
  5.9934E+01
  2.8705E+01
  1.1860E+02
  7.7945E+01
  1.1860E+02
  7.7945E+01
  4.3237E+01
  7.7945E+01
  1.1860E+02
  7.7945E+01
  1.1860E+02
 -1.6374E+01
 -8.7336E+00
 -1.6374E+01
 -8.7336E+00
 -1.9575E+01
 -8.7336E+00
 -1.6374E+01
 -8.7336E+00
 -1.6374E+01
 -6.1842E+01
 -2.4744E-01
 -6.1842E+01
 -2.4744E-01
  5.9067E+01
 -2.4744E-01
 -6.1842E+01
 -2.4744E-01
 -6.1842E+01
 -2.4343E+01
 -5.0815E+01
 -2.4343E+01
 -5.0815E+01
 -8.7563E+01
 -5.0815E+01
 -2.4343E+01
 -5.0815E+01
 -2.4343E+01
 -3.9494E+01
 -1.8357E+01
 -3.9494E+01
 -1.8357E+01
 -1.5437E+00
 -1.8357E+01
 -3.9494E+01
 -1.8357E+01
 -3.9494E+01
 -1.8426E+02
 -7.6115E+01
 -1.8426E+02
 -7.6115E+01
 -3.0305E+01
 -7.6115E+01
 -1.8426E+02
 -7.6115E+01
 -1.8426E+02
  3.5429E+01
 -4.2713E+01
  3.5429E+01
 -4.2713E+01
 -5.6515E+01
 -4.2713E+01
  3.5429E+01
 -4.2713E+01
  3.5429E+01
 -2.8194E+01
 -2.7751E+01
 -2.8194E+01
 -2.7751E+01
 -1.2582E+01
 -2.7751E+01
 -2.8194E+01
 -2.7751E+01
 -2.8194E+01
 -4.9896E+01
  2.5108E+01
 -4.9896E+01
  2.5108E+01
  4.0177E+01
  2.5108E+01
 -4.9896E+01
  2.5108E+01
 -4.9896E+01
  1.3717E+01
  5.4355E+00
  1.3717E+01
  5.4355E+00
  8.7903E+00
  5.4355E+00
  1.3717E+01
  5.4355E+00
  1.3717E+01
 -4.6788E+01
 -3.7490E+01
 -4.6788E+01
 -3.7490E+01
 -3.0287E+00
 -3.7490E+01
 -4.6788E+01
 -3.7490E+01
 -4.6788E+01
 -8.3536E+00
  1.2208E+01
 -8.3536E+00
  1.2208E+01
  2.1184E+01
  1.2208E+01
 -8.3536E+00
  1.2208E+01
 -8.3536E+00
  5.3105E+01
  4.9920E+01
  5.3105E+01
  4.9920E+01
  3.6470E+01
  4.9920E+01
  5.3105E+01
  4.9920E+01
  5.3105E+01
  2.8844E+02
  2.6859E+02
  2.8844E+02
  2.6859E+02
  2.4598E+02
  2.6859E+02
  2.8844E+02
  2.6859E+02
  2.8844E+02
