Scalar STRAINXY under Dynam for nodeset
189
   0.0000E+00
  0.0000E+00
  0.0000E+00
  0.0000E+00
  0.0000E+00
  0.0000E+00
  0.0000E+00
  0.0000E+00
  0.0000E+00
  0.0000E+00
  0.0000E+00
  0.0000E+00
  0.0000E+00
  0.0000E+00
  0.0000E+00
  0.0000E+00
  0.0000E+00
  0.0000E+00
  0.0000E+00
  0.0000E+00
  0.0000E+00
  0.0000E+00
  0.0000E+00
  0.0000E+00
  0.0000E+00
  0.0000E+00
  0.0000E+00
  0.0000E+00
  0.0000E+00
  0.0000E+00
  0.0000E+00
  0.0000E+00
  0.0000E+00
  0.0000E+00
  0.0000E+00
  0.0000E+00
  0.0000E+00
  0.0000E+00
  0.0000E+00
  0.0000E+00
  0.0000E+00
  0.0000E+00
  0.0000E+00
  0.0000E+00
  0.0000E+00
  0.0000E+00
  0.0000E+00
  0.0000E+00
  0.0000E+00
  0.0000E+00
  0.0000E+00
  0.0000E+00
  0.0000E+00
  0.0000E+00
  0.0000E+00
  0.0000E+00
  0.0000E+00
  0.0000E+00
  0.0000E+00
  0.0000E+00
  0.0000E+00
  0.0000E+00
  0.0000E+00
  0.0000E+00
  0.0000E+00
  0.0000E+00
  0.0000E+00
  0.0000E+00
  0.0000E+00
  0.0000E+00
  0.0000E+00
  0.0000E+00
  0.0000E+00
  0.0000E+00
  0.0000E+00
  0.0000E+00
  0.0000E+00
  0.0000E+00
  0.0000E+00
  0.0000E+00
  0.0000E+00
  0.0000E+00
  0.0000E+00
  0.0000E+00
  0.0000E+00
  0.0000E+00
  0.0000E+00
  0.0000E+00
  0.0000E+00
  0.0000E+00
  0.0000E+00
  0.0000E+00
  0.0000E+00
  0.0000E+00
  0.0000E+00
  0.0000E+00
  0.0000E+00
  0.0000E+00
  0.0000E+00
  0.0000E+00
  0.0000E+00
  0.0000E+00
  0.0000E+00
  0.0000E+00
  0.0000E+00
  0.0000E+00
  0.0000E+00
  0.0000E+00
  0.0000E+00
  0.0000E+00
  0.0000E+00
  0.0000E+00
  0.0000E+00
  0.0000E+00
  0.0000E+00
  0.0000E+00
  0.0000E+00
  0.0000E+00
  0.0000E+00
  0.0000E+00
  0.0000E+00
  0.0000E+00
  0.0000E+00
  0.0000E+00
  0.0000E+00
  0.0000E+00
  0.0000E+00
  0.0000E+00
  0.0000E+00
  0.0000E+00
  0.0000E+00
  0.0000E+00
  0.0000E+00
  0.0000E+00
  0.0000E+00
  0.0000E+00
  0.0000E+00
  0.0000E+00
  0.0000E+00
  0.0000E+00
  0.0000E+00
  0.0000E+00
  0.0000E+00
  0.0000E+00
  0.0000E+00
  0.0000E+00
  0.0000E+00
  0.0000E+00
  0.0000E+00
  0.0000E+00
  0.0000E+00
  0.0000E+00
  0.0000E+00
  0.0000E+00
  0.0000E+00
  0.0000E+00
  0.0000E+00
  0.0000E+00
  0.0000E+00
  0.0000E+00
  0.0000E+00
  0.0000E+00
  0.0000E+00
  0.0000E+00
  0.0000E+00
  0.0000E+00
  0.0000E+00
  0.0000E+00
  0.0000E+00
  0.0000E+00
  0.0000E+00
  0.0000E+00
  0.0000E+00
  0.0000E+00
  0.0000E+00
  0.0000E+00
  0.0000E+00
  0.0000E+00
  0.0000E+00
  0.0000E+00
  0.0000E+00
  0.0000E+00
  0.0000E+00
  0.0000E+00
  0.0000E+00
  0.0000E+00
  0.0000E+00
  0.0000E+00
  0.0000E+00
  0.0000E+00
   3.0000E+00
  0.0000E+00
  0.0000E+00
  0.0000E+00
  0.0000E+00
  0.0000E+00
  0.0000E+00
  0.0000E+00
  0.0000E+00
  0.0000E+00
 -9.3995E-08
 -1.0422E-21
  9.3995E-08
  0.0000E+00
  1.9592E-22
  5.5587E-22
  9.3995E-08
  1.2110E-21
 -9.3995E-08
 -7.9494E-08
  1.4194E-21
  7.9494E-08
  8.4703E-22
 -5.3370E-22
 -1.9124E-21
  7.9494E-08
 -1.0059E-21
 -7.9494E-08
 -2.3432E-07
 -1.9852E-22
  2.3432E-07
 -1.9058E-21
 -8.7519E-22
  2.5808E-21
  2.3432E-07
 -3.4940E-21
 -2.3432E-07
 -4.3142E-07
  4.5528E-21
  4.3142E-07
  2.5411E-21
  6.3495E-22
  7.8086E-22
  4.3142E-07
 -7.3057E-21
 -4.3142E-07
 -8.3295E-07
 -1.3235E-20
  8.3295E-07
 -8.4703E-22
 -9.4811E-21
 -8.3115E-21
  8.3295E-07
 -7.2262E-21
 -8.3295E-07
 -1.6110E-06
 -1.4294E-20
  1.6110E-06
 -4.9128E-20
 -9.6078E-21
  2.5411E-20
  1.6110E-06
 -1.2547E-20
 -1.6110E-06
 -3.1184E-06
 -1.1435E-20
  3.1184E-06
  5.7598E-20
 -1.3146E-20
 -2.2764E-20
  3.1184E-06
  8.4703E-21
 -3.1184E-06
 -6.0376E-06
 -1.2282E-20
  6.0376E-06
 -8.1315E-20
  4.9299E-20
  2.1472E-19
  6.0376E-06
  5.2093E-20
 -6.0376E-06
 -1.1690E-05
  2.3971E-19
  1.1690E-05
  3.2526E-19
  1.0868E-19
 -1.7364E-19
  1.1690E-05
 -1.3171E-19
 -1.1690E-05
 -2.2636E-05
 -9.0378E-19
  2.2636E-05
 -1.6263E-19
  1.1599E-19
  1.6941E-19
  2.2636E-05
  9.1734E-19
 -2.2636E-05
 -4.3829E-05
  7.0134E-19
  4.3829E-05
  0.0000E+00
 -2.7161E-19
 -5.0822E-20
  4.3829E-05
 -1.1147E-18
 -4.3829E-05
 -8.4869E-05
 -7.2506E-19
  8.4869E-05
 -2.7105E-18
 -1.2397E-18
 -1.8635E-19
  8.4869E-05
  0.0000E+00
 -8.4869E-05
 -1.6436E-04
 -5.5294E-18
  1.6436E-04
  1.5179E-18
 -8.2577E-19
 -1.6602E-18
  1.6436E-04
 -3.7947E-19
 -1.6436E-04
 -3.1801E-04
  1.0124E-17
  3.1801E-04
  1.2577E-17
  2.7299E-18
 -7.2235E-18
  3.1801E-04
  9.8933E-19
 -3.1801E-04
 -6.1761E-04
 -1.0842E-18
  6.1761E-04
 -1.5613E-17
 -8.8144E-18
  5.5023E-18
  6.1761E-04
 -1.1628E-17
 -6.1761E-04
 -1.1535E-03
 -1.5721E-17
  1.1535E-03
  1.2143E-17
 -4.0794E-19
 -1.5179E-18
  1.1535E-03
  2.5967E-17
 -1.1535E-03
 -2.7879E-03
 -6.9389E-18
  2.7879E-03
  3.4694E-18
 -4.9807E-18
 -6.1800E-18
  2.7879E-03
  6.2884E-18
 -2.7879E-03
 -2.8332E-03
  4.5320E-17
  2.8332E-03
  2.0817E-17
  3.3858E-17
  3.4152E-17
  2.8332E-03
  5.9306E-17
 -2.8332E-03
 -3.1259E-04
 -2.7665E-16
  3.1259E-04
 -3.0531E-16
 -1.3785E-16
 -3.4830E-17
  3.1259E-04
 -1.8656E-16
 -3.1259E-04
  1.0883E-03
  1.4572E-16
 -1.0883E-03
  2.9143E-16
  5.0180E-17
 -2.2172E-17
 -1.0883E-03
 -4.3585E-17
  1.0883E-03
