Scalar DZ under Dynam for nodeset
189
   0.0000E+00
  0.0000E+00
  0.0000E+00
  0.0000E+00
  0.0000E+00
  0.0000E+00
  0.0000E+00
  0.0000E+00
  0.0000E+00
  0.0000E+00
  0.0000E+00
  0.0000E+00
  0.0000E+00
  0.0000E+00
  0.0000E+00
  0.0000E+00
  0.0000E+00
  0.0000E+00
  0.0000E+00
  0.0000E+00
  0.0000E+00
  0.0000E+00
  0.0000E+00
  0.0000E+00
  0.0000E+00
  0.0000E+00
  0.0000E+00
  0.0000E+00
  0.0000E+00
  0.0000E+00
  0.0000E+00
  0.0000E+00
  0.0000E+00
  0.0000E+00
  0.0000E+00
  0.0000E+00
  0.0000E+00
  0.0000E+00
  0.0000E+00
  0.0000E+00
  0.0000E+00
  0.0000E+00
  0.0000E+00
  0.0000E+00
  0.0000E+00
  0.0000E+00
  0.0000E+00
  0.0000E+00
  0.0000E+00
  0.0000E+00
  0.0000E+00
  0.0000E+00
  0.0000E+00
  0.0000E+00
  0.0000E+00
  0.0000E+00
  0.0000E+00
  0.0000E+00
  0.0000E+00
  0.0000E+00
  0.0000E+00
  0.0000E+00
  0.0000E+00
  0.0000E+00
  0.0000E+00
  0.0000E+00
  0.0000E+00
  0.0000E+00
  0.0000E+00
  0.0000E+00
  0.0000E+00
  0.0000E+00
  0.0000E+00
  0.0000E+00
  0.0000E+00
  0.0000E+00
  0.0000E+00
  0.0000E+00
  0.0000E+00
  0.0000E+00
  0.0000E+00
  0.0000E+00
  0.0000E+00
  0.0000E+00
  0.0000E+00
  0.0000E+00
  0.0000E+00
  0.0000E+00
  0.0000E+00
  0.0000E+00
  0.0000E+00
  0.0000E+00
  0.0000E+00
  0.0000E+00
  0.0000E+00
  0.0000E+00
  0.0000E+00
  0.0000E+00
  0.0000E+00
  0.0000E+00
  0.0000E+00
  0.0000E+00
  0.0000E+00
  0.0000E+00
  0.0000E+00
  0.0000E+00
  0.0000E+00
  0.0000E+00
  0.0000E+00
  0.0000E+00
  0.0000E+00
  0.0000E+00
  0.0000E+00
  0.0000E+00
  0.0000E+00
  0.0000E+00
  0.0000E+00
  0.0000E+00
  0.0000E+00
  0.0000E+00
  0.0000E+00
  0.0000E+00
  0.0000E+00
  0.0000E+00
  0.0000E+00
  0.0000E+00
  0.0000E+00
  0.0000E+00
  0.0000E+00
  0.0000E+00
  0.0000E+00
  0.0000E+00
  0.0000E+00
  0.0000E+00
  0.0000E+00
  0.0000E+00
  0.0000E+00
  0.0000E+00
  0.0000E+00
  0.0000E+00
  0.0000E+00
  0.0000E+00
  0.0000E+00
  0.0000E+00
  0.0000E+00
  0.0000E+00
  0.0000E+00
  0.0000E+00
  0.0000E+00
  0.0000E+00
  0.0000E+00
  0.0000E+00
  0.0000E+00
  0.0000E+00
  0.0000E+00
  0.0000E+00
  0.0000E+00
  0.0000E+00
  0.0000E+00
  0.0000E+00
  0.0000E+00
  0.0000E+00
  0.0000E+00
  0.0000E+00
  0.0000E+00
  0.0000E+00
  0.0000E+00
  0.0000E+00
  0.0000E+00
  0.0000E+00
  0.0000E+00
  0.0000E+00
  0.0000E+00
  0.0000E+00
  0.0000E+00
  0.0000E+00
  0.0000E+00
  0.0000E+00
  0.0000E+00
  0.0000E+00
  0.0000E+00
  0.0000E+00
  0.0000E+00
  0.0000E+00
  0.0000E+00
  0.0000E+00
  0.0000E+00
  0.0000E+00
  0.0000E+00
  0.0000E+00
   3.0000E+02
  0.0000E+00
  0.0000E+00
  0.0000E+00
  0.0000E+00
  0.0000E+00
  0.0000E+00
  0.0000E+00
  0.0000E+00
  0.0000E+00
 -1.8787E-01
 -1.6854E-01
 -1.8787E-01
 -1.6854E-01
 -1.5006E-01
 -1.6854E-01
 -1.8787E-01
 -1.6854E-01
 -1.8787E-01
 -3.8775E-01
 -3.7538E-01
 -3.8775E-01
 -3.7538E-01
 -3.5670E-01
 -3.7538E-01
 -3.8775E-01
 -3.7538E-01
 -3.8775E-01
 -5.5358E-01
 -5.5511E-01
 -5.5358E-01
 -5.5511E-01
 -5.5665E-01
 -5.5511E-01
 -5.5358E-01
 -5.5511E-01
 -5.5358E-01
 -6.7453E-01
 -6.8875E-01
 -6.7453E-01
 -6.8875E-01
 -7.1263E-01
 -6.8875E-01
 -6.7453E-01
 -6.8875E-01
 -6.7453E-01
 -7.9383E-01
 -7.8790E-01
 -7.9383E-01
 -7.8790E-01
 -7.7581E-01
 -7.8790E-01
 -7.9383E-01
 -7.8790E-01
 -7.9383E-01
 -8.9113E-01
 -8.7667E-01
 -8.9113E-01
 -8.7667E-01
 -8.5937E-01
 -8.7667E-01
 -8.9113E-01
 -8.7667E-01
 -8.9113E-01
 -1.0067E+00
 -1.0170E+00
 -1.0067E+00
 -1.0170E+00
 -1.0318E+00
 -1.0170E+00
 -1.0067E+00
 -1.0170E+00
 -1.0067E+00
 -1.1530E+00
 -1.1722E+00
 -1.1530E+00
 -1.1722E+00
 -1.1834E+00
 -1.1722E+00
 -1.1530E+00
 -1.1722E+00
 -1.1530E+00
 -1.2172E+00
 -1.2199E+00
 -1.2172E+00
 -1.2199E+00
 -1.2419E+00
 -1.2199E+00
 -1.2172E+00
 -1.2199E+00
 -1.2172E+00
 -1.2325E+00
 -1.2257E+00
 -1.2325E+00
 -1.2257E+00
 -1.2169E+00
 -1.2257E+00
 -1.2325E+00
 -1.2257E+00
 -1.2325E+00
 -1.2260E+00
 -1.2270E+00
 -1.2260E+00
 -1.2270E+00
 -1.1922E+00
 -1.2270E+00
 -1.2260E+00
 -1.2270E+00
 -1.2260E+00
 -1.2388E+00
 -1.2221E+00
 -1.2388E+00
 -1.2221E+00
 -1.2331E+00
 -1.2221E+00
 -1.2388E+00
 -1.2221E+00
 -1.2388E+00
 -1.2890E+00
 -1.2819E+00
 -1.2890E+00
 -1.2819E+00
 -1.2918E+00
 -1.2819E+00
 -1.2890E+00
 -1.2819E+00
 -1.2890E+00
 -1.3389E+00
 -1.3576E+00
 -1.3389E+00
 -1.3576E+00
 -1.3436E+00
 -1.3576E+00
 -1.3389E+00
 -1.3576E+00
 -1.3389E+00
 -1.4974E+00
 -1.4897E+00
 -1.4974E+00
 -1.4897E+00
 -1.4884E+00
 -1.4897E+00
 -1.4974E+00
 -1.4897E+00
 -1.4974E+00
 -1.6711E+00
 -1.6582E+00
 -1.6711E+00
 -1.6582E+00
 -1.6640E+00
 -1.6582E+00
 -1.6711E+00
 -1.6582E+00
 -1.6711E+00
 -1.9042E+00
 -1.8996E+00
 -1.9042E+00
 -1.8996E+00
 -1.8908E+00
 -1.8996E+00
 -1.9042E+00
 -1.8996E+00
 -1.9042E+00
 -2.1656E+00
 -2.1455E+00
 -2.1656E+00
 -2.1455E+00
 -2.1232E+00
 -2.1455E+00
 -2.1656E+00
 -2.1455E+00
 -2.1656E+00
 -2.4958E+00
 -2.4706E+00
 -2.4958E+00
 -2.4706E+00
 -2.4506E+00
 -2.4706E+00
 -2.4958E+00
 -2.4706E+00
 -2.4958E+00
 -2.7876E+00
 -2.7635E+00
 -2.7876E+00
 -2.7635E+00
 -2.7457E+00
 -2.7635E+00
 -2.7876E+00
 -2.7635E+00
 -2.7876E+00
