Scalar STRAINXZ under Dynam for nodeset
189
   0.0000E+00
  0.0000E+00
  0.0000E+00
  0.0000E+00
  0.0000E+00
  0.0000E+00
  0.0000E+00
  0.0000E+00
  0.0000E+00
  0.0000E+00
  0.0000E+00
  0.0000E+00
  0.0000E+00
  0.0000E+00
  0.0000E+00
  0.0000E+00
  0.0000E+00
  0.0000E+00
  0.0000E+00
  0.0000E+00
  0.0000E+00
  0.0000E+00
  0.0000E+00
  0.0000E+00
  0.0000E+00
  0.0000E+00
  0.0000E+00
  0.0000E+00
  0.0000E+00
  0.0000E+00
  0.0000E+00
  0.0000E+00
  0.0000E+00
  0.0000E+00
  0.0000E+00
  0.0000E+00
  0.0000E+00
  0.0000E+00
  0.0000E+00
  0.0000E+00
  0.0000E+00
  0.0000E+00
  0.0000E+00
  0.0000E+00
  0.0000E+00
  0.0000E+00
  0.0000E+00
  0.0000E+00
  0.0000E+00
  0.0000E+00
  0.0000E+00
  0.0000E+00
  0.0000E+00
  0.0000E+00
  0.0000E+00
  0.0000E+00
  0.0000E+00
  0.0000E+00
  0.0000E+00
  0.0000E+00
  0.0000E+00
  0.0000E+00
  0.0000E+00
  0.0000E+00
  0.0000E+00
  0.0000E+00
  0.0000E+00
  0.0000E+00
  0.0000E+00
  0.0000E+00
  0.0000E+00
  0.0000E+00
  0.0000E+00
  0.0000E+00
  0.0000E+00
  0.0000E+00
  0.0000E+00
  0.0000E+00
  0.0000E+00
  0.0000E+00
  0.0000E+00
  0.0000E+00
  0.0000E+00
  0.0000E+00
  0.0000E+00
  0.0000E+00
  0.0000E+00
  0.0000E+00
  0.0000E+00
  0.0000E+00
  0.0000E+00
  0.0000E+00
  0.0000E+00
  0.0000E+00
  0.0000E+00
  0.0000E+00
  0.0000E+00
  0.0000E+00
  0.0000E+00
  0.0000E+00
  0.0000E+00
  0.0000E+00
  0.0000E+00
  0.0000E+00
  0.0000E+00
  0.0000E+00
  0.0000E+00
  0.0000E+00
  0.0000E+00
  0.0000E+00
  0.0000E+00
  0.0000E+00
  0.0000E+00
  0.0000E+00
  0.0000E+00
  0.0000E+00
  0.0000E+00
  0.0000E+00
  0.0000E+00
  0.0000E+00
  0.0000E+00
  0.0000E+00
  0.0000E+00
  0.0000E+00
  0.0000E+00
  0.0000E+00
  0.0000E+00
  0.0000E+00
  0.0000E+00
  0.0000E+00
  0.0000E+00
  0.0000E+00
  0.0000E+00
  0.0000E+00
  0.0000E+00
  0.0000E+00
  0.0000E+00
  0.0000E+00
  0.0000E+00
  0.0000E+00
  0.0000E+00
  0.0000E+00
  0.0000E+00
  0.0000E+00
  0.0000E+00
  0.0000E+00
  0.0000E+00
  0.0000E+00
  0.0000E+00
  0.0000E+00
  0.0000E+00
  0.0000E+00
  0.0000E+00
  0.0000E+00
  0.0000E+00
  0.0000E+00
  0.0000E+00
  0.0000E+00
  0.0000E+00
  0.0000E+00
  0.0000E+00
  0.0000E+00
  0.0000E+00
  0.0000E+00
  0.0000E+00
  0.0000E+00
  0.0000E+00
  0.0000E+00
  0.0000E+00
  0.0000E+00
  0.0000E+00
  0.0000E+00
  0.0000E+00
  0.0000E+00
  0.0000E+00
  0.0000E+00
  0.0000E+00
  0.0000E+00
  0.0000E+00
  0.0000E+00
  0.0000E+00
  0.0000E+00
  0.0000E+00
  0.0000E+00
  0.0000E+00
  0.0000E+00
  0.0000E+00
  0.0000E+00
  0.0000E+00
  0.0000E+00
   3.0000E+02
 -1.2473E-01
 -1.1768E-01
 -1.2473E-01
  3.9640E-15
  6.3650E-15
  1.1092E-14
  1.2473E-01
  1.1768E-01
  1.2473E-01
 -2.0465E-02
 -2.2176E-02
 -2.0465E-02
  9.5340E-15
 -1.8527E-15
 -3.6082E-16
  2.0465E-02
  2.2176E-02
  2.0465E-02
  3.4711E-02
  3.5326E-02
  3.4711E-02
  6.9753E-15
  9.7908E-15
  1.7656E-14
 -3.4711E-02
 -3.5326E-02
 -3.4711E-02
  2.2483E-02
  2.4067E-02
  2.2483E-02
  3.3682E-15
 -2.6595E-15
  4.5907E-15
 -2.2483E-02
 -2.4067E-02
 -2.2483E-02
  9.9459E-03
  8.4844E-03
  9.9459E-03
 -1.6506E-14
 -4.7705E-15
  1.0649E-14
 -9.9459E-03
 -8.4844E-03
 -9.9459E-03
  6.2295E-03
  7.7801E-03
  6.2295E-03
 -2.4812E-14
  3.5423E-15
  1.1285E-14
 -6.2295E-03
 -7.7801E-03
 -6.2295E-03
 -1.1560E-02
 -1.4846E-02
 -1.1560E-02
  1.8961E-15
  5.3776E-15
  1.6064E-15
  1.1560E-02
  1.4846E-02
  1.1560E-02
 -1.1109E-02
 -1.0312E-02
 -1.1109E-02
  8.1671E-15
 -3.7297E-16
  1.4821E-14
  1.1109E-02
  1.0312E-02
  1.1109E-02
  1.0018E-02
  1.9229E-02
  1.0018E-02
 -1.5262E-14
 -5.1643E-15
  8.3267E-16
 -1.0018E-02
 -1.9229E-02
 -1.0018E-02
  2.2546E-02
  3.5736E-03
  2.2546E-02
  5.5468E-16
 -5.8460E-15
  1.8627E-14
 -2.2546E-02
 -3.5736E-03
 -2.2546E-02
  2.4698E-02
  2.7836E-02
  2.4698E-02
 -2.1828E-14
  5.1296E-15
 -1.1946E-14
 -2.4698E-02
 -2.7836E-02
 -2.4698E-02
  6.4695E-03
  4.0001E-02
  6.4695E-03
 -2.9523E-15
 -1.6223E-14
  3.3377E-14
 -6.4695E-03
 -4.0001E-02
 -6.4695E-03
  1.9836E-03
 -2.9062E-02
  1.9836E-03
 -8.4724E-15
 -1.4650E-14
 -9.5063E-16
 -1.9836E-03
  2.9062E-02
 -1.9836E-03
 -2.0185E-02
 -3.6687E-02
 -2.0185E-02
  1.8171E-15
  7.3431E-15
  6.3820E-15
  2.0185E-02
  3.6687E-02
  2.0185E-02
 -5.7217E-02
 -1.5890E-02
 -5.7217E-02
  1.8024E-14
 -2.7570E-14
 -1.2709E-14
  5.7217E-02
  1.5890E-02
  5.7217E-02
 -2.0716E-02
 -3.1106E-02
 -2.0716E-02
 -1.4030E-14
 -8.8083E-15
 -1.8529E-14
  2.0716E-02
  3.1106E-02
  2.0716E-02
  3.7738E-03
 -2.7067E-02
  3.7738E-03
 -1.3939E-14
  3.0340E-15
 -3.4776E-14
 -3.7738E-03
  2.7067E-02
 -3.7738E-03
 -1.5648E-02
 -7.5088E-03
 -1.5648E-02
  1.1188E-14
 -3.8719E-15
  7.4185E-15
  1.5648E-02
  7.5088E-03
  1.5648E-02
  7.1568E-03
  1.5146E-02
  7.1568E-03
 -1.9072E-14
  3.0045E-14
 -1.2320E-14
 -7.1568E-03
 -1.5146E-02
 -7.1568E-03
  1.1700E-02
  6.7848E-03
  1.1700E-02
 -2.5237E-14
  1.0863E-14
  1.2945E-14
 -1.1700E-02
 -6.7848E-03
 -1.1700E-02
 -3.0860E-03
 -7.9892E-03
 -3.0860E-03
 -1.4211E-14
 -6.6613E-15
 -3.1086E-14
  3.0860E-03
  7.9892E-03
  3.0860E-03
