Scalar STRAINXZ under Dynam for nodeset
189
   0.0000E+00
  0.0000E+00
  0.0000E+00
  0.0000E+00
  0.0000E+00
  0.0000E+00
  0.0000E+00
  0.0000E+00
  0.0000E+00
  0.0000E+00
  0.0000E+00
  0.0000E+00
  0.0000E+00
  0.0000E+00
  0.0000E+00
  0.0000E+00
  0.0000E+00
  0.0000E+00
  0.0000E+00
  0.0000E+00
  0.0000E+00
  0.0000E+00
  0.0000E+00
  0.0000E+00
  0.0000E+00
  0.0000E+00
  0.0000E+00
  0.0000E+00
  0.0000E+00
  0.0000E+00
  0.0000E+00
  0.0000E+00
  0.0000E+00
  0.0000E+00
  0.0000E+00
  0.0000E+00
  0.0000E+00
  0.0000E+00
  0.0000E+00
  0.0000E+00
  0.0000E+00
  0.0000E+00
  0.0000E+00
  0.0000E+00
  0.0000E+00
  0.0000E+00
  0.0000E+00
  0.0000E+00
  0.0000E+00
  0.0000E+00
  0.0000E+00
  0.0000E+00
  0.0000E+00
  0.0000E+00
  0.0000E+00
  0.0000E+00
  0.0000E+00
  0.0000E+00
  0.0000E+00
  0.0000E+00
  0.0000E+00
  0.0000E+00
  0.0000E+00
  0.0000E+00
  0.0000E+00
  0.0000E+00
  0.0000E+00
  0.0000E+00
  0.0000E+00
  0.0000E+00
  0.0000E+00
  0.0000E+00
  0.0000E+00
  0.0000E+00
  0.0000E+00
  0.0000E+00
  0.0000E+00
  0.0000E+00
  0.0000E+00
  0.0000E+00
  0.0000E+00
  0.0000E+00
  0.0000E+00
  0.0000E+00
  0.0000E+00
  0.0000E+00
  0.0000E+00
  0.0000E+00
  0.0000E+00
  0.0000E+00
  0.0000E+00
  0.0000E+00
  0.0000E+00
  0.0000E+00
  0.0000E+00
  0.0000E+00
  0.0000E+00
  0.0000E+00
  0.0000E+00
  0.0000E+00
  0.0000E+00
  0.0000E+00
  0.0000E+00
  0.0000E+00
  0.0000E+00
  0.0000E+00
  0.0000E+00
  0.0000E+00
  0.0000E+00
  0.0000E+00
  0.0000E+00
  0.0000E+00
  0.0000E+00
  0.0000E+00
  0.0000E+00
  0.0000E+00
  0.0000E+00
  0.0000E+00
  0.0000E+00
  0.0000E+00
  0.0000E+00
  0.0000E+00
  0.0000E+00
  0.0000E+00
  0.0000E+00
  0.0000E+00
  0.0000E+00
  0.0000E+00
  0.0000E+00
  0.0000E+00
  0.0000E+00
  0.0000E+00
  0.0000E+00
  0.0000E+00
  0.0000E+00
  0.0000E+00
  0.0000E+00
  0.0000E+00
  0.0000E+00
  0.0000E+00
  0.0000E+00
  0.0000E+00
  0.0000E+00
  0.0000E+00
  0.0000E+00
  0.0000E+00
  0.0000E+00
  0.0000E+00
  0.0000E+00
  0.0000E+00
  0.0000E+00
  0.0000E+00
  0.0000E+00
  0.0000E+00
  0.0000E+00
  0.0000E+00
  0.0000E+00
  0.0000E+00
  0.0000E+00
  0.0000E+00
  0.0000E+00
  0.0000E+00
  0.0000E+00
  0.0000E+00
  0.0000E+00
  0.0000E+00
  0.0000E+00
  0.0000E+00
  0.0000E+00
  0.0000E+00
  0.0000E+00
  0.0000E+00
  0.0000E+00
  0.0000E+00
  0.0000E+00
  0.0000E+00
  0.0000E+00
  0.0000E+00
  0.0000E+00
  0.0000E+00
  0.0000E+00
  0.0000E+00
  0.0000E+00
  0.0000E+00
  0.0000E+00
  0.0000E+00
  0.0000E+00
  0.0000E+00
  0.0000E+00
  0.0000E+00
   3.0000E+01
 -1.5709E-01
 -1.5629E-01
 -1.5709E-01
  6.5993E-11
  2.5146E-10
  6.5993E-11
  1.5709E-01
  1.5629E-01
  1.5709E-01
 -4.4774E-02
 -4.5554E-02
 -4.4774E-02
  5.1748E-11
  1.9059E-10
  5.1748E-11
  4.4774E-02
  4.5554E-02
  4.4774E-02
  4.7599E-03
  4.6908E-03
  4.7599E-03
 -2.6566E-11
 -1.0011E-10
 -2.6566E-11
 -4.7599E-03
 -4.6908E-03
 -4.7599E-03
 -7.5511E-04
  2.4397E-05
 -7.5511E-04
 -8.4154E-11
 -3.1478E-10
 -8.4154E-11
  7.5511E-04
 -2.4397E-05
  7.5511E-04
 -1.2114E-03
 -1.3042E-03
 -1.2114E-03
 -6.6813E-11
 -2.5064E-10
 -6.6813E-11
  1.2114E-03
  1.3042E-03
  1.2114E-03
 -1.5882E-03
 -1.5861E-03
 -1.5882E-03
  2.7461E-12
  9.4594E-12
  2.7462E-12
  1.5882E-03
  1.5861E-03
  1.5882E-03
 -1.9115E-03
 -1.9110E-03
 -1.9115E-03
  5.8897E-11
  2.2006E-10
  5.8897E-11
  1.9115E-03
  1.9110E-03
  1.9115E-03
 -2.2568E-03
 -2.2560E-03
 -2.2568E-03
  5.6784E-11
  2.1296E-10
  5.6783E-11
  2.2568E-03
  2.2560E-03
  2.2568E-03
 -2.6113E-03
 -2.6105E-03
 -2.6113E-03
  8.4018E-12
  3.2068E-11
  8.4027E-12
  2.6113E-03
  2.6105E-03
  2.6113E-03
 -2.9769E-03
 -2.9760E-03
 -2.9769E-03
 -4.0160E-11
 -1.5037E-10
 -4.0156E-11
  2.9769E-03
  2.9760E-03
  2.9769E-03
 -3.3551E-03
 -3.3541E-03
 -3.3551E-03
 -5.3196E-11
 -1.9978E-10
 -5.3195E-11
  3.3551E-03
  3.3541E-03
  3.3551E-03
 -3.7476E-03
 -3.7465E-03
 -3.7476E-03
 -2.6543E-11
 -9.9799E-11
 -2.6537E-11
  3.7476E-03
  3.7465E-03
  3.7476E-03
 -4.1561E-03
 -4.1549E-03
 -4.1561E-03
  1.7817E-11
  6.6807E-11
  1.7825E-11
  4.1561E-03
  4.1549E-03
  4.1561E-03
 -4.5823E-03
 -4.5809E-03
 -4.5823E-03
  4.6628E-11
  1.7477E-10
  4.6635E-11
  4.5823E-03
  4.5809E-03
  4.5823E-03
 -5.0280E-03
 -5.0265E-03
 -5.0280E-03
  3.5780E-11
  1.3385E-10
  3.5787E-11
  5.0280E-03
  5.0265E-03
  5.0280E-03
 -5.4946E-03
 -5.4930E-03
 -5.4946E-03
 -8.7782E-12
 -3.3244E-11
 -8.7757E-12
  5.4946E-03
  5.4930E-03
  5.4946E-03
 -5.9859E-03
 -5.9801E-03
 -5.9859E-03
 -5.0854E-11
 -1.9080E-10
 -5.0852E-11
  5.9859E-03
  5.9801E-03
  5.9859E-03
 -6.5109E-03
 -6.5345E-03
 -6.5109E-03
 -5.3312E-11
 -1.9969E-10
 -5.3306E-11
  6.5109E-03
  6.5345E-03
  6.5109E-03
 -7.3026E-03
 -7.3647E-03
 -7.3026E-03
 -1.0199E-11
 -3.7579E-11
 -1.0193E-11
  7.3026E-03
  7.3647E-03
  7.3026E-03
 -6.1964E-03
 -6.2302E-03
 -6.1964E-03
  4.9047E-11
  1.8161E-10
  4.9042E-11
  6.1964E-03
  6.2302E-03
  6.1964E-03
 -4.5972E-03
 -4.5977E-03
 -4.5972E-03
  7.1720E-11
  2.6394E-10
  7.1711E-11
  4.5972E-03
  4.5977E-03
  4.5972E-03
