#   Time         Wext         Waer         Wela         Wkin         Wdmp         Error
    ____         ____         ____         ____         ____         ____          ____

 0.000000  0.0000E+00  0.0000E+00  0.0000E+00  0.0000E+00 -0.0000E+00  0.0000E+00
 0.000300  3.9716E-05  0.0000E+00  7.5394E-12  3.9716E-05 -0.0000E+00  1.3553E-20
 0.000600  1.5886E-04  0.0000E+00  1.2063E-10  1.5886E-04 -0.0000E+00  1.2197E-19
 0.000900  3.5744E-04  0.0000E+00  6.1069E-10  3.5744E-04 -0.0000E+00 -1.3553E-19
 0.001200  6.3545E-04  0.0000E+00  1.9301E-09  6.3545E-04 -0.0000E+00 -1.1384E-18
 0.001500  9.9289E-04  0.0000E+00  4.7121E-09  9.9289E-04 -0.0000E+00 -2.4937E-18
 0.001800  1.4298E-03  0.0000E+00  9.7710E-09  1.4298E-03 -0.0000E+00 -2.1684E-18
 0.002100  1.9461E-03  0.0000E+00  1.8102E-08  1.9461E-03 -0.0000E+00 -6.2884E-18
 0.002400  2.5418E-03  0.0000E+00  3.0881E-08  2.5418E-03 -0.0000E+00 -1.1493E-17
 0.002700  3.2170E-03  0.0000E+00  4.9465E-08  3.2169E-03 -0.0000E+00  4.3368E-19
 0.003000  3.9716E-03  0.0000E+00  7.5392E-08  3.9715E-03 -0.0000E+00 -1.7564E-17
 0.003300  4.8056E-03  0.0000E+00  1.1038E-07  4.8055E-03 -0.0000E+00 -9.5410E-18
 0.003600  5.7190E-03  0.0000E+00  1.5633E-07  5.7189E-03 -0.0000E+00 -2.8623E-17
 0.003900  6.7119E-03  0.0000E+00  2.1532E-07  6.7117E-03 -0.0000E+00 -3.0791E-17
 0.004200  7.7842E-03  0.0000E+00  2.8962E-07  7.7839E-03 -0.0000E+00 -3.3610E-17
 0.004500  8.9359E-03  0.0000E+00  3.8166E-07  8.9355E-03 -0.0000E+00 -1.5829E-17
 0.004800  1.0167E-02  0.0000E+00  4.9407E-07  1.0167E-02 -0.0000E+00 -1.2577E-16
 0.005100  1.1478E-02  0.0000E+00  6.2966E-07  1.1477E-02 -0.0000E+00 -1.2750E-16
 0.005400  1.2868E-02  0.0000E+00  7.9140E-07  1.2867E-02 -0.0000E+00 -7.1557E-17
 0.005700  1.4337E-02  0.0000E+00  9.8247E-07  1.4336E-02 -0.0000E+00 -5.1608E-17
 0.006000  1.5886E-02  0.0000E+00  1.2062E-06  1.5885E-02 -0.0000E+00 -1.7130E-17
 0.006300  1.7514E-02  0.0000E+00  1.4661E-06  1.7513E-02 -0.0000E+00  1.1037E-16
 0.006600  1.9222E-02  0.0000E+00  1.7660E-06  1.9220E-02 -0.0000E+00  1.3596E-16
 0.006900  2.1009E-02  0.0000E+00  2.1096E-06  2.1007E-02 -0.0000E+00  1.3943E-16
 0.007200  2.2875E-02  0.0000E+00  2.5011E-06  2.2873E-02 -0.0000E+00 -1.6914E-16
 0.007500  2.4821E-02  0.0000E+00  2.9447E-06  2.4818E-02 -0.0000E+00  1.2707E-16
 0.007800  2.6847E-02  0.0000E+00  3.4448E-06  2.6843E-02 -0.0000E+00 -7.4593E-17
 0.008100  2.8951E-02  0.0000E+00  4.0061E-06  2.8947E-02 -0.0000E+00 -3.3220E-16
 0.008400  3.1136E-02  0.0000E+00  4.6334E-06  3.1131E-02 -0.0000E+00  2.5110E-16
 0.008700  3.3399E-02  0.0000E+00  5.3315E-06  3.3394E-02 -0.0000E+00  3.1312E-16
 0.009000  3.5742E-02  0.0000E+00  6.1058E-06  3.5736E-02 -0.0000E+00 -2.4676E-16
 0.009300  3.8165E-02  0.0000E+00  6.9614E-06  3.8158E-02 -0.0000E+00 -3.2092E-17
 0.009600  4.0666E-02  0.0000E+00  7.9039E-06  4.0658E-02 -0.0000E+00 -2.4069E-16
 0.009900  4.3248E-02  0.0000E+00  8.9391E-06  4.3239E-02 -0.0000E+00 -7.8930E-17
 0.010200  4.5908E-02  0.0000E+00  1.0073E-05  4.5898E-02 -0.0000E+00  1.2837E-16
 0.010500  4.8648E-02  0.0000E+00  1.1311E-05  4.8637E-02 -0.0000E+00  5.3039E-16
 0.010800  5.1467E-02  0.0000E+00  1.2660E-05  5.1455E-02 -0.0000E+00 -1.1232E-16
 0.011100  5.4366E-02  0.0000E+00  1.4126E-05  5.4352E-02 -0.0000E+00 -6.1366E-16
 0.011400  5.7344E-02  0.0000E+00  1.5716E-05  5.7329E-02 -0.0000E+00 -1.3474E-15
 0.011700  6.0402E-02  0.0000E+00  1.7436E-05  6.0384E-02 -0.0000E+00 -9.4499E-16
 0.012000  6.3539E-02  0.0000E+00  1.9294E-05  6.3520E-02 -0.0000E+00 -8.7126E-16
 0.012300  6.6755E-02  0.0000E+00  2.1297E-05  6.6734E-02 -0.0000E+00 -2.4004E-15
 0.012600  7.0051E-02  0.0000E+00  2.3452E-05  7.0027E-02 -0.0000E+00 -2.4260E-15
 0.012900  7.3426E-02  0.0000E+00  2.5766E-05  7.3400E-02 -0.0000E+00 -1.6423E-15
 0.013200  7.6880E-02  0.0000E+00  2.8247E-05  7.6852E-02 -0.0000E+00 -2.0170E-15
 0.013500  8.0414E-02  0.0000E+00  3.0903E-05  8.0383E-02 -0.0000E+00 -2.8068E-15
 0.013800  8.4027E-02  0.0000E+00  3.3742E-05  8.3994E-02 -0.0000E+00 -1.5292E-15
 0.014100  8.7720E-02  0.0000E+00  3.6773E-05  8.7683E-02 -0.0000E+00 -1.4290E-15
 0.014400  9.1492E-02  0.0000E+00  4.0003E-05  9.1452E-02 -0.0000E+00 -1.2195E-15
 0.014700  9.5343E-02  0.0000E+00  4.3441E-05  9.5300E-02 -0.0000E+00 -4.7089E-15
 0.015000  9.9274E-02  0.0000E+00  4.7097E-05  9.9227E-02 -0.0000E+00 -9.8012E-16
 0.015300  1.0328E-01  0.0000E+00  5.0978E-05  1.0323E-01 -0.0000E+00 -2.8163E-15
 0.015600  1.0737E-01  0.0000E+00  5.5094E-05  1.0732E-01 -0.0000E+00 -2.6203E-15
 0.015900  1.1154E-01  0.0000E+00  5.9455E-05  1.1148E-01 -0.0000E+00 -2.8224E-15
 0.016200  1.1579E-01  0.0000E+00  6.4069E-05  1.1573E-01 -0.0000E+00  1.2716E-15
 0.016500  1.2012E-01  0.0000E+00  6.8947E-05  1.2005E-01 -0.0000E+00 -2.7478E-15
 0.016800  1.2452E-01  0.0000E+00  7.4098E-05  1.2445E-01 -0.0000E+00  2.3002E-15
 0.017100  1.2901E-01  0.0000E+00  7.9532E-05  1.2893E-01 -0.0000E+00 -8.6736E-16
 0.017400  1.3358E-01  0.0000E+00  8.5260E-05  1.3349E-01 -0.0000E+00  4.9526E-16
 0.017700  1.3822E-01  0.0000E+00  9.1292E-05  1.3813E-01 -0.0000E+00 -6.7663E-15
 0.018000  1.4294E-01  0.0000E+00  9.7638E-05  1.4285E-01 -0.0000E+00 -4.2934E-15
 0.018300  1.4775E-01  0.0000E+00  1.0431E-04  1.4764E-01 -0.0000E+00  1.8527E-15
 0.018600  1.5263E-01  0.0000E+00  1.1132E-04  1.5252E-01 -0.0000E+00 -1.3496E-15
 0.018900  1.5759E-01  0.0000E+00  1.1867E-04  1.5747E-01 -0.0000E+00  2.6272E-15
 0.019200  1.6263E-01  0.0000E+00  1.2638E-04  1.6251E-01 -0.0000E+00 -2.3653E-15
 0.019500  1.6775E-01  0.0000E+00  1.3446E-04  1.6762E-01 -0.0000E+00  2.4303E-15
 0.019800  1.7295E-01  0.0000E+00  1.4293E-04  1.7281E-01 -0.0000E+00 -4.7792E-16
 0.020100  1.7823E-01  0.0000E+00  1.5179E-04  1.7808E-01 -0.0000E+00 -1.6801E-15
 0.020400  1.8359E-01  0.0000E+00  1.6105E-04  1.8343E-01 -0.0000E+00  2.0635E-15
 0.020700  1.8903E-01  0.0000E+00  1.7073E-04  1.8886E-01 -0.0000E+00  2.9933E-15
 0.021000  1.9455E-01  0.0000E+00  1.8084E-04  1.9437E-01 -0.0000E+00  8.0899E-15
 0.021300  2.0014E-01  0.0000E+00  1.9139E-04  1.9995E-01 -0.0000E+00 -5.5268E-15
 0.021600  2.0582E-01  0.0000E+00  2.0239E-04  2.0562E-01 -0.0000E+00 -9.9235E-15
 0.021900  2.1157E-01  0.0000E+00  2.1387E-04  2.1136E-01 -0.0000E+00  5.7983E-15
 0.022200  2.1741E-01  0.0000E+00  2.2582E-04  2.1718E-01 -0.0000E+00 -1.1727E-15
 0.022500  2.2332E-01  0.0000E+00  2.3827E-04  2.2308E-01 -0.0000E+00  7.8930E-17
 0.022800  2.2931E-01  0.0000E+00  2.5123E-04  2.2906E-01 -0.0000E+00 -1.3970E-14
 0.023100  2.3539E-01  0.0000E+00  2.6471E-04  2.3512E-01 -0.0000E+00 -1.8726E-15
 0.023400  2.4154E-01  0.0000E+00  2.7872E-04  2.4126E-01 -0.0000E+00 -7.5140E-15
 0.023700  2.4777E-01  0.0000E+00  2.9328E-04  2.4748E-01 -0.0000E+00  1.0559E-14
 0.024000  2.5408E-01  0.0000E+00  3.0840E-04  2.5377E-01 -0.0000E+00 -1.4178E-14
 0.024300  2.6047E-01  0.0000E+00  3.2410E-04  2.6014E-01 -0.0000E+00  1.0774E-14
 0.024600  2.6694E-01  0.0000E+00  3.4040E-04  2.6660E-01 -0.0000E+00 -1.2853E-14
 0.024900  2.7348E-01  0.0000E+00  3.5730E-04  2.7313E-01 -0.0000E+00 -1.4540E-14
 0.025200  2.8011E-01  0.0000E+00  3.7482E-04  2.7973E-01 -0.0000E+00 -2.3607E-14
 0.025500  2.8682E-01  0.0000E+00  3.9297E-04  2.8642E-01 -0.0000E+00 -7.2928E-15
 0.025800  2.9360E-01  0.0000E+00  4.1178E-04  2.9319E-01 -0.0000E+00 -2.3260E-14
 0.026100  3.0047E-01  0.0000E+00  4.3125E-04  3.0003E-01 -0.0000E+00 -8.4628E-15
 0.026400  3.0741E-01  0.0000E+00  4.5141E-04  3.0696E-01 -0.0000E+00 -1.8275E-14
 0.026700  3.1443E-01  0.0000E+00  4.7226E-04  3.1396E-01 -0.0000E+00 -1.4578E-14
 0.027000  3.2153E-01  0.0000E+00  4.9383E-04  3.2104E-01 -0.0000E+00 -1.4942E-14
 0.027300  3.2871E-01  0.0000E+00  5.1613E-04  3.2820E-01 -0.0000E+00 -1.2525E-14
 0.027600  3.3597E-01  0.0000E+00  5.3917E-04  3.3544E-01 -0.0000E+00 -2.6271E-14
 0.027900  3.4331E-01  0.0000E+00  5.6298E-04  3.4275E-01 -0.0000E+00  1.4329E-15
 0.028200  3.5073E-01  0.0000E+00  5.8756E-04  3.5015E-01 -0.0000E+00  3.8806E-15
 0.028500  3.5823E-01  0.0000E+00  6.1294E-04  3.5762E-01 -0.0000E+00 -2.1627E-14
 0.028800  3.6581E-01  0.0000E+00  6.3913E-04  3.6517E-01 -0.0000E+00 -1.8741E-14
 0.029100  3.7346E-01  0.0000E+00  6.6616E-04  3.7280E-01 -0.0000E+00  2.9490E-16
 0.029400  3.8120E-01  0.0000E+00  6.9403E-04  3.8050E-01 -0.0000E+00 -2.1337E-15
 0.029700  3.8901E-01  0.0000E+00  7.2276E-04  3.8829E-01 -0.0000E+00 -2.1731E-14
 0.030000  3.9691E-01  0.0000E+00  7.5238E-04  3.9615E-01 -0.0000E+00  1.3461E-15
