Scalar STRESSP1 under Dynam for nodeset
189
   0.0000E+00
  0.0000E+00
  0.0000E+00
  0.0000E+00
  0.0000E+00
  0.0000E+00
  0.0000E+00
  0.0000E+00
  0.0000E+00
  0.0000E+00
  0.0000E+00
  0.0000E+00
  0.0000E+00
  0.0000E+00
  0.0000E+00
  0.0000E+00
  0.0000E+00
  0.0000E+00
  0.0000E+00
  0.0000E+00
  0.0000E+00
  0.0000E+00
  0.0000E+00
  0.0000E+00
  0.0000E+00
  0.0000E+00
  0.0000E+00
  0.0000E+00
  0.0000E+00
  0.0000E+00
  0.0000E+00
  0.0000E+00
  0.0000E+00
  0.0000E+00
  0.0000E+00
  0.0000E+00
  0.0000E+00
  0.0000E+00
  0.0000E+00
  0.0000E+00
  0.0000E+00
  0.0000E+00
  0.0000E+00
  0.0000E+00
  0.0000E+00
  0.0000E+00
  0.0000E+00
  0.0000E+00
  0.0000E+00
  0.0000E+00
  0.0000E+00
  0.0000E+00
  0.0000E+00
  0.0000E+00
  0.0000E+00
  0.0000E+00
  0.0000E+00
  0.0000E+00
  0.0000E+00
  0.0000E+00
  0.0000E+00
  0.0000E+00
  0.0000E+00
  0.0000E+00
  0.0000E+00
  0.0000E+00
  0.0000E+00
  0.0000E+00
  0.0000E+00
  0.0000E+00
  0.0000E+00
  0.0000E+00
  0.0000E+00
  0.0000E+00
  0.0000E+00
  0.0000E+00
  0.0000E+00
  0.0000E+00
  0.0000E+00
  0.0000E+00
  0.0000E+00
  0.0000E+00
  0.0000E+00
  0.0000E+00
  0.0000E+00
  0.0000E+00
  0.0000E+00
  0.0000E+00
  0.0000E+00
  0.0000E+00
  0.0000E+00
  0.0000E+00
  0.0000E+00
  0.0000E+00
  0.0000E+00
  0.0000E+00
  0.0000E+00
  0.0000E+00
  0.0000E+00
  0.0000E+00
  0.0000E+00
  0.0000E+00
  0.0000E+00
  0.0000E+00
  0.0000E+00
  0.0000E+00
  0.0000E+00
  0.0000E+00
  0.0000E+00
  0.0000E+00
  0.0000E+00
  0.0000E+00
  0.0000E+00
  0.0000E+00
  0.0000E+00
  0.0000E+00
  0.0000E+00
  0.0000E+00
  0.0000E+00
  0.0000E+00
  0.0000E+00
  0.0000E+00
  0.0000E+00
  0.0000E+00
  0.0000E+00
  0.0000E+00
  0.0000E+00
  0.0000E+00
  0.0000E+00
  0.0000E+00
  0.0000E+00
  0.0000E+00
  0.0000E+00
  0.0000E+00
  0.0000E+00
  0.0000E+00
  0.0000E+00
  0.0000E+00
  0.0000E+00
  0.0000E+00
  0.0000E+00
  0.0000E+00
  0.0000E+00
  0.0000E+00
  0.0000E+00
  0.0000E+00
  0.0000E+00
  0.0000E+00
  0.0000E+00
  0.0000E+00
  0.0000E+00
  0.0000E+00
  0.0000E+00
  0.0000E+00
  0.0000E+00
  0.0000E+00
  0.0000E+00
  0.0000E+00
  0.0000E+00
  0.0000E+00
  0.0000E+00
  0.0000E+00
  0.0000E+00
  0.0000E+00
  0.0000E+00
  0.0000E+00
  0.0000E+00
  0.0000E+00
  0.0000E+00
  0.0000E+00
  0.0000E+00
  0.0000E+00
  0.0000E+00
  0.0000E+00
  0.0000E+00
  0.0000E+00
  0.0000E+00
  0.0000E+00
  0.0000E+00
  0.0000E+00
  0.0000E+00
  0.0000E+00
  0.0000E+00
  0.0000E+00
  0.0000E+00
  0.0000E+00
  0.0000E+00
  0.0000E+00
  0.0000E+00
  0.0000E+00
   3.0000E+02
 -4.1335E+02
 -3.8294E+02
 -4.1337E+02
 -3.8293E+02
 -3.5494E+02
 -3.8294E+02
 -4.1333E+02
 -3.8293E+02
 -4.1335E+02
  4.4896E+01
  3.9433E+01
  4.4919E+01
  3.9416E+01
  4.2059E+01
  3.9433E+01
  4.4881E+01
  3.9416E+01
  4.4896E+01
  3.5443E+01
  1.0051E+01
  3.5464E+01
  1.0051E+01
 -1.4538E+01
  1.0051E+01
  3.5448E+01
  1.0051E+01
  3.5443E+01
  1.0074E+02
  8.9907E+01
  1.0073E+02
  8.9909E+01
  5.9139E+01
  8.9907E+01
  1.0073E+02
  8.9909E+01
  1.0074E+02
 -1.4171E+01
 -1.4353E+01
 -1.4150E+01
 -1.4353E+01
 -6.9737E+00
 -1.4353E+01
 -1.4184E+01
 -1.4353E+01
 -1.4171E+01
 -1.1611E+02
 -1.3394E+02
 -1.1609E+02
 -1.3397E+02
 -1.3690E+02
 -1.3394E+02
 -1.1613E+02
 -1.3397E+02
 -1.1611E+02
  8.6333E+01
  8.9211E+01
  8.6357E+01
  8.9206E+01
  7.8839E+01
  8.9211E+01
  8.6315E+01
  8.9206E+01
  8.6333E+01
  1.2138E+02
  7.9093E+01
  1.2134E+02
  7.9101E+01
  4.3242E+01
  7.9093E+01
  1.2140E+02
  7.9101E+01
  1.2138E+02
 -1.1274E+01
 -6.9006E+00
 -1.1285E+01
 -6.8800E+00
 -1.9568E+01
 -6.9006E+00
 -1.1273E+01
 -6.8800E+00
 -1.1274E+01
 -2.5917E+01
  2.0237E+01
 -2.5909E+01
  2.0234E+01
  5.9070E+01
  2.0237E+01
 -2.5905E+01
  2.0234E+01
 -2.5917E+01
  7.5728E+01
 -4.2659E+01
  7.5688E+01
 -4.2650E+01
  4.9373E+01
 -4.2659E+01
  7.5754E+01
 -4.2650E+01
  7.5728E+01
 -2.4256E+01
  3.5385E+01
 -2.4250E+01
  3.5403E+01
 -1.5398E+00
  3.5385E+01
 -2.4246E+01
  3.5403E+01
 -2.4256E+01
 -7.1601E+01
 -1.5493E+01
 -7.1600E+01
 -1.5506E+01
 -3.0304E+01
 -1.5493E+01
 -7.1606E+01
 -1.5506E+01
 -7.1601E+01
  1.4331E+02
  6.9805E+00
  1.4333E+02
  6.9759E+00
 -5.6513E+01
  6.9805E+00
  1.4332E+02
  6.9759E+00
  1.4331E+02
 -2.0819E+01
 -2.6262E+01
 -2.0832E+01
 -2.6263E+01
 -1.2579E+01
 -2.6262E+01
 -2.0815E+01
 -2.6263E+01
 -2.0819E+01
 -6.7429E+00
  4.8031E+01
 -6.7484E+00
  4.8034E+01
  4.0179E+01
  4.8031E+01
 -6.7307E+00
  4.8034E+01
 -6.7429E+00
  2.7358E+01
  1.1711E+01
  2.7371E+01
  1.1698E+01
  8.7890E+00
  1.1711E+01
  2.7351E+01
  1.1698E+01
  2.7358E+01
 -4.5833E+01
 -3.6823E+01
 -4.5837E+01
 -3.6821E+01
 -3.0269E+00
 -3.6823E+01
 -4.5830E+01
 -3.6821E+01
 -4.5833E+01
  2.3582E+00
  1.7402E+01
  2.3453E+00
  1.7435E+01
  2.1189E+01
  1.7402E+01
  2.3847E+00
  1.7435E+01
  2.3582E+00
  7.4489E+01
  6.0518E+01
  7.4494E+01
  6.0528E+01
  3.6472E+01
  6.0518E+01
  7.4479E+01
  6.0528E+01
  7.4489E+01
  3.3481E+02
  2.9173E+02
  3.3481E+02
  2.9176E+02
  2.4598E+02
  2.9173E+02
  3.3482E+02
  2.9176E+02
  3.3481E+02
