Scalar STRAINP3 under Dynam for nodeset
189
   0.0000E+00
  0.0000E+00
  0.0000E+00
  0.0000E+00
  0.0000E+00
  0.0000E+00
  0.0000E+00
  0.0000E+00
  0.0000E+00
  0.0000E+00
  0.0000E+00
  0.0000E+00
  0.0000E+00
  0.0000E+00
  0.0000E+00
  0.0000E+00
  0.0000E+00
  0.0000E+00
  0.0000E+00
  0.0000E+00
  0.0000E+00
  0.0000E+00
  0.0000E+00
  0.0000E+00
  0.0000E+00
  0.0000E+00
  0.0000E+00
  0.0000E+00
  0.0000E+00
  0.0000E+00
  0.0000E+00
  0.0000E+00
  0.0000E+00
  0.0000E+00
  0.0000E+00
  0.0000E+00
  0.0000E+00
  0.0000E+00
  0.0000E+00
  0.0000E+00
  0.0000E+00
  0.0000E+00
  0.0000E+00
  0.0000E+00
  0.0000E+00
  0.0000E+00
  0.0000E+00
  0.0000E+00
  0.0000E+00
  0.0000E+00
  0.0000E+00
  0.0000E+00
  0.0000E+00
  0.0000E+00
  0.0000E+00
  0.0000E+00
  0.0000E+00
  0.0000E+00
  0.0000E+00
  0.0000E+00
  0.0000E+00
  0.0000E+00
  0.0000E+00
  0.0000E+00
  0.0000E+00
  0.0000E+00
  0.0000E+00
  0.0000E+00
  0.0000E+00
  0.0000E+00
  0.0000E+00
  0.0000E+00
  0.0000E+00
  0.0000E+00
  0.0000E+00
  0.0000E+00
  0.0000E+00
  0.0000E+00
  0.0000E+00
  0.0000E+00
  0.0000E+00
  0.0000E+00
  0.0000E+00
  0.0000E+00
  0.0000E+00
  0.0000E+00
  0.0000E+00
  0.0000E+00
  0.0000E+00
  0.0000E+00
  0.0000E+00
  0.0000E+00
  0.0000E+00
  0.0000E+00
  0.0000E+00
  0.0000E+00
  0.0000E+00
  0.0000E+00
  0.0000E+00
  0.0000E+00
  0.0000E+00
  0.0000E+00
  0.0000E+00
  0.0000E+00
  0.0000E+00
  0.0000E+00
  0.0000E+00
  0.0000E+00
  0.0000E+00
  0.0000E+00
  0.0000E+00
  0.0000E+00
  0.0000E+00
  0.0000E+00
  0.0000E+00
  0.0000E+00
  0.0000E+00
  0.0000E+00
  0.0000E+00
  0.0000E+00
  0.0000E+00
  0.0000E+00
  0.0000E+00
  0.0000E+00
  0.0000E+00
  0.0000E+00
  0.0000E+00
  0.0000E+00
  0.0000E+00
  0.0000E+00
  0.0000E+00
  0.0000E+00
  0.0000E+00
  0.0000E+00
  0.0000E+00
  0.0000E+00
  0.0000E+00
  0.0000E+00
  0.0000E+00
  0.0000E+00
  0.0000E+00
  0.0000E+00
  0.0000E+00
  0.0000E+00
  0.0000E+00
  0.0000E+00
  0.0000E+00
  0.0000E+00
  0.0000E+00
  0.0000E+00
  0.0000E+00
  0.0000E+00
  0.0000E+00
  0.0000E+00
  0.0000E+00
  0.0000E+00
  0.0000E+00
  0.0000E+00
  0.0000E+00
  0.0000E+00
  0.0000E+00
  0.0000E+00
  0.0000E+00
  0.0000E+00
  0.0000E+00
  0.0000E+00
  0.0000E+00
  0.0000E+00
  0.0000E+00
  0.0000E+00
  0.0000E+00
  0.0000E+00
  0.0000E+00
  0.0000E+00
  0.0000E+00
  0.0000E+00
  0.0000E+00
  0.0000E+00
  0.0000E+00
  0.0000E+00
  0.0000E+00
  0.0000E+00
  0.0000E+00
  0.0000E+00
  0.0000E+00
  0.0000E+00
  0.0000E+00
  0.0000E+00
  0.0000E+00
  0.0000E+00
   3.0000E+02
 -3.9541E-01
 -3.4706E-01
 -3.9541E-01
 -3.4706E-01
 -3.0011E-01
 -3.4706E-01
 -3.9541E-01
 -3.4706E-01
 -3.9541E-01
 -3.8816E-01
 -3.7563E-01
 -3.8816E-01
 -3.7563E-01
 -3.5670E-01
 -3.7563E-01
 -3.8816E-01
 -3.7563E-01
 -3.8816E-01
 -3.6695E-01
 -3.8718E-01
 -3.6695E-01
 -3.8718E-01
 -4.0660E-01
 -3.8718E-01
 -3.6695E-01
 -3.8718E-01
 -3.6695E-01
 -2.8745E-01
 -3.1370E-01
 -2.8745E-01
 -3.1370E-01
 -3.5594E-01
 -3.1370E-01
 -2.8745E-01
 -3.1370E-01
 -2.8745E-01
 -2.4041E-01
 -2.3285E-01
 -2.4041E-01
 -2.3285E-01
 -2.1915E-01
 -2.3285E-01
 -2.4041E-01
 -2.3285E-01
 -2.4041E-01
 -2.1667E-01
 -1.8799E-01
 -2.1667E-01
 -1.8799E-01
 -1.4674E-01
 -1.8799E-01
 -2.1667E-01
 -1.8799E-01
 -2.1667E-01
 -2.1314E-01
 -2.2925E-01
 -2.1314E-01
 -2.2925E-01
 -2.5602E-01
 -2.2925E-01
 -2.1314E-01
 -2.2925E-01
 -2.1314E-01
 -2.6205E-01
 -2.9562E-01
 -2.6205E-01
 -2.9562E-01
 -3.2401E-01
 -2.9562E-01
 -2.6205E-01
 -2.9562E-01
 -2.6205E-01
 -2.1063E-01
 -2.0329E-01
 -2.1063E-01
 -2.0329E-01
 -2.1011E-01
 -2.0329E-01
 -2.1063E-01
 -2.0329E-01
 -2.1063E-01
 -8.2594E-02
 -5.3511E-02
 -8.2594E-02
 -5.3511E-02
 -3.3531E-02
 -5.3511E-02
 -8.2594E-02
 -5.3511E-02
 -8.2594E-02
 -3.7125E-02
 -4.2588E-02
 -3.7125E-02
 -4.2588E-02
 -3.7125E-02
 -4.2588E-02
 -3.7125E-02
 -4.2588E-02
 -3.7125E-02
 -2.5700E-02
 -1.6004E-02
 -2.5700E-02
 -1.6004E-02
 -1.6163E-02
 -1.6004E-02
 -2.5700E-02
 -1.6004E-02
 -2.5700E-02
 -6.3108E-02
 -5.7499E-02
 -6.3108E-02
 -5.7499E-02
 -9.9629E-02
 -5.7499E-02
 -6.3108E-02
 -5.7499E-02
 -6.3108E-02
 -1.0123E-01
 -1.3757E-01
 -1.0123E-01
 -1.3757E-01
 -1.1056E-01
 -1.3757E-01
 -1.0123E-01
 -1.3757E-01
 -1.0123E-01
 -2.1447E-01
 -2.0801E-01
 -2.1447E-01
 -2.0801E-01
 -1.9659E-01
 -2.0801E-01
 -2.1447E-01
 -2.0801E-01
 -2.1447E-01
 -3.3271E-01
 -3.0121E-01
 -3.3271E-01
 -3.0121E-01
 -3.2041E-01
 -3.0121E-01
 -3.3271E-01
 -3.0121E-01
 -3.3271E-01
 -4.0682E-01
 -4.1030E-01
 -4.0682E-01
 -4.1030E-01
 -4.0234E-01
 -4.1030E-01
 -4.0682E-01
 -4.1030E-01
 -4.0682E-01
 -4.9471E-01
 -4.8735E-01
 -4.9471E-01
 -4.8735E-01
 -4.5913E-01
 -4.8735E-01
 -4.9471E-01
 -4.8735E-01
 -4.9471E-01
 -5.9164E-01
 -5.7102E-01
 -5.9164E-01
 -5.7102E-01
 -5.5987E-01
 -5.7102E-01
 -5.9164E-01
 -5.7102E-01
 -5.9164E-01
 -6.2205E-01
 -6.1796E-01
 -6.2205E-01
 -6.1796E-01
 -6.2256E-01
 -6.1796E-01
 -6.2205E-01
 -6.1796E-01
 -6.2205E-01
 -5.8367E-01
 -5.8580E-01
 -5.8367E-01
 -5.8580E-01
 -5.9018E-01
 -5.8580E-01
 -5.8367E-01
 -5.8580E-01
 -5.8367E-01
