Scalar STRAINXX under Dynam for nodeset
189
   0.0000E+00
  0.0000E+00
  0.0000E+00
  0.0000E+00
  0.0000E+00
  0.0000E+00
  0.0000E+00
  0.0000E+00
  0.0000E+00
  0.0000E+00
  0.0000E+00
  0.0000E+00
  0.0000E+00
  0.0000E+00
  0.0000E+00
  0.0000E+00
  0.0000E+00
  0.0000E+00
  0.0000E+00
  0.0000E+00
  0.0000E+00
  0.0000E+00
  0.0000E+00
  0.0000E+00
  0.0000E+00
  0.0000E+00
  0.0000E+00
  0.0000E+00
  0.0000E+00
  0.0000E+00
  0.0000E+00
  0.0000E+00
  0.0000E+00
  0.0000E+00
  0.0000E+00
  0.0000E+00
  0.0000E+00
  0.0000E+00
  0.0000E+00
  0.0000E+00
  0.0000E+00
  0.0000E+00
  0.0000E+00
  0.0000E+00
  0.0000E+00
  0.0000E+00
  0.0000E+00
  0.0000E+00
  0.0000E+00
  0.0000E+00
  0.0000E+00
  0.0000E+00
  0.0000E+00
  0.0000E+00
  0.0000E+00
  0.0000E+00
  0.0000E+00
  0.0000E+00
  0.0000E+00
  0.0000E+00
  0.0000E+00
  0.0000E+00
  0.0000E+00
  0.0000E+00
  0.0000E+00
  0.0000E+00
  0.0000E+00
  0.0000E+00
  0.0000E+00
  0.0000E+00
  0.0000E+00
  0.0000E+00
  0.0000E+00
  0.0000E+00
  0.0000E+00
  0.0000E+00
  0.0000E+00
  0.0000E+00
  0.0000E+00
  0.0000E+00
  0.0000E+00
  0.0000E+00
  0.0000E+00
  0.0000E+00
  0.0000E+00
  0.0000E+00
  0.0000E+00
  0.0000E+00
  0.0000E+00
  0.0000E+00
  0.0000E+00
  0.0000E+00
  0.0000E+00
  0.0000E+00
  0.0000E+00
  0.0000E+00
  0.0000E+00
  0.0000E+00
  0.0000E+00
  0.0000E+00
  0.0000E+00
  0.0000E+00
  0.0000E+00
  0.0000E+00
  0.0000E+00
  0.0000E+00
  0.0000E+00
  0.0000E+00
  0.0000E+00
  0.0000E+00
  0.0000E+00
  0.0000E+00
  0.0000E+00
  0.0000E+00
  0.0000E+00
  0.0000E+00
  0.0000E+00
  0.0000E+00
  0.0000E+00
  0.0000E+00
  0.0000E+00
  0.0000E+00
  0.0000E+00
  0.0000E+00
  0.0000E+00
  0.0000E+00
  0.0000E+00
  0.0000E+00
  0.0000E+00
  0.0000E+00
  0.0000E+00
  0.0000E+00
  0.0000E+00
  0.0000E+00
  0.0000E+00
  0.0000E+00
  0.0000E+00
  0.0000E+00
  0.0000E+00
  0.0000E+00
  0.0000E+00
  0.0000E+00
  0.0000E+00
  0.0000E+00
  0.0000E+00
  0.0000E+00
  0.0000E+00
  0.0000E+00
  0.0000E+00
  0.0000E+00
  0.0000E+00
  0.0000E+00
  0.0000E+00
  0.0000E+00
  0.0000E+00
  0.0000E+00
  0.0000E+00
  0.0000E+00
  0.0000E+00
  0.0000E+00
  0.0000E+00
  0.0000E+00
  0.0000E+00
  0.0000E+00
  0.0000E+00
  0.0000E+00
  0.0000E+00
  0.0000E+00
  0.0000E+00
  0.0000E+00
  0.0000E+00
  0.0000E+00
  0.0000E+00
  0.0000E+00
  0.0000E+00
  0.0000E+00
  0.0000E+00
  0.0000E+00
  0.0000E+00
  0.0000E+00
  0.0000E+00
  0.0000E+00
  0.0000E+00
  0.0000E+00
  0.0000E+00
  0.0000E+00
  0.0000E+00
  0.0000E+00
  0.0000E+00
  0.0000E+00
   3.0000E+02
  0.0000E+00
  0.0000E+00
  0.0000E+00
  0.0000E+00
  0.0000E+00
  0.0000E+00
  0.0000E+00
  0.0000E+00
  0.0000E+00
  3.0601E-01
  3.0453E-01
  3.0601E-01
  3.0601E-01
  3.0453E-01
  3.0601E-01
  3.0601E-01
  3.0453E-01
  3.0601E-01
  2.9072E-01
  2.9716E-01
  2.9072E-01
  2.9072E-01
  2.9716E-01
  2.9072E-01
  2.9072E-01
  2.9716E-01
  2.9072E-01
  2.9077E-01
  2.8985E-01
  2.9077E-01
  2.9077E-01
  2.8985E-01
  2.9077E-01
  2.9077E-01
  2.8985E-01
  2.9077E-01
  2.9025E-01
  2.9029E-01
  2.9025E-01
  2.9025E-01
  2.9029E-01
  2.9025E-01
  2.9025E-01
  2.9029E-01
  2.9025E-01
  2.9038E-01
  2.9038E-01
  2.9038E-01
  2.9038E-01
  2.9038E-01
  2.9038E-01
  2.9038E-01
  2.9038E-01
  2.9038E-01
  2.9045E-01
  2.9045E-01
  2.9045E-01
  2.9045E-01
  2.9045E-01
  2.9045E-01
  2.9045E-01
  2.9045E-01
  2.9045E-01
  2.9053E-01
  2.9053E-01
  2.9053E-01
  2.9053E-01
  2.9053E-01
  2.9053E-01
  2.9053E-01
  2.9053E-01
  2.9053E-01
  2.9062E-01
  2.9062E-01
  2.9062E-01
  2.9062E-01
  2.9062E-01
  2.9062E-01
  2.9062E-01
  2.9062E-01
  2.9062E-01
  2.9072E-01
  2.9072E-01
  2.9072E-01
  2.9072E-01
  2.9072E-01
  2.9072E-01
  2.9072E-01
  2.9072E-01
  2.9072E-01
  2.9084E-01
  2.9084E-01
  2.9084E-01
  2.9084E-01
  2.9084E-01
  2.9084E-01
  2.9084E-01
  2.9084E-01
  2.9084E-01
  2.9097E-01
  2.9097E-01
  2.9097E-01
  2.9097E-01
  2.9097E-01
  2.9097E-01
  2.9097E-01
  2.9097E-01
  2.9097E-01
  2.9111E-01
  2.9111E-01
  2.9111E-01
  2.9111E-01
  2.9111E-01
  2.9111E-01
  2.9111E-01
  2.9111E-01
  2.9111E-01
  2.9126E-01
  2.9126E-01
  2.9126E-01
  2.9126E-01
  2.9126E-01
  2.9126E-01
  2.9126E-01
  2.9126E-01
  2.9126E-01
  2.9143E-01
  2.9143E-01
  2.9143E-01
  2.9143E-01
  2.9143E-01
  2.9143E-01
  2.9143E-01
  2.9143E-01
  2.9143E-01
  2.9161E-01
  2.9160E-01
  2.9161E-01
  2.9161E-01
  2.9160E-01
  2.9161E-01
  2.9161E-01
  2.9160E-01
  2.9161E-01
  2.9180E-01
  2.9179E-01
  2.9180E-01
  2.9180E-01
  2.9179E-01
  2.9180E-01
  2.9180E-01
  2.9179E-01
  2.9180E-01
  2.9200E-01
  2.9200E-01
  2.9200E-01
  2.9200E-01
  2.9200E-01
  2.9200E-01
  2.9200E-01
  2.9200E-01
  2.9200E-01
  2.9221E-01
  2.9221E-01
  2.9221E-01
  2.9221E-01
  2.9221E-01
  2.9221E-01
  2.9221E-01
  2.9221E-01
  2.9221E-01
  2.9245E-01
  2.9245E-01
  2.9245E-01
  2.9245E-01
  2.9245E-01
  2.9245E-01
  2.9245E-01
  2.9245E-01
  2.9245E-01
  2.9260E-01
  2.9260E-01
  2.9260E-01
  2.9260E-01
  2.9260E-01
  2.9260E-01
  2.9260E-01
  2.9260E-01
  2.9260E-01
