Scalar STRAINP2 under Dynam for nodeset
189
   0.0000E+00
  0.0000E+00
  0.0000E+00
  0.0000E+00
  0.0000E+00
  0.0000E+00
  0.0000E+00
  0.0000E+00
  0.0000E+00
  0.0000E+00
  0.0000E+00
  0.0000E+00
  0.0000E+00
  0.0000E+00
  0.0000E+00
  0.0000E+00
  0.0000E+00
  0.0000E+00
  0.0000E+00
  0.0000E+00
  0.0000E+00
  0.0000E+00
  0.0000E+00
  0.0000E+00
  0.0000E+00
  0.0000E+00
  0.0000E+00
  0.0000E+00
  0.0000E+00
  0.0000E+00
  0.0000E+00
  0.0000E+00
  0.0000E+00
  0.0000E+00
  0.0000E+00
  0.0000E+00
  0.0000E+00
  0.0000E+00
  0.0000E+00
  0.0000E+00
  0.0000E+00
  0.0000E+00
  0.0000E+00
  0.0000E+00
  0.0000E+00
  0.0000E+00
  0.0000E+00
  0.0000E+00
  0.0000E+00
  0.0000E+00
  0.0000E+00
  0.0000E+00
  0.0000E+00
  0.0000E+00
  0.0000E+00
  0.0000E+00
  0.0000E+00
  0.0000E+00
  0.0000E+00
  0.0000E+00
  0.0000E+00
  0.0000E+00
  0.0000E+00
  0.0000E+00
  0.0000E+00
  0.0000E+00
  0.0000E+00
  0.0000E+00
  0.0000E+00
  0.0000E+00
  0.0000E+00
  0.0000E+00
  0.0000E+00
  0.0000E+00
  0.0000E+00
  0.0000E+00
  0.0000E+00
  0.0000E+00
  0.0000E+00
  0.0000E+00
  0.0000E+00
  0.0000E+00
  0.0000E+00
  0.0000E+00
  0.0000E+00
  0.0000E+00
  0.0000E+00
  0.0000E+00
  0.0000E+00
  0.0000E+00
  0.0000E+00
  0.0000E+00
  0.0000E+00
  0.0000E+00
  0.0000E+00
  0.0000E+00
  0.0000E+00
  0.0000E+00
  0.0000E+00
  0.0000E+00
  0.0000E+00
  0.0000E+00
  0.0000E+00
  0.0000E+00
  0.0000E+00
  0.0000E+00
  0.0000E+00
  0.0000E+00
  0.0000E+00
  0.0000E+00
  0.0000E+00
  0.0000E+00
  0.0000E+00
  0.0000E+00
  0.0000E+00
  0.0000E+00
  0.0000E+00
  0.0000E+00
  0.0000E+00
  0.0000E+00
  0.0000E+00
  0.0000E+00
  0.0000E+00
  0.0000E+00
  0.0000E+00
  0.0000E+00
  0.0000E+00
  0.0000E+00
  0.0000E+00
  0.0000E+00
  0.0000E+00
  0.0000E+00
  0.0000E+00
  0.0000E+00
  0.0000E+00
  0.0000E+00
  0.0000E+00
  0.0000E+00
  0.0000E+00
  0.0000E+00
  0.0000E+00
  0.0000E+00
  0.0000E+00
  0.0000E+00
  0.0000E+00
  0.0000E+00
  0.0000E+00
  0.0000E+00
  0.0000E+00
  0.0000E+00
  0.0000E+00
  0.0000E+00
  0.0000E+00
  0.0000E+00
  0.0000E+00
  0.0000E+00
  0.0000E+00
  0.0000E+00
  0.0000E+00
  0.0000E+00
  0.0000E+00
  0.0000E+00
  0.0000E+00
  0.0000E+00
  0.0000E+00
  0.0000E+00
  0.0000E+00
  0.0000E+00
  0.0000E+00
  0.0000E+00
  0.0000E+00
  0.0000E+00
  0.0000E+00
  0.0000E+00
  0.0000E+00
  0.0000E+00
  0.0000E+00
  0.0000E+00
  0.0000E+00
  0.0000E+00
  0.0000E+00
  0.0000E+00
  0.0000E+00
  0.0000E+00
  0.0000E+00
  0.0000E+00
  0.0000E+00
  0.0000E+00
  0.0000E+00
  0.0000E+00
   3.0000E+02
  0.0000E+00
  0.0000E+00
  0.0000E+00
  0.0000E+00
  0.0000E+00
  0.0000E+00
  0.0000E+00
  0.0000E+00
  0.0000E+00
  1.1768E-01
  1.1793E-01
  1.1768E-01
  1.1793E-01
  1.1768E-01
  1.1793E-01
  1.1768E-01
  1.1793E-01
  1.1768E-01
  1.1829E-01
  1.1823E-01
  1.1829E-01
  1.1823E-01
  1.1829E-01
  1.1823E-01
  1.1829E-01
  1.1823E-01
  1.1829E-01
  8.8470E-02
  1.0479E-01
  8.8470E-02
  1.0479E-01
  1.2178E-01
  1.0479E-01
  8.8470E-02
  1.0479E-01
  8.8470E-02
  6.3976E-02
  6.4037E-02
  6.3976E-02
  6.4037E-02
  6.3976E-02
  6.4037E-02
  6.3976E-02
  6.4037E-02
  6.3976E-02
  9.2979E-03
  9.3746E-03
  9.2979E-03
  9.3746E-03
  9.2979E-03
  9.3746E-03
  9.2979E-03
  9.3746E-03
  9.2979E-03
  6.0259E-02
  7.8408E-02
  6.0259E-02
  7.8408E-02
  9.6803E-02
  7.8408E-02
  6.0259E-02
  7.8408E-02
  6.0259E-02
  1.0817E-01
  1.0824E-01
  1.0817E-01
  1.0824E-01
  1.0817E-01
  1.0824E-01
  1.0817E-01
  1.0824E-01
  1.0817E-01
  5.8067E-02
  5.8420E-02
  5.8067E-02
  5.8420E-02
  5.8067E-02
  5.8420E-02
  5.8067E-02
  5.8420E-02
  5.8067E-02
  2.2553E-03
  1.2094E-02
  2.2553E-03
  1.2094E-02
  2.5042E-02
  1.2094E-02
  2.2553E-03
  1.2094E-02
  2.2553E-03
 -1.4075E-02
 -1.6658E-03
 -1.4075E-02
 -1.6658E-03
 -3.7125E-02
 -1.6658E-03
 -1.4075E-02
 -1.6658E-03
 -1.4075E-02
 -5.2074E-03
 -1.0082E-02
 -5.2074E-03
 -1.0082E-02
  4.4572E-03
 -1.0082E-02
 -5.2074E-03
 -1.0082E-02
 -5.2074E-03
 -4.9237E-02
 -1.3590E-02
 -4.9237E-02
 -1.3590E-02
  2.2202E-02
 -1.3590E-02
 -4.9237E-02
 -1.3590E-02
 -4.9237E-02
  1.8833E-02
  2.0984E-02
  1.8833E-02
  2.0984E-02
  1.8833E-02
  2.0984E-02
  1.8833E-02
  2.0984E-02
  1.8833E-02
  5.5785E-02
  5.5080E-02
  5.5785E-02
  5.5080E-02
  5.5785E-02
  5.5080E-02
  5.5785E-02
  5.5080E-02
  5.5785E-02
  7.8947E-02
  9.2369E-02
  7.8947E-02
  9.2369E-02
  1.0631E-01
  9.2369E-02
  7.8947E-02
  9.2369E-02
  7.8947E-02
  1.2293E-01
  1.2327E-01
  1.2293E-01
  1.2327E-01
  1.2293E-01
  1.2327E-01
  1.2293E-01
  1.2327E-01
  1.2293E-01
  1.3636E-01
  1.3657E-01
  1.3636E-01
  1.3657E-01
  1.3697E-01
  1.3657E-01
  1.3636E-01
  1.3657E-01
  1.3636E-01
  1.7334E-01
  1.7341E-01
  1.7334E-01
  1.7341E-01
  1.7334E-01
  1.7341E-01
  1.7334E-01
  1.7341E-01
  1.7334E-01
  1.9602E-01
  1.9603E-01
  1.9602E-01
  1.9603E-01
  1.9602E-01
  1.9603E-01
  1.9602E-01
  1.9603E-01
  1.9602E-01
  2.3945E-01
  2.3947E-01
  2.3945E-01
  2.3947E-01
  2.3945E-01
  2.3947E-01
  2.3945E-01
  2.3947E-01
  2.3945E-01
