Scalar STRAINXY under Dynam for nodeset
189
   0.0000E+00
  0.0000E+00
  0.0000E+00
  0.0000E+00
  0.0000E+00
  0.0000E+00
  0.0000E+00
  0.0000E+00
  0.0000E+00
  0.0000E+00
  0.0000E+00
  0.0000E+00
  0.0000E+00
  0.0000E+00
  0.0000E+00
  0.0000E+00
  0.0000E+00
  0.0000E+00
  0.0000E+00
  0.0000E+00
  0.0000E+00
  0.0000E+00
  0.0000E+00
  0.0000E+00
  0.0000E+00
  0.0000E+00
  0.0000E+00
  0.0000E+00
  0.0000E+00
  0.0000E+00
  0.0000E+00
  0.0000E+00
  0.0000E+00
  0.0000E+00
  0.0000E+00
  0.0000E+00
  0.0000E+00
  0.0000E+00
  0.0000E+00
  0.0000E+00
  0.0000E+00
  0.0000E+00
  0.0000E+00
  0.0000E+00
  0.0000E+00
  0.0000E+00
  0.0000E+00
  0.0000E+00
  0.0000E+00
  0.0000E+00
  0.0000E+00
  0.0000E+00
  0.0000E+00
  0.0000E+00
  0.0000E+00
  0.0000E+00
  0.0000E+00
  0.0000E+00
  0.0000E+00
  0.0000E+00
  0.0000E+00
  0.0000E+00
  0.0000E+00
  0.0000E+00
  0.0000E+00
  0.0000E+00
  0.0000E+00
  0.0000E+00
  0.0000E+00
  0.0000E+00
  0.0000E+00
  0.0000E+00
  0.0000E+00
  0.0000E+00
  0.0000E+00
  0.0000E+00
  0.0000E+00
  0.0000E+00
  0.0000E+00
  0.0000E+00
  0.0000E+00
  0.0000E+00
  0.0000E+00
  0.0000E+00
  0.0000E+00
  0.0000E+00
  0.0000E+00
  0.0000E+00
  0.0000E+00
  0.0000E+00
  0.0000E+00
  0.0000E+00
  0.0000E+00
  0.0000E+00
  0.0000E+00
  0.0000E+00
  0.0000E+00
  0.0000E+00
  0.0000E+00
  0.0000E+00
  0.0000E+00
  0.0000E+00
  0.0000E+00
  0.0000E+00
  0.0000E+00
  0.0000E+00
  0.0000E+00
  0.0000E+00
  0.0000E+00
  0.0000E+00
  0.0000E+00
  0.0000E+00
  0.0000E+00
  0.0000E+00
  0.0000E+00
  0.0000E+00
  0.0000E+00
  0.0000E+00
  0.0000E+00
  0.0000E+00
  0.0000E+00
  0.0000E+00
  0.0000E+00
  0.0000E+00
  0.0000E+00
  0.0000E+00
  0.0000E+00
  0.0000E+00
  0.0000E+00
  0.0000E+00
  0.0000E+00
  0.0000E+00
  0.0000E+00
  0.0000E+00
  0.0000E+00
  0.0000E+00
  0.0000E+00
  0.0000E+00
  0.0000E+00
  0.0000E+00
  0.0000E+00
  0.0000E+00
  0.0000E+00
  0.0000E+00
  0.0000E+00
  0.0000E+00
  0.0000E+00
  0.0000E+00
  0.0000E+00
  0.0000E+00
  0.0000E+00
  0.0000E+00
  0.0000E+00
  0.0000E+00
  0.0000E+00
  0.0000E+00
  0.0000E+00
  0.0000E+00
  0.0000E+00
  0.0000E+00
  0.0000E+00
  0.0000E+00
  0.0000E+00
  0.0000E+00
  0.0000E+00
  0.0000E+00
  0.0000E+00
  0.0000E+00
  0.0000E+00
  0.0000E+00
  0.0000E+00
  0.0000E+00
  0.0000E+00
  0.0000E+00
  0.0000E+00
  0.0000E+00
  0.0000E+00
  0.0000E+00
  0.0000E+00
  0.0000E+00
  0.0000E+00
  0.0000E+00
  0.0000E+00
  0.0000E+00
  0.0000E+00
  0.0000E+00
  0.0000E+00
  0.0000E+00
  0.0000E+00
  0.0000E+00
   3.0000E+02
  0.0000E+00
  0.0000E+00
  0.0000E+00
  0.0000E+00
  0.0000E+00
  0.0000E+00
  0.0000E+00
  0.0000E+00
  0.0000E+00
 -1.4110E-02
 -7.3205E-16
  1.4110E-02
  3.9552E-15
 -8.9893E-15
 -1.7169E-14
  1.4110E-02
 -1.5082E-14
 -1.4110E-02
  1.1479E-04
 -1.2831E-14
 -1.1479E-04
 -1.9248E-14
 -1.1632E-14
 -7.8456E-15
 -1.1479E-04
 -1.2562E-14
  1.1479E-04
  3.3984E-02
  5.7489E-15
 -3.3984E-02
  3.3168E-15
  1.1835E-14
  1.6834E-14
 -3.3984E-02
  1.6872E-14
  3.3984E-02
 -6.3457E-03
 -1.0296E-15
  6.3457E-03
  6.6475E-15
  2.8977E-15
  6.1594E-15
  6.3457E-03
  1.2224E-14
 -6.3457E-03
 -3.7427E-02
  5.8599E-15
  3.7427E-02
  9.8185E-16
  4.1585E-15
 -6.0195E-15
  3.7427E-02
 -3.8303E-15
 -3.7427E-02
  3.6788E-02
  9.4872E-15
 -3.6788E-02
 -7.6050E-15
  2.9153E-15
  1.5698E-14
 -3.6788E-02
 -6.1930E-15
  3.6788E-02
 -1.5919E-03
 -7.9846E-16
  1.5919E-03
 -1.1102E-16
 -1.1279E-15
 -7.7520E-16
  1.5919E-03
  7.6218E-15
 -1.5919E-03
 -3.0470E-03
 -1.6272E-14
  3.0470E-03
  3.0531E-15
  4.7393E-15
  6.0005E-15
  3.0470E-03
  2.3432E-14
 -3.0470E-03
  2.5896E-02
 -3.3038E-15
 -2.5896E-02
 -2.7606E-14
 -5.8117E-15
  1.4016E-14
 -2.5896E-02
 -6.3109E-15
  2.5896E-02
 -8.1270E-02
 -1.1616E-14
  8.1270E-02
  5.8079E-15
 -7.0914E-15
 -1.4357E-14
  8.1270E-02
 -1.4017E-15
 -8.1270E-02
  2.9079E-02
 -4.0540E-15
 -2.9079E-02
  6.0178E-15
 -2.4910E-15
 -2.9898E-15
 -2.9079E-02
  7.8236E-16
  2.9079E-02
  7.1582E-02
  2.5882E-15
 -7.1582E-02
  2.0713E-14
  8.1272E-15
 -1.0315E-14
 -7.1582E-02
 -4.8572E-17
  7.1582E-02
 -6.7326E-02
 -1.5359E-14
  6.7326E-02
  1.1866E-14
 -8.9978E-15
 -2.1413E-14
  6.7326E-02
 -7.5391E-15
 -6.7326E-02
  1.4099E-03
  1.5726E-14
 -1.4099E-03
  9.2287E-16
  5.4865E-15
  8.2720E-15
 -1.4099E-03
 -3.9220E-15
  1.4099E-03
  2.7888E-02
 -1.0353E-14
 -2.7888E-02
  5.7315E-15
  1.8554E-15
 -1.2425E-14
 -2.7888E-02
  4.6812E-15
  2.7888E-02
 -8.6368E-03
 -8.7690E-16
  8.6368E-03
  4.1633E-16
 -1.1067E-14
  3.9638E-16
  8.6368E-03
 -3.8337E-15
 -8.6368E-03
  7.9970E-04
  5.4633E-15
 -7.9970E-04
 -2.3412E-14
  3.4662E-15
  1.5578E-14
 -7.9970E-04
 -7.1749E-15
  7.9970E-04
 -6.7636E-03
 -1.1192E-14
  6.7636E-03
 -2.6340E-14
 -3.6340E-15
  2.4971E-14
  6.7636E-03
 -2.5171E-15
 -6.7636E-03
 -1.3477E-02
  2.0402E-14
  1.3477E-02
 -8.2989E-15
 -6.4622E-15
  1.0817E-14
  1.3477E-02
 -2.2056E-14
 -1.3477E-02
 -2.9397E-02
 -7.0234E-14
  2.9397E-02
  2.1302E-14
  2.9374E-15
 -3.2919E-14
  2.9397E-02
  4.4796E-14
 -2.9397E-02
