Scalar MT under FrequencyResponse for nodeset
189
   1.0000E+01
  0.0000E+00
  0.0000E+00
  0.0000E+00
  0.0000E+00
  0.0000E+00
  0.0000E+00
  0.0000E+00
  0.0000E+00
  0.0000E+00
  1.1990E-11
  1.0717E-11
  1.1990E-11
  1.0717E-11
  3.0605E-11
  1.0717E-11
  1.1990E-11
  1.0717E-11
  1.1990E-11
  5.6699E-12
  8.3593E-12
  5.6699E-12
  8.3593E-12
  4.4133E-12
  8.3593E-12
  5.6699E-12
  8.3593E-12
  5.6699E-12
  1.1040E-11
  1.4403E-11
  1.1040E-11
  1.4403E-11
  5.4285E-12
  1.4403E-11
  1.1040E-11
  1.4403E-11
  1.1040E-11
  4.4805E-12
  7.8537E-13
  4.4805E-12
  7.8537E-13
  3.6202E-11
  7.8537E-13
  4.4805E-12
  7.8537E-13
  4.4805E-12
  3.7837E-12
  2.7828E-12
  3.7837E-12
  2.7828E-12
  2.3961E-12
  2.7828E-12
  3.7837E-12
  2.7828E-12
  3.7837E-12
  2.7841E-12
  4.5161E-12
  2.7841E-12
  4.5161E-12
  1.6627E-11
  4.5161E-12
  2.7841E-12
  4.5161E-12
  2.7841E-12
  1.0207E-11
  1.6104E-11
  1.0207E-11
  1.6104E-11
  3.3683E-11
  1.6104E-11
  1.0207E-11
  1.6104E-11
  1.0207E-11
  4.3324E-11
  1.9338E-11
  4.3324E-11
  1.9338E-11
  8.3112E-12
  1.9338E-11
  4.3324E-11
  1.9338E-11
  4.3324E-11
  1.4884E-10
  1.2130E-10
  1.4884E-10
  1.2130E-10
  1.5901E-10
  1.2130E-10
  1.4884E-10
  1.2130E-10
  1.4884E-10
  4.4998E-10
  4.3055E-10
  4.4998E-10
  4.3055E-10
  4.1363E-10
  4.3055E-10
  4.4998E-10
  4.3055E-10
  4.4998E-10
  1.6271E-09
  1.6697E-09
  1.6271E-09
  1.6697E-09
  1.6258E-09
  1.6697E-09
  1.6271E-09
  1.6697E-09
  1.6271E-09
  6.0983E-09
  6.1593E-09
  6.0983E-09
  6.1593E-09
  6.0981E-09
  6.1593E-09
  6.0983E-09
  6.1593E-09
  6.0983E-09
  2.2779E-08
  2.2799E-08
  2.2779E-08
  2.2799E-08
  2.2753E-08
  2.2799E-08
  2.2779E-08
  2.2799E-08
  2.2779E-08
  8.4761E-08
  8.4755E-08
  8.4761E-08
  8.4755E-08
  8.4737E-08
  8.4755E-08
  8.4761E-08
  8.4755E-08
  8.4761E-08
  3.1516E-07
  3.1516E-07
  3.1516E-07
  3.1516E-07
  3.1516E-07
  3.1516E-07
  3.1516E-07
  3.1516E-07
  3.1516E-07
  1.1718E-06
  1.1718E-06
  1.1718E-06
  1.1718E-06
  1.1718E-06
  1.1718E-06
  1.1718E-06
  1.1718E-06
  1.1718E-06
  4.3571E-06
  4.3570E-06
  4.3571E-06
  4.3570E-06
  4.3570E-06
  4.3570E-06
  4.3571E-06
  4.3570E-06
  4.3571E-06
  1.6201E-05
  1.6201E-05
  1.6201E-05
  1.6201E-05
  1.6201E-05
  1.6201E-05
  1.6201E-05
  1.6201E-05
  1.6201E-05
  6.0238E-05
  6.0238E-05
  6.0238E-05
  6.0238E-05
  6.0238E-05
  6.0238E-05
  6.0238E-05
  6.0238E-05
  6.0238E-05
  2.2398E-04
  2.2398E-04
  2.2398E-04
  2.2398E-04
  2.2398E-04
  2.2398E-04
  2.2398E-04
  2.2398E-04
  2.2398E-04
   1.0000E+01  
  0.0000E+00
  0.0000E+00
  0.0000E+00
  0.0000E+00
  0.0000E+00
  0.0000E+00
  0.0000E+00
  0.0000E+00
  0.0000E+00
 -1.1645E-11
 -1.6851E-11
 -1.1645E-11
 -1.6851E-11
  5.0804E-12
 -1.6851E-11
 -1.1645E-11
 -1.6851E-11
 -1.1645E-11
 -7.2672E-12
 -2.3455E-12
 -7.2672E-12
 -2.3455E-12
  4.1431E-11
 -2.3455E-12
 -7.2672E-12
 -2.3455E-12
 -7.2672E-12
  7.7766E-12
  1.8090E-11
  7.7766E-12
  1.8090E-11
 -4.1779E-11
  1.8090E-11
  7.7766E-12
  1.8090E-11
  7.7766E-12
 -6.1120E-12
  9.8139E-12
 -6.1120E-12
  9.8139E-12
  4.3365E-12
  9.8139E-12
 -6.1120E-12
  9.8139E-12
 -6.1120E-12
  1.6973E-12
  6.8417E-12
  1.6973E-12
  6.8417E-12
  2.9105E-11
  6.8417E-12
  1.6973E-12
  6.8417E-12
  1.6973E-12
 -1.0272E-12
 -3.0915E-12
 -1.0272E-12
 -3.0915E-12
 -1.4808E-11
 -3.0915E-12
 -1.0272E-12
 -3.0915E-12
 -1.0272E-12
  9.3466E-12
  4.5764E-12
  9.3466E-12
  4.5764E-12
 -1.1770E-12
  4.5764E-12
  9.3466E-12
  4.5764E-12
  9.3466E-12
  6.1073E-12
 -3.6203E-12
  6.1073E-12
 -3.6203E-12
 -1.6054E-11
 -3.6203E-12
  6.1073E-12
 -3.6203E-12
  6.1073E-12
 -3.5763E-12
  4.2774E-12
 -3.5763E-12
  4.2774E-12
 -1.2822E-12
  4.2774E-12
 -3.5763E-12
  4.2774E-12
 -3.5763E-12
 -1.9670E-11
  1.1046E-11
 -1.9670E-11
  1.1046E-11
 -1.1673E-13
  1.1046E-11
 -1.9670E-11
  1.1046E-11
 -1.9670E-11
 -4.0769E-11
 -1.9471E-11
 -4.0769E-11
 -1.9471E-11
 -4.2631E-11
 -1.9471E-11
 -4.0769E-11
 -1.9471E-11
 -4.0769E-11
 -9.8908E-11
 -1.0348E-10
 -9.8908E-11
 -1.0348E-10
 -9.8524E-11
 -1.0348E-10
 -9.8908E-11
 -1.0348E-10
 -9.8908E-11
 -3.6252E-10
 -3.7613E-10
 -3.6252E-10
 -3.7613E-10
 -3.5086E-10
 -3.7613E-10
 -3.6252E-10
 -3.7613E-10
 -3.6252E-10
 -1.3829E-09
 -1.4002E-09
 -1.3829E-09
 -1.4002E-09
 -1.4126E-09
 -1.4002E-09
 -1.3829E-09
 -1.4002E-09
 -1.3829E-09
 -5.1196E-09
 -5.1207E-09
 -5.1196E-09
 -5.1207E-09
 -5.1107E-09
 -5.1207E-09
 -5.1196E-09
 -5.1207E-09
 -5.1196E-09
 -1.8972E-08
 -1.8974E-08
 -1.8972E-08
 -1.8974E-08
 -1.8976E-08
 -1.8974E-08
 -1.8972E-08
 -1.8974E-08
 -1.8972E-08
 -7.0278E-08
 -7.0271E-08
 -7.0278E-08
 -7.0271E-08
 -7.0280E-08
 -7.0271E-08
 -7.0278E-08
 -7.0271E-08
 -7.0278E-08
 -2.6033E-07
 -2.6029E-07
 -2.6033E-07
 -2.6029E-07
 -2.6028E-07
 -2.6029E-07
 -2.6033E-07
 -2.6029E-07
 -2.6033E-07
 -9.6437E-07
 -9.6430E-07
 -9.6437E-07
 -9.6430E-07
 -9.6429E-07
 -9.6430E-07
 -9.6437E-07
 -9.6430E-07
 -9.6437E-07
 -3.5725E-06
 -3.5724E-06
 -3.5725E-06
 -3.5724E-06
 -3.5725E-06
 -3.5724E-06
 -3.5725E-06
 -3.5724E-06
 -3.5725E-06
