Scalar MT under FrequencyResponse for nodeset
189
   1.0000E+01
  0.0000E+00
  0.0000E+00
  0.0000E+00
  0.0000E+00
  0.0000E+00
  0.0000E+00
  0.0000E+00
  0.0000E+00
  0.0000E+00
  1.1652E-13
  2.0147E-13
  1.1685E-13
  1.9931E-13
  1.1722E-13
  2.0074E-13
  1.1585E-13
  1.9858E-13
  1.1618E-13
  1.8245E-13
  1.8808E-13
  1.8247E-13
  1.8780E-13
  3.3546E-13
  1.8797E-13
  1.8239E-13
  1.8769E-13
  1.8242E-13
  1.2903E-13
  2.0785E-13
  1.2844E-13
  2.1238E-13
  6.5573E-14
  2.0975E-13
  1.3045E-13
  2.1424E-13
  1.2987E-13
  3.2424E-13
  2.5492E-13
  3.2425E-13
  2.5493E-13
  1.0535E-12
  2.5493E-13
  3.2421E-13
  2.5493E-13
  3.2422E-13
  1.1710E-13
  2.6096E-13
  1.1741E-13
  2.5691E-13
  1.6711E-12
  2.5808E-13
  1.1524E-13
  2.5399E-13
  1.1555E-13
  2.0493E-12
  2.8036E-12
  2.0493E-12
  2.8034E-12
  1.7636E-12
  2.8034E-12
  2.0492E-12
  2.8032E-12
  2.0492E-12
  7.8849E-12
  1.0036E-11
  7.8850E-12
  1.0036E-11
  6.9624E-12
  1.0036E-11
  7.8850E-12
  1.0036E-11
  7.8851E-12
  2.9388E-11
  3.4616E-11
  2.9388E-11
  3.4615E-11
  2.9789E-11
  3.4615E-11
  2.9388E-11
  3.4615E-11
  2.9388E-11
  1.1390E-10
  1.2405E-10
  1.1390E-10
  1.2405E-10
  1.1509E-10
  1.2405E-10
  1.1390E-10
  1.2405E-10
  1.1390E-10
  4.3550E-10
  4.4984E-10
  4.3550E-10
  4.4984E-10
  4.3824E-10
  4.4984E-10
  4.3550E-10
  4.4984E-10
  4.3550E-10
  1.6421E-09
  1.6542E-09
  1.6421E-09
  1.6542E-09
  1.6442E-09
  1.6542E-09
  1.6421E-09
  1.6542E-09
  1.6421E-09
  6.1299E-09
  6.1316E-09
  6.1299E-09
  6.1316E-09
  6.1288E-09
  6.1316E-09
  6.1299E-09
  6.1316E-09
  6.1299E-09
  2.2799E-08
  2.2793E-08
  2.2799E-08
  2.2793E-08
  2.2794E-08
  2.2793E-08
  2.2799E-08
  2.2793E-08
  2.2799E-08
  8.4761E-08
  8.4757E-08
  8.4761E-08
  8.4757E-08
  8.4752E-08
  8.4757E-08
  8.4761E-08
  8.4757E-08
  8.4761E-08
  3.1516E-07
  3.1515E-07
  3.1516E-07
  3.1515E-07
  3.1513E-07
  3.1515E-07
  3.1516E-07
  3.1515E-07
  3.1516E-07
  1.1718E-06
  1.1718E-06
  1.1718E-06
  1.1718E-06
  1.1718E-06
  1.1718E-06
  1.1718E-06
  1.1718E-06
  1.1718E-06
  4.3571E-06
  4.3570E-06
  4.3571E-06
  4.3570E-06
  4.3570E-06
  4.3570E-06
  4.3571E-06
  4.3570E-06
  4.3571E-06
  1.6201E-05
  1.6201E-05
  1.6201E-05
  1.6201E-05
  1.6201E-05
  1.6201E-05
  1.6201E-05
  1.6201E-05
  1.6201E-05
  6.0238E-05
  6.0238E-05
  6.0238E-05
  6.0238E-05
  6.0238E-05
  6.0238E-05
  6.0238E-05
  6.0238E-05
  6.0238E-05
  2.2398E-04
  2.2398E-04
  2.2398E-04
  2.2398E-04
  2.2398E-04
  2.2398E-04
  2.2398E-04
  2.2398E-04
  2.2398E-04
   1.0000E+01  
  0.0000E+00
  0.0000E+00
  0.0000E+00
  0.0000E+00
  0.0000E+00
  0.0000E+00
  0.0000E+00
  0.0000E+00
  0.0000E+00
 -3.3094E-15
 -6.2367E-15
 -3.2903E-15
 -6.2969E-15
 -2.0212E-15
 -6.2098E-15
 -3.3153E-15
 -6.2702E-15
 -3.2960E-15
 -3.1304E-15
 -3.2328E-15
 -3.1288E-15
 -3.2371E-15
 -5.7419E-15
 -3.2259E-15
 -3.1301E-15
 -3.2302E-15
 -3.1284E-15
 -3.2358E-15
 -6.0031E-15
 -3.3165E-15
 -5.7553E-15
 -1.0032E-15
 -6.1230E-15
 -3.2123E-15
 -5.8759E-15
 -3.2919E-15
 -5.5307E-15
 -4.3491E-15
 -5.5287E-15
 -4.3496E-15
 -1.7893E-14
 -4.3501E-15
 -5.5311E-15
 -4.3507E-15
 -5.5291E-15
 -3.1822E-15
 -6.5777E-15
 -2.9559E-15
 -7.0020E-15
 -2.8217E-14
 -6.1471E-15
 -3.1838E-15
 -6.5706E-15
 -2.9537E-15
 -3.4474E-14
 -4.7123E-14
 -3.4454E-14
 -4.7146E-14
 -2.9575E-14
 -4.7072E-14
 -3.4466E-14
 -4.7095E-14
 -3.4446E-14
 -1.3196E-13
 -1.6785E-13
 -1.3198E-13
 -1.6784E-13
 -1.1626E-13
 -1.6789E-13
 -1.3197E-13
 -1.6789E-13
 -1.3199E-13
 -4.8995E-13
 -5.7680E-13
 -4.8993E-13
 -5.7679E-13
 -4.9574E-13
 -5.7676E-13
 -4.8993E-13
 -5.7676E-13
 -4.8992E-13
 -1.8913E-12
 -2.0591E-12
 -1.8913E-12
 -2.0591E-12
 -1.9094E-12
 -2.0591E-12
 -1.8913E-12
 -2.0592E-12
 -1.8914E-12
 -7.2057E-12
 -7.4407E-12
 -7.2057E-12
 -7.4407E-12
 -7.2458E-12
 -7.4407E-12
 -7.2057E-12
 -7.4407E-12
 -7.2057E-12
 -2.7071E-11
 -2.7263E-11
 -2.7071E-11
 -2.7263E-11
 -2.7091E-11
 -2.7263E-11
 -2.7071E-11
 -2.7263E-11
 -2.7071E-11
 -1.0069E-10
 -1.0069E-10
 -1.0069E-10
 -1.0069E-10
 -1.0063E-10
 -1.0069E-10
 -1.0069E-10
 -1.0069E-10
 -1.0069E-10
 -3.7312E-10
 -3.7296E-10
 -3.7312E-10
 -3.7296E-10
 -3.7292E-10
 -3.7296E-10
 -3.7312E-10
 -3.7296E-10
 -3.7312E-10
 -1.3821E-09
 -1.3818E-09
 -1.3821E-09
 -1.3818E-09
 -1.3816E-09
 -1.3818E-09
 -1.3821E-09
 -1.3818E-09
 -1.3821E-09
 -5.1200E-09
 -5.1195E-09
 -5.1200E-09
 -5.1195E-09
 -5.1189E-09
 -5.1195E-09
 -5.1200E-09
 -5.1195E-09
 -5.1200E-09
 -1.8967E-08
 -1.8966E-08
 -1.8967E-08
 -1.8966E-08
 -1.8965E-08
 -1.8966E-08
 -1.8967E-08
 -1.8966E-08
 -1.8967E-08
 -7.0266E-08
 -7.0264E-08
 -7.0266E-08
 -7.0264E-08
 -7.0262E-08
 -7.0264E-08
 -7.0266E-08
 -7.0264E-08
 -7.0266E-08
 -2.6031E-07
 -2.6031E-07
 -2.6031E-07
 -2.6031E-07
 -2.6030E-07
 -2.6031E-07
 -2.6031E-07
 -2.6031E-07
 -2.6031E-07
 -9.6433E-07
 -9.6433E-07
 -9.6433E-07
 -9.6433E-07
 -9.6433E-07
 -9.6433E-07
 -9.6433E-07
 -9.6433E-07
 -9.6433E-07
 -3.5724E-06
 -3.5724E-06
 -3.5724E-06
 -3.5724E-06
 -3.5724E-06
 -3.5724E-06
 -3.5724E-06
 -3.5724E-06
 -3.5724E-06
