# node 65
   0.0000E+00    0.0000E+00
   1.2910E-03   -4.4638E-07
   2.5820E-03   -4.0906E-06
   3.8729E-03   -1.4278E-05
   5.1639E-03   -3.1973E-05
   6.4549E-03   -5.7573E-05
   7.7459E-03   -8.9788E-05
   9.0369E-03   -1.2542E-04
   1.0328E-02   -1.6169E-04
   1.1619E-02   -1.9476E-04
   1.2910E-02   -2.2170E-04
   1.4201E-02   -2.4126E-04
   1.5492E-02   -2.5258E-04
   1.6783E-02   -2.5742E-04
   1.8074E-02   -2.5830E-04
   1.9365E-02   -2.5818E-04
   2.0656E-02   -2.6118E-04
   2.1947E-02   -2.6974E-04
   2.3238E-02   -2.8583E-04
   2.4529E-02   -3.1016E-04
   2.5820E-02   -3.4096E-04
   2.7111E-02   -3.7633E-04
   2.8402E-02   -4.1273E-04
   2.9693E-02   -4.4639E-04
   3.0984E-02   -4.7486E-04
   3.2275E-02   -4.9557E-04
   3.3565E-02   -5.0829E-04
   3.4856E-02   -5.1421E-04
   3.6147E-02   -5.1519E-04
   3.7438E-02   -5.1513E-04
   3.8729E-02   -5.1718E-04
   4.0020E-02   -5.2439E-04
   4.1311E-02   -5.3931E-04
   4.2602E-02   -5.6196E-04
   4.3893E-02   -5.9187E-04
   4.5184E-02   -6.2673E-04
   4.6475E-02   -6.6286E-04
   4.7766E-02   -6.9735E-04
   4.9057E-02   -7.2652E-04
   5.0348E-02   -7.4828E-04
   5.1639E-02   -7.6224E-04
   5.2930E-02   -7.6858E-04
   5.4221E-02   -7.7009E-04
   5.5512E-02   -7.6981E-04
   5.6803E-02   -7.7102E-04
   5.8094E-02   -7.7757E-04
   5.9385E-02   -7.9109E-04
   6.0676E-02   -8.1274E-04
   6.1967E-02   -8.4195E-04
   6.3258E-02   -8.7599E-04
   6.4549E-02   -9.1229E-04
   6.5840E-02   -9.4689E-04
   6.7131E-02   -9.7643E-04
   6.8422E-02   -9.9907E-04
   6.9713E-02   -1.0132E-03
   7.1004E-02   -1.0201E-03
   7.2295E-02   -1.0218E-03
   7.3586E-02   -1.0210E-03
   7.4877E-02   -1.0221E-03
   7.6168E-02   -1.0278E-03
   7.7459E-02   -1.0407E-03
   7.8750E-02   -1.0619E-03
   8.0041E-02   -1.0903E-03
   8.1332E-02   -1.1243E-03
   8.2623E-02   -1.1604E-03
   8.3914E-02   -1.1947E-03
   8.5205E-02   -1.2246E-03
   8.6496E-02   -1.2469E-03
   8.7787E-02   -1.2611E-03
   8.9078E-02   -1.2679E-03
   9.0369E-02   -1.2690E-03
   9.1660E-02   -1.2683E-03
   9.2951E-02   -1.2690E-03
   9.4242E-02   -1.2745E-03
   9.5533E-02   -1.2875E-03
   9.6823E-02   -1.3085E-03
   9.8114E-02   -1.3371E-03
   9.9405E-02   -1.3711E-03
   1.0070E-01   -1.4067E-03
   1.0199E-01   -1.4410E-03
   1.0328E-01   -1.4701E-03
   1.0457E-01   -1.4916E-03
   1.0586E-01   -1.5051E-03
   1.0715E-01   -1.5108E-03
   1.0844E-01   -1.5115E-03
   1.0973E-01   -1.5104E-03
   1.1102E-01   -1.5110E-03
   1.1232E-01   -1.5172E-03
   1.1361E-01   -1.5307E-03
   1.1490E-01   -1.5525E-03
   1.1619E-01   -1.5819E-03
   1.1748E-01   -1.6159E-03
   1.1877E-01   -1.6516E-03
   1.2006E-01   -1.6850E-03
   1.2135E-01   -1.7126E-03
   1.2264E-01   -1.7327E-03
   1.2393E-01   -1.7442E-03
   1.2523E-01   -1.7485E-03
   1.2652E-01   -1.7483E-03
   1.2781E-01   -1.7467E-03
   1.2910E-01   -1.7481E-03
   1.3039E-01   -1.7553E-03
   1.3168E-01   -1.7704E-03
   1.3297E-01   -1.7941E-03
   1.3426E-01   -1.8244E-03
   1.3555E-01   -1.8591E-03
   1.3684E-01   -1.8943E-03
   1.3813E-01   -1.9261E-03
   1.3943E-01   -1.9517E-03
   1.4072E-01   -1.9688E-03
   1.4201E-01   -1.9777E-03
   1.4330E-01   -1.9800E-03
   1.4459E-01   -1.9783E-03
   1.4588E-01   -1.9772E-03
   1.4717E-01   -1.9798E-03
   1.4846E-01   -1.9891E-03
   1.4975E-01   -2.0072E-03
   1.5104E-01   -2.0330E-03
   1.5234E-01   -2.0652E-03
   1.5363E-01   -2.1004E-03
   1.5492E-01   -2.1343E-03
   1.5621E-01   -2.1638E-03
   1.5750E-01   -2.1857E-03
   1.5879E-01   -2.1989E-03
   1.6008E-01   -2.2045E-03
   1.6137E-01   -2.2041E-03
   1.6266E-01   -2.2019E-03
   1.6395E-01   -2.2016E-03
   1.6525E-01   -2.2066E-03
   1.6654E-01   -2.2198E-03
   1.6783E-01   -2.2413E-03
   1.6912E-01   -2.2705E-03
   1.7041E-01   -2.3044E-03
   1.7170E-01   -2.3391E-03
   1.7299E-01   -2.3710E-03
   1.7428E-01   -2.3963E-03
   1.7557E-01   -2.4132E-03
   1.7686E-01   -2.4217E-03
   1.7816E-01   -2.4230E-03
   1.7945E-01   -2.4208E-03
   1.8074E-01   -2.4188E-03
   1.8203E-01   -2.4208E-03
   1.8332E-01   -2.4304E-03
   1.8461E-01   -2.4483E-03
   1.8590E-01   -2.4746E-03
   1.8719E-01   -2.5070E-03
   1.8848E-01   -2.5415E-03
   1.8977E-01   -2.5746E-03
   1.9107E-01   -2.6021E-03
   1.9236E-01   -2.6215E-03
   1.9365E-01   -2.6323E-03
   1.9494E-01   -2.6350E-03
   1.9623E-01   -2.6331E-03
   1.9752E-01   -2.6302E-03
   1.9881E-01   -2.6303E-03
   2.0010E-01   -2.6374E-03
   2.0139E-01   -2.6528E-03
   2.0268E-01   -2.6770E-03
   2.0397E-01   -2.7080E-03
   2.0527E-01   -2.7421E-03
   2.0656E-01   -2.7757E-03
   2.0785E-01   -2.8042E-03
   2.0914E-01   -2.8249E-03
   2.1043E-01   -2.8369E-03
   2.1172E-01   -2.8404E-03
   2.1301E-01   -2.8386E-03
   2.1430E-01   -2.8352E-03
   2.1559E-01   -2.8342E-03
   2.1688E-01   -2.8399E-03
   2.1818E-01   -2.8540E-03
   2.1947E-01   -2.8770E-03
   2.2076E-01   -2.9073E-03
   2.2205E-01   -2.9410E-03
   2.2334E-01   -2.9745E-03
   2.2463E-01   -3.0032E-03
   2.2592E-01   -3.0240E-03
   2.2721E-01   -3.0360E-03
   2.2850E-01   -3.0392E-03
   2.2979E-01   -3.0371E-03
   2.3109E-01   -3.0332E-03
   2.3238E-01   -3.0319E-03
   2.3367E-01   -3.0374E-03
   2.3496E-01   -3.0514E-03
   2.3625E-01   -3.0744E-03
   2.3754E-01   -3.1047E-03
   2.3883E-01   -3.1383E-03
   2.4012E-01   -3.1714E-03
   2.4141E-01   -3.1992E-03
   2.4270E-01   -3.2189E-03
   2.4400E-01   -3.2296E-03
   2.4529E-01   -3.2316E-03
   2.4658E-01   -3.2286E-03
   2.4787E-01   -3.2245E-03
   2.4916E-01   -3.2235E-03
   2.5045E-01   -3.2299E-03
   2.5174E-01   -3.2452E-03
   2.5303E-01   -3.2694E-03
   2.5432E-01   -3.3005E-03
   2.5561E-01   -3.3340E-03
   2.5691E-01   -3.3661E-03
   2.5820E-01   -3.3921E-03
   2.5949E-01   -3.4093E-03
   2.6078E-01   -3.4173E-03
   2.6207E-01   -3.4173E-03
   2.6336E-01   -3.4131E-03
   2.6465E-01   -3.4091E-03
   2.6594E-01   -3.4095E-03
   2.6723E-01   -3.4182E-03
   2.6852E-01   -3.4361E-03
   2.6981E-01   -3.4626E-03
   2.7111E-01   -3.4949E-03
   2.7240E-01   -3.5281E-03
   2.7369E-01   -3.5582E-03
   2.7498E-01   -3.5809E-03
   2.7627E-01   -3.5942E-03
   2.7756E-01   -3.5985E-03
   2.7885E-01   -3.5959E-03
   2.8014E-01   -3.5908E-03
   2.8143E-01   -3.5879E-03
   2.8272E-01   -3.5911E-03
   2.8402E-01   -3.6037E-03
   2.8531E-01   -3.6254E-03
   2.8660E-01   -3.6548E-03
   2.8789E-01   -3.6880E-03
   2.8918E-01   -3.7199E-03
   2.9047E-01   -3.7465E-03
   2.9176E-01   -3.7642E-03
   2.9305E-01   -3.7722E-03
   2.9434E-01   -3.7722E-03
   2.9563E-01   -3.7671E-03
   2.9693E-01   -3.7623E-03
   2.9822E-01   -3.7622E-03
   2.9951E-01   -3.7701E-03
   3.0080E-01   -3.7881E-03
   3.0209E-01   -3.8144E-03
   3.0338E-01   -3.8465E-03
   3.0467E-01   -3.8794E-03
   3.0596E-01   -3.9080E-03
   3.0725E-01   -3.9290E-03
   3.0854E-01   -3.9400E-03
   3.0984E-01   -3.9419E-03
   3.1113E-01   -3.9378E-03
   3.1242E-01   -3.9318E-03
   3.1371E-01   -3.9295E-03
   3.1500E-01   -3.9346E-03
   3.1629E-01   -3.9492E-03
   3.1758E-01   -3.9736E-03
   3.1887E-01   -4.0042E-03
   3.2016E-01   -4.0371E-03
   3.2145E-01   -4.0671E-03
   3.2275E-01   -4.0896E-03
   3.2404E-01   -4.1027E-03
   3.2533E-01   -4.1059E-03
   3.2662E-01   -4.1022E-03
   3.2791E-01   -4.0960E-03
   3.2920E-01   -4.0922E-03
   3.3049E-01   -4.0957E-03
   3.3178E-01   -4.1086E-03
   3.3307E-01   -4.1312E-03
   3.3436E-01   -4.1613E-03
   3.3565E-01   -4.1938E-03
   3.3695E-01   -4.2242E-03
   3.3824E-01   -4.2475E-03
   3.3953E-01   -4.2609E-03
   3.4082E-01   -4.2648E-03
   3.4211E-01   -4.2609E-03
   3.4340E-01   -4.2543E-03
   3.4469E-01   -4.2502E-03
   3.4598E-01   -4.2527E-03
   3.4727E-01   -4.2654E-03
   3.4856E-01   -4.2876E-03
   3.4986E-01   -4.3173E-03
   3.5115E-01   -4.3499E-03
   3.5244E-01   -4.3797E-03
   3.5373E-01   -4.4027E-03
   3.5502E-01   -4.4155E-03
   3.5631E-01   -4.4184E-03
   3.5760E-01   -4.4142E-03
   3.5889E-01   -4.4070E-03
   3.6018E-01   -4.4029E-03
   3.6147E-01   -4.4062E-03
   3.6277E-01   -4.4193E-03
   3.6406E-01   -4.4426E-03
   3.6535E-01   -4.4725E-03
   3.6664E-01   -4.5049E-03
   3.6793E-01   -4.5340E-03
   3.6922E-01   -4.5550E-03
   3.7051E-01   -4.5662E-03
   3.7180E-01   -4.5672E-03
   3.7309E-01   -4.5616E-03
   3.7438E-01   -4.5545E-03
   3.7568E-01   -4.5510E-03
   3.7697E-01   -4.5561E-03
   3.7826E-01   -4.5714E-03
   3.7955E-01   -4.5962E-03
   3.8084E-01   -4.6273E-03
   3.8213E-01   -4.6590E-03
   3.8342E-01   -4.6862E-03
   3.8471E-01   -4.7045E-03
   3.8600E-01   -4.7121E-03
   3.8729E-01   -4.7107E-03
   3.8858E-01   -4.7036E-03
   3.8988E-01   -4.6968E-03
   3.9117E-01   -4.6955E-03
   3.9246E-01   -4.7034E-03
   3.9375E-01   -4.7222E-03
   3.9504E-01   -4.7495E-03
   3.9633E-01   -4.7813E-03
   3.9762E-01   -4.8119E-03
   3.9891E-01   -4.8357E-03
   4.0020E-01   -4.8498E-03
   4.0149E-01   -4.8531E-03
   4.0279E-01   -4.8483E-03
   4.0408E-01   -4.8405E-03
   4.0537E-01   -4.8350E-03
   4.0666E-01   -4.8373E-03
   4.0795E-01   -4.8500E-03
   4.0924E-01   -4.8728E-03
   4.1053E-01   -4.9030E-03
   4.1182E-01   -4.9345E-03
   4.1311E-01   -4.9623E-03
   4.1440E-01   -4.9814E-03
   4.1570E-01   -4.9894E-03
   4.1699E-01   -4.9880E-03
   4.1828E-01   -4.9804E-03
   4.1957E-01   -4.9729E-03
   4.2086E-01   -4.9710E-03
   4.2215E-01   -4.9786E-03
   4.2344E-01   -4.9973E-03
   4.2473E-01   -5.0246E-03
   4.2602E-01   -5.0561E-03
   4.2731E-01   -5.0861E-03
   4.2861E-01   -5.1086E-03
   4.2990E-01   -5.1209E-03
   4.3119E-01   -5.1224E-03
   4.3248E-01   -5.1161E-03
   4.3377E-01   -5.1078E-03
   4.3506E-01   -5.1029E-03
   4.3635E-01   -5.1069E-03
   4.3764E-01   -5.1218E-03
   4.3893E-01   -5.1465E-03
   4.4022E-01   -5.1775E-03
   4.4152E-01   -5.2082E-03
   4.4281E-01   -5.2333E-03
   4.4410E-01   -5.2484E-03
   4.4539E-01   -5.2522E-03
   4.4668E-01   -5.2475E-03
   4.4797E-01   -5.2387E-03
   4.4926E-01   -5.2323E-03
   4.5055E-01   -5.2337E-03
   4.5184E-01   -5.2457E-03
   4.5313E-01   -5.2687E-03
   4.5442E-01   -5.2985E-03
   4.5572E-01   -5.3296E-03
   4.5701E-01   -5.3562E-03
   4.5830E-01   -5.3728E-03
   4.5959E-01   -5.3785E-03
   4.6088E-01   -5.3745E-03
   4.6217E-01   -5.3656E-03
   4.6346E-01   -5.3584E-03
   4.6475E-01   -5.3581E-03
   4.6604E-01   -5.3688E-03
   4.6733E-01   -5.3903E-03
   4.6863E-01   -5.4195E-03
   4.6992E-01   -5.4509E-03
   4.7121E-01   -5.4776E-03
   4.7250E-01   -5.4953E-03
   4.7379E-01   -5.5014E-03
   4.7508E-01   -5.4975E-03
   4.7637E-01   -5.4888E-03
   4.7766E-01   -5.4808E-03
   4.7895E-01   -5.4801E-03
   4.8024E-01   -5.4903E-03
   4.8154E-01   -5.5114E-03
   4.8283E-01   -5.5406E-03
   4.8412E-01   -5.5716E-03
   4.8541E-01   -5.5984E-03
   4.8670E-01   -5.6157E-03
   4.8799E-01   -5.6211E-03
   4.8928E-01   -5.6170E-03
   4.9057E-01   -5.6077E-03
   4.9186E-01   -5.5998E-03
   4.9315E-01   -5.5996E-03
   4.9445E-01   -5.6102E-03
   4.9574E-01   -5.6322E-03
   4.9703E-01   -5.6615E-03
   4.9832E-01   -5.6923E-03
   4.9961E-01   -5.7183E-03
   5.0090E-01   -5.7339E-03
   5.0219E-01   -5.7381E-03
   5.0348E-01   -5.7326E-03
   5.0477E-01   -5.7228E-03
   5.0606E-01   -5.7157E-03
   5.0736E-01   -5.7165E-03
   5.0865E-01   -5.7292E-03
   5.0994E-01   -5.7525E-03
   5.1123E-01   -5.7825E-03
   5.1252E-01   -5.8129E-03
   5.1381E-01   -5.8368E-03
   5.1510E-01   -5.8500E-03
   5.1639E-01   -5.8516E-03
   5.1768E-01   -5.8443E-03
   5.1897E-01   -5.8345E-03
   5.2026E-01   -5.8284E-03
   5.2156E-01   -5.8320E-03
   5.2285E-01   -5.8474E-03
   5.2414E-01   -5.8728E-03
   5.2543E-01   -5.9036E-03
   5.2672E-01   -5.9325E-03
   5.2801E-01   -5.9536E-03
   5.2930E-01   -5.9632E-03
   5.3059E-01   -5.9612E-03
   5.3188E-01   -5.9524E-03
   5.3317E-01   -5.9427E-03
   5.3447E-01   -5.9391E-03
   5.3576E-01   -5.9466E-03
   5.3705E-01   -5.9655E-03
   5.3834E-01   -5.9936E-03
   5.3963E-01   -6.0243E-03
   5.4092E-01   -6.0509E-03
   5.4221E-01   -6.0678E-03
   5.4350E-01   -6.0723E-03
   5.4479E-01   -6.0670E-03
   5.4608E-01   -6.0566E-03
   5.4738E-01   -6.0484E-03
   5.4867E-01   -6.0490E-03
   5.4996E-01   -6.0611E-03
   5.5125E-01   -6.0846E-03
   5.5254E-01   -6.1146E-03
   5.5383E-01   -6.1441E-03
   5.5512E-01   -6.1668E-03
   5.5641E-01   -6.1777E-03
   5.5770E-01   -6.1770E-03
   5.5899E-01   -6.1681E-03
   5.6029E-01   -6.1577E-03
   5.6158E-01   -6.1532E-03
   5.6287E-01   -6.1591E-03
   5.6416E-01   -6.1774E-03
   5.6545E-01   -6.2049E-03
   5.6674E-01   -6.2354E-03
   5.6803E-01   -6.2621E-03
   5.6932E-01   -6.2784E-03
   5.7061E-01   -6.2826E-03
   5.7190E-01   -6.2765E-03
   5.7320E-01   -6.2655E-03
   5.7449E-01   -6.2576E-03
   5.7578E-01   -6.2585E-03
   5.7707E-01   -6.2717E-03
   5.7836E-01   -6.2961E-03
   5.7965E-01   -6.3261E-03
   5.8094E-01   -6.3551E-03
   5.8223E-01   -6.3757E-03
   5.8352E-01   -6.3843E-03
   5.8481E-01   -6.3813E-03
   5.8610E-01   -6.3710E-03
   5.8740E-01   -6.3612E-03
   5.8869E-01   -6.3582E-03
   5.8998E-01   -6.3671E-03
   5.9127E-01   -6.3882E-03
   5.9256E-01   -6.4169E-03
   5.9385E-01   -6.4471E-03
   5.9514E-01   -6.4707E-03
   5.9643E-01   -6.4830E-03
   5.9772E-01   -6.4830E-03
   5.9901E-01   -6.4738E-03
   6.0031E-01   -6.4630E-03
   6.0160E-01   -6.4574E-03
   6.0289E-01   -6.4628E-03
   6.0418E-01   -6.4809E-03
   6.0547E-01   -6.5082E-03
   6.0676E-01   -6.5388E-03
   6.0805E-01   -6.5643E-03
   6.0934E-01   -6.5793E-03
   6.1063E-01   -6.5818E-03
   6.1192E-01   -6.5738E-03
   6.1322E-01   -6.5626E-03
   6.1451E-01   -6.5552E-03
   6.1580E-01   -6.5582E-03
   6.1709E-01   -6.5740E-03
   6.1838E-01   -6.5999E-03
   6.1967E-01   -6.6304E-03
   6.2096E-01   -6.6572E-03
   6.2225E-01   -6.6739E-03
   6.2354E-01   -6.6780E-03
   6.2483E-01   -6.6710E-03
   6.2613E-01   -6.6597E-03
   6.2742E-01   -6.6512E-03
   6.2871E-01   -6.6525E-03
   6.3000E-01   -6.6668E-03
   6.3129E-01   -6.6918E-03
   6.3258E-01   -6.7221E-03
   6.3387E-01   -6.7494E-03
   6.3516E-01   -6.7670E-03
   6.3645E-01   -6.7720E-03
   6.3774E-01   -6.7655E-03
   6.3904E-01   -6.7540E-03
   6.4033E-01   -6.7449E-03
   6.4162E-01   -6.7455E-03
   6.4291E-01   -6.7591E-03
   6.4420E-01   -6.7837E-03
   6.4549E-01   -6.8139E-03
   6.4678E-01   -6.8413E-03
   6.4807E-01   -6.8590E-03
   6.4936E-01   -6.8640E-03
   6.5065E-01   -6.8572E-03
   6.5194E-01   -6.8455E-03
   6.5324E-01   -6.8364E-03
   6.5453E-01   -6.8370E-03
   6.5582E-01   -6.8509E-03
   6.5711E-01   -6.8756E-03
   6.5840E-01   -6.9058E-03
   6.5969E-01   -6.9328E-03
   6.6098E-01   -6.9498E-03
   6.6227E-01   -6.9539E-03
   6.6356E-01   -6.9464E-03
   6.6485E-01   -6.9345E-03
   6.6615E-01   -6.9258E-03
   6.6744E-01   -6.9273E-03
   6.6873E-01   -6.9422E-03
   6.7002E-01   -6.9677E-03
   6.7131E-01   -6.9979E-03
   6.7260E-01   -7.0240E-03
   6.7389E-01   -7.0394E-03
   6.7518E-01   -7.0418E-03
   6.7647E-01   -7.0332E-03
   6.7776E-01   -7.0211E-03
   6.7906E-01   -7.0133E-03
   6.8035E-01   -7.0166E-03
   6.8164E-01   -7.0334E-03
   6.8293E-01   -7.0600E-03
   6.8422E-01   -7.0901E-03
   6.8551E-01   -7.1147E-03
   6.8680E-01   -7.1277E-03
   6.8809E-01   -7.1276E-03
   6.8938E-01   -7.1174E-03
   6.9067E-01   -7.1054E-03
   6.9197E-01   -7.0994E-03
   6.9326E-01   -7.1054E-03
   6.9455E-01   -7.1248E-03
   6.9584E-01   -7.1528E-03
   6.9713E-01   -7.1823E-03
   6.9842E-01   -7.2045E-03
   6.9971E-01   -7.2141E-03
   7.0100E-01   -7.2110E-03
   7.0229E-01   -7.1993E-03
   7.0358E-01   -7.1880E-03
   7.0488E-01   -7.1847E-03
   7.0617E-01   -7.1944E-03
   7.0746E-01   -7.2169E-03
   7.0875E-01   -7.2461E-03
   7.1004E-01   -7.2743E-03
   7.1133E-01   -7.2930E-03
   7.1262E-01   -7.2983E-03
   7.1391E-01   -7.2917E-03
   7.1520E-01   -7.2790E-03
   7.1649E-01   -7.2695E-03
   7.1778E-01   -7.2700E-03
   7.1908E-01   -7.2842E-03
   7.2037E-01   -7.3099E-03
   7.2166E-01   -7.3396E-03
   7.2295E-01   -7.3653E-03
   7.2424E-01   -7.3792E-03
   7.2553E-01   -7.3796E-03
   7.2682E-01   -7.3698E-03
   7.2811E-01   -7.3570E-03
   7.2940E-01   -7.3507E-03
   7.3069E-01   -7.3564E-03
   7.3199E-01   -7.3756E-03
   7.3328E-01   -7.4040E-03
   7.3457E-01   -7.4329E-03
   7.3586E-01   -7.4544E-03
   7.3715E-01   -7.4625E-03
   7.3844E-01   -7.4576E-03
   7.3973E-01   -7.4454E-03
   7.4102E-01   -7.4342E-03
   7.4231E-01   -7.4327E-03
   7.4360E-01   -7.4446E-03
   7.4490E-01   -7.4687E-03
   7.4619E-01   -7.4986E-03
   7.4748E-01   -7.5247E-03
   7.4877E-01   -7.5403E-03
   7.5006E-01   -7.5416E-03
   7.5135E-01   -7.5320E-03
   7.5264E-01   -7.5191E-03
   7.5393E-01   -7.5116E-03
   7.5522E-01   -7.5167E-03
   7.5651E-01   -7.5352E-03
   7.5781E-01   -7.5633E-03
   7.5910E-01   -7.5924E-03
   7.6039E-01   -7.6134E-03
   7.6168E-01   -7.6215E-03
   7.6297E-01   -7.6160E-03
   7.6426E-01   -7.6033E-03
   7.6555E-01   -7.5923E-03
   7.6684E-01   -7.5909E-03
   7.6813E-01   -7.6038E-03
   7.6942E-01   -7.6284E-03
   7.7072E-01   -7.6582E-03
   7.7201E-01   -7.6835E-03
   7.7330E-01   -7.6971E-03
   7.7459E-01   -7.6968E-03
   7.7588E-01   -7.6858E-03
   7.7717E-01   -7.6729E-03
   7.7846E-01   -7.6669E-03
   7.7975E-01   -7.6738E-03
   7.8104E-01   -7.6946E-03
   7.8233E-01   -7.7232E-03
   7.8362E-01   -7.7513E-03
   7.8492E-01   -7.7698E-03
   7.8621E-01   -7.7741E-03
   7.8750E-01   -7.7663E-03
   7.8879E-01   -7.7526E-03
   7.9008E-01   -7.7433E-03
   7.9137E-01   -7.7454E-03
   7.9266E-01   -7.7617E-03
   7.9395E-01   -7.7888E-03
   7.9524E-01   -7.8178E-03
   7.9653E-01   -7.8402E-03
   7.9783E-01   -7.8489E-03
   7.9912E-01   -7.8441E-03
   8.0041E-01   -7.8313E-03
   8.0170E-01   -7.8194E-03
   8.0299E-01   -7.8177E-03
   8.0428E-01   -7.8299E-03
   8.0557E-01   -7.8545E-03
   8.0686E-01   -7.8842E-03
   8.0815E-01   -7.9089E-03
   8.0944E-01   -7.9217E-03
   8.1074E-01   -7.9199E-03
   8.1203E-01   -7.9082E-03
   8.1332E-01   -7.8952E-03
   8.1461E-01   -7.8900E-03
   8.1590E-01   -7.8990E-03
   8.1719E-01   -7.9211E-03
   8.1848E-01   -7.9504E-03
   8.1977E-01   -7.9771E-03
   8.2106E-01   -7.9926E-03
   8.2235E-01   -7.9939E-03
   8.2365E-01   -7.9833E-03
   8.2494E-01   -7.9697E-03
   8.2623E-01   -7.9624E-03
   8.2752E-01   -7.9682E-03
   8.2881E-01   -7.9884E-03
   8.3010E-01   -8.0168E-03
   8.3139E-01   -8.0447E-03
   8.3268E-01   -8.0626E-03
   8.3397E-01   -8.0659E-03
   8.3526E-01   -8.0570E-03
   8.3656E-01   -8.0428E-03
   8.3785E-01   -8.0341E-03
   8.3914E-01   -8.0377E-03
   8.4043E-01   -8.0558E-03
   8.4172E-01   -8.0838E-03
   8.4301E-01   -8.1120E-03
   8.4430E-01   -8.1317E-03
   8.4559E-01   -8.1367E-03
   8.4688E-01   -8.1286E-03
   8.4817E-01   -8.1147E-03
   8.4946E-01   -8.1045E-03
   8.5076E-01   -8.1069E-03
   8.5205E-01   -8.1236E-03
   8.5334E-01   -8.1509E-03
   8.5463E-01   -8.1797E-03
   8.5592E-01   -8.2000E-03
   8.5721E-01   -8.2063E-03
   8.5850E-01   -8.1987E-03
   8.5979E-01   -8.1848E-03
   8.6108E-01   -8.1742E-03
   8.6237E-01   -8.1753E-03
   8.6367E-01   -8.1916E-03
   8.6496E-01   -8.2184E-03
   8.6625E-01   -8.2473E-03
   8.6754E-01   -8.2681E-03
   8.6883E-01   -8.2746E-03
   8.7012E-01   -8.2675E-03
   8.7141E-01   -8.2532E-03
   8.7270E-01   -8.2425E-03
   8.7399E-01   -8.2434E-03
   8.7528E-01   -8.2593E-03
   8.7658E-01   -8.2863E-03
   8.7787E-01   -8.3149E-03
   8.7916E-01   -8.3357E-03
   8.8045E-01   -8.3419E-03
   8.8174E-01   -8.3344E-03
   8.8303E-01   -8.3202E-03
   8.8432E-01   -8.3093E-03
   8.8561E-01   -8.3109E-03
   8.8690E-01   -8.3271E-03
   8.8819E-01   -8.3543E-03
   8.8949E-01   -8.3829E-03
   8.9078E-01   -8.4027E-03
   8.9207E-01   -8.4083E-03
   8.9336E-01   -8.3998E-03
   8.9465E-01   -8.3854E-03
   8.9594E-01   -8.3752E-03
   8.9723E-01   -8.3774E-03
   8.9852E-01   -8.3950E-03
   8.9981E-01   -8.4224E-03
   9.0110E-01   -8.4507E-03
   9.0240E-01   -8.4693E-03
   9.0369E-01   -8.4731E-03
   9.0498E-01   -8.4638E-03
   9.0627E-01   -8.4490E-03
   9.0756E-01   -8.4399E-03
   9.0885E-01   -8.4438E-03
   9.1014E-01   -8.4627E-03
   9.1143E-01   -8.4911E-03
   9.1272E-01   -8.5183E-03
   9.1401E-01   -8.5353E-03
   9.1530E-01   -8.5368E-03
   9.1660E-01   -8.5260E-03
   9.1789E-01   -8.5115E-03
   9.1918E-01   -8.5036E-03
   9.2047E-01   -8.5102E-03
   9.2176E-01   -8.5310E-03
   9.2305E-01   -8.5599E-03
   9.2434E-01   -8.5861E-03
   9.2563E-01   -8.6003E-03
   9.2692E-01   -8.5994E-03
   9.2821E-01   -8.5868E-03
   9.2951E-01   -8.5728E-03
   9.3080E-01   -8.5673E-03
   9.3209E-01   -8.5767E-03
   9.3338E-01   -8.6000E-03
   9.3467E-01   -8.6290E-03
   9.3596E-01   -8.6535E-03
   9.3725E-01   -8.6645E-03
   9.3854E-01   -8.6611E-03
   9.3983E-01   -8.6481E-03
   9.4112E-01   -8.6353E-03
   9.4242E-01   -8.6331E-03
   9.4371E-01   -8.6452E-03
   9.4500E-01   -8.6701E-03
   9.4629E-01   -8.6983E-03
   9.4758E-01   -8.7203E-03
   9.4887E-01   -8.7324E-03
   9.5016E-01   -8.7307E-03
   9.5145E-01   -8.7208E-03
   9.5274E-01   -8.7108E-03
   9.5403E-01   -8.7086E-03
   9.5533E-01   -8.7202E-03
   9.5662E-01   -8.7416E-03
   9.5791E-01   -8.7671E-03
   9.5920E-01   -8.7897E-03
   9.6049E-01   -8.8027E-03
   9.6178E-01   -8.8045E-03
   9.6307E-01   -8.7976E-03
   9.6436E-01   -8.7887E-03
   9.6565E-01   -8.7863E-03
   9.6694E-01   -8.7945E-03
   9.6823E-01   -8.8133E-03
   9.6953E-01   -8.8363E-03
   9.7082E-01   -8.8580E-03
   9.7211E-01   -8.8729E-03
   9.7340E-01   -8.8766E-03
   9.7469E-01   -8.8729E-03
   9.7598E-01   -8.8653E-03
   9.7727E-01   -8.8623E-03
   9.7856E-01   -8.8689E-03
   9.7985E-01   -8.8842E-03
   9.8114E-01   -8.9057E-03
   9.8244E-01   -8.9262E-03
   9.8373E-01   -8.9417E-03
   9.8502E-01   -8.9480E-03
   9.8631E-01   -8.9459E-03
   9.8760E-01   -8.9406E-03
   9.8889E-01   -8.9370E-03
   9.9018E-01   -8.9420E-03
   9.9147E-01   -8.9553E-03
   9.9276E-01   -8.9742E-03
   9.9405E-01   -8.9948E-03
   9.9535E-01   -9.0112E-03
   9.9664E-01   -9.0230E-03
   9.9793E-01   -9.0278E-03
   9.9922E-01   -9.0273E-03
   1.0005E+00   -9.0266E-03
   1.0018E+00   -9.0275E-03
   1.0031E+00   -9.0351E-03
   1.0044E+00   -9.0481E-03
   1.0057E+00   -9.0659E-03
   1.0070E+00   -9.0860E-03
   1.0083E+00   -9.1026E-03
   1.0095E+00   -9.1150E-03
   1.0108E+00   -9.1208E-03
   1.0121E+00   -9.1210E-03
   1.0134E+00   -9.1206E-03
   1.0147E+00   -9.1214E-03
   1.0160E+00   -9.1281E-03
   1.0173E+00   -9.1405E-03
   1.0186E+00   -9.1573E-03
   1.0199E+00   -9.1769E-03
   1.0212E+00   -9.1936E-03
   1.0225E+00   -9.2060E-03
   1.0237E+00   -9.2124E-03
   1.0250E+00   -9.2130E-03
   1.0263E+00   -9.2128E-03
   1.0276E+00   -9.2135E-03
   1.0289E+00   -9.2196E-03
   1.0302E+00   -9.2317E-03
   1.0315E+00   -9.2481E-03
   1.0328E+00   -9.2674E-03
   1.0341E+00   -9.2842E-03
   1.0354E+00   -9.2965E-03
   1.0367E+00   -9.3033E-03
   1.0379E+00   -9.3042E-03
   1.0392E+00   -9.3038E-03
   1.0405E+00   -9.3048E-03
   1.0418E+00   -9.3105E-03
   1.0431E+00   -9.3224E-03
   1.0444E+00   -9.3386E-03
   1.0457E+00   -9.3573E-03
   1.0470E+00   -9.3741E-03
   1.0483E+00   -9.3861E-03
   1.0496E+00   -9.3927E-03
   1.0509E+00   -9.3938E-03
   1.0521E+00   -9.3933E-03
   1.0534E+00   -9.3945E-03
   1.0547E+00   -9.4002E-03
   1.0560E+00   -9.4122E-03
   1.0573E+00   -9.4285E-03
   1.0586E+00   -9.4468E-03
   1.0599E+00   -9.4635E-03
   1.0612E+00   -9.4749E-03
   1.0625E+00   -9.4809E-03
   1.0638E+00   -9.4818E-03
   1.0651E+00   -9.4810E-03
   1.0663E+00   -9.4826E-03
   1.0676E+00   -9.4886E-03
   1.0689E+00   -9.5007E-03
   1.0702E+00   -9.5174E-03
   1.0715E+00   -9.5354E-03
   1.0728E+00   -9.5516E-03
   1.0741E+00   -9.5623E-03
   1.0754E+00   -9.5674E-03
   1.0767E+00   -9.5681E-03
   1.0780E+00   -9.5671E-03
   1.0793E+00   -9.5691E-03
   1.0806E+00   -9.5758E-03
   1.0818E+00   -9.5884E-03
   1.0831E+00   -9.6056E-03
   1.0844E+00   -9.6233E-03
   1.0857E+00   -9.6386E-03
   1.0870E+00   -9.6485E-03
   1.0883E+00   -9.6524E-03
   1.0896E+00   -9.6526E-03
   1.0909E+00   -9.6518E-03
   1.0922E+00   -9.6543E-03
   1.0935E+00   -9.6622E-03
   1.0948E+00   -9.6754E-03
   1.0960E+00   -9.6929E-03
   1.0973E+00   -9.7102E-03
   1.0986E+00   -9.7243E-03
   1.0999E+00   -9.7330E-03
   1.1012E+00   -9.7357E-03
   1.1025E+00   -9.7355E-03
   1.1038E+00   -9.7350E-03
   1.1051E+00   -9.7386E-03
   1.1064E+00   -9.7478E-03
   1.1077E+00   -9.7619E-03
   1.1090E+00   -9.7795E-03
   1.1102E+00   -9.7960E-03
   1.1115E+00   -9.8086E-03
   1.1128E+00   -9.8157E-03
   1.1141E+00   -9.8170E-03
   1.1154E+00   -9.8165E-03
   1.1167E+00   -9.8168E-03
   1.1180E+00   -9.8217E-03
   1.1193E+00   -9.8324E-03
   1.1206E+00   -9.8476E-03
   1.1219E+00   -9.8650E-03
   1.1232E+00   -9.8804E-03
   1.1244E+00   -9.8912E-03
   1.1257E+00   -9.8964E-03
   1.1270E+00   -9.8967E-03
   1.1283E+00   -9.8962E-03
   1.1296E+00   -9.8977E-03
   1.1309E+00   -9.9043E-03
   1.1322E+00   -9.9165E-03
   1.1335E+00   -9.9326E-03
   1.1348E+00   -9.9495E-03
   1.1361E+00   -9.9634E-03
   1.1374E+00   -9.9721E-03
   1.1386E+00   -9.9754E-03
   1.1399E+00   -9.9750E-03
   1.1412E+00   -9.9747E-03
   1.1425E+00   -9.9780E-03
   1.1438E+00   -9.9865E-03
   1.1451E+00   -1.0000E-02
   1.1464E+00   -1.0017E-02
   1.1477E+00   -1.0033E-02
   1.1490E+00   -1.0045E-02
   1.1503E+00   -1.0051E-02
   1.1516E+00   -1.0053E-02
   1.1528E+00   -1.0052E-02
   1.1541E+00   -1.0053E-02
   1.1554E+00   -1.0058E-02
   1.1567E+00   -1.0069E-02
   1.1580E+00   -1.0084E-02
   1.1593E+00   -1.0101E-02
   1.1606E+00   -1.0115E-02
   1.1619E+00   -1.0125E-02
   1.1632E+00   -1.0129E-02
   1.1645E+00   -1.0129E-02
   1.1658E+00   -1.0128E-02
   1.1670E+00   -1.0130E-02
   1.1683E+00   -1.0138E-02
   1.1696E+00   -1.0151E-02
   1.1709E+00   -1.0168E-02
   1.1722E+00   -1.0184E-02
   1.1735E+00   -1.0196E-02
   1.1748E+00   -1.0202E-02
   1.1761E+00   -1.0204E-02
   1.1774E+00   -1.0203E-02
   1.1787E+00   -1.0203E-02
   1.1800E+00   -1.0208E-02
   1.1812E+00   -1.0219E-02
   1.1825E+00   -1.0234E-02
   1.1838E+00   -1.0250E-02
   1.1851E+00   -1.0265E-02
   1.1864E+00   -1.0274E-02
   1.1877E+00   -1.0278E-02
   1.1890E+00   -1.0277E-02
   1.1903E+00   -1.0277E-02
   1.1916E+00   -1.0279E-02
   1.1929E+00   -1.0287E-02
   1.1942E+00   -1.0300E-02
   1.1954E+00   -1.0316E-02
   1.1967E+00   -1.0332E-02
   1.1980E+00   -1.0343E-02
   1.1993E+00   -1.0349E-02
   1.2006E+00   -1.0350E-02
   1.2019E+00   -1.0349E-02
   1.2032E+00   -1.0350E-02
   1.2045E+00   -1.0356E-02
   1.2058E+00   -1.0367E-02
   1.2071E+00   -1.0382E-02
   1.2084E+00   -1.0398E-02
   1.2096E+00   -1.0411E-02
   1.2109E+00   -1.0419E-02
   1.2122E+00   -1.0422E-02
   1.2135E+00   -1.0421E-02
   1.2148E+00   -1.0421E-02
   1.2161E+00   -1.0424E-02
   1.2174E+00   -1.0433E-02
   1.2187E+00   -1.0447E-02
   1.2200E+00   -1.0463E-02
   1.2213E+00   -1.0477E-02
   1.2226E+00   -1.0487E-02
   1.2238E+00   -1.0491E-02
   1.2251E+00   -1.0491E-02
   1.2264E+00   -1.0490E-02
   1.2277E+00   -1.0492E-02
   1.2290E+00   -1.0499E-02
   1.2303E+00   -1.0511E-02
   1.2316E+00   -1.0527E-02
   1.2329E+00   -1.0542E-02
   1.2342E+00   -1.0553E-02
   1.2355E+00   -1.0559E-02
   1.2368E+00   -1.0560E-02
   1.2380E+00   -1.0559E-02
   1.2393E+00   -1.0560E-02
   1.2406E+00   -1.0565E-02
   1.2419E+00   -1.0576E-02
   1.2432E+00   -1.0590E-02
   1.2445E+00   -1.0606E-02
   1.2458E+00   -1.0619E-02
   1.2471E+00   -1.0626E-02
   1.2484E+00   -1.0628E-02
   1.2497E+00   -1.0627E-02
   1.2510E+00   -1.0627E-02
   1.2523E+00   -1.0631E-02
   1.2535E+00   -1.0640E-02
   1.2548E+00   -1.0654E-02
   1.2561E+00   -1.0669E-02
   1.2574E+00   -1.0683E-02
   1.2587E+00   -1.0691E-02
   1.2600E+00   -1.0694E-02
   1.2613E+00   -1.0694E-02
   1.2626E+00   -1.0693E-02
   1.2639E+00   -1.0696E-02
   1.2652E+00   -1.0704E-02
   1.2665E+00   -1.0717E-02
   1.2677E+00   -1.0732E-02
   1.2690E+00   -1.0746E-02
   1.2703E+00   -1.0756E-02
   1.2716E+00   -1.0760E-02
   1.2729E+00   -1.0760E-02
   1.2742E+00   -1.0759E-02
   1.2755E+00   -1.0761E-02
   1.2768E+00   -1.0767E-02
   1.2781E+00   -1.0780E-02
   1.2794E+00   -1.0795E-02
   1.2807E+00   -1.0809E-02
   1.2819E+00   -1.0820E-02
   1.2832E+00   -1.0825E-02
   1.2845E+00   -1.0825E-02
   1.2858E+00   -1.0824E-02
   1.2871E+00   -1.0825E-02
   1.2884E+00   -1.0831E-02
   1.2897E+00   -1.0842E-02
   1.2910E+00   -1.0857E-02
   1.2923E+00   -1.0872E-02
   1.2936E+00   -1.0883E-02
   1.2949E+00   -1.0888E-02
   1.2961E+00   -1.0889E-02
   1.2974E+00   -1.0888E-02
   1.2987E+00   -1.0889E-02
   1.3000E+00   -1.0894E-02
   1.3013E+00   -1.0905E-02
   1.3026E+00   -1.0920E-02
   1.3039E+00   -1.0934E-02
   1.3052E+00   -1.0946E-02
   1.3065E+00   -1.0952E-02
   1.3078E+00   -1.0953E-02
   1.3091E+00   -1.0951E-02
   1.3103E+00   -1.0952E-02
   1.3116E+00   -1.0957E-02
   1.3129E+00   -1.0967E-02
   1.3142E+00   -1.0981E-02
   1.3155E+00   -1.0996E-02
   1.3168E+00   -1.1008E-02
   1.3181E+00   -1.1014E-02
   1.3194E+00   -1.1015E-02
   1.3207E+00   -1.1014E-02
   1.3220E+00   -1.1014E-02
   1.3233E+00   -1.1019E-02
   1.3245E+00   -1.1029E-02
   1.3258E+00   -1.1043E-02
   1.3271E+00   -1.1058E-02
   1.3284E+00   -1.1069E-02
   1.3297E+00   -1.1075E-02
   1.3310E+00   -1.1076E-02
   1.3323E+00   -1.1075E-02
   1.3336E+00   -1.1075E-02
   1.3349E+00   -1.1080E-02
   1.3362E+00   -1.1090E-02
   1.3375E+00   -1.1104E-02
   1.3387E+00   -1.1119E-02
   1.3400E+00   -1.1130E-02
   1.3413E+00   -1.1136E-02
   1.3426E+00   -1.1137E-02
   1.3439E+00   -1.1136E-02
   1.3452E+00   -1.1136E-02
   1.3465E+00   -1.1141E-02
   1.3478E+00   -1.1151E-02
   1.3491E+00   -1.1166E-02
   1.3504E+00   -1.1180E-02
   1.3517E+00   -1.1191E-02
   1.3529E+00   -1.1197E-02
   1.3542E+00   -1.1197E-02
   1.3555E+00   -1.1196E-02
   1.3568E+00   -1.1197E-02
   1.3581E+00   -1.1202E-02
   1.3594E+00   -1.1212E-02
   1.3607E+00   -1.1226E-02
   1.3620E+00   -1.1241E-02
   1.3633E+00   -1.1251E-02
   1.3646E+00   -1.1256E-02
   1.3659E+00   -1.1257E-02
   1.3671E+00   -1.1255E-02
   1.3684E+00   -1.1256E-02
   1.3697E+00   -1.1262E-02
   1.3710E+00   -1.1273E-02
   1.3723E+00   -1.1287E-02
   1.3736E+00   -1.1301E-02
   1.3749E+00   -1.1311E-02
   1.3762E+00   -1.1315E-02
   1.3775E+00   -1.1315E-02
   1.3788E+00   -1.1314E-02
   1.3801E+00   -1.1315E-02
   1.3813E+00   -1.1322E-02
   1.3826E+00   -1.1333E-02
   1.3839E+00   -1.1348E-02
   1.3852E+00   -1.1361E-02
   1.3865E+00   -1.1370E-02
   1.3878E+00   -1.1373E-02
   1.3891E+00   -1.1373E-02
   1.3904E+00   -1.1372E-02
   1.3917E+00   -1.1374E-02
   1.3930E+00   -1.1381E-02
   1.3943E+00   -1.1394E-02
   1.3955E+00   -1.1408E-02
   1.3968E+00   -1.1420E-02
   1.3981E+00   -1.1428E-02
   1.3994E+00   -1.1431E-02
   1.4007E+00   -1.1430E-02
   1.4020E+00   -1.1429E-02
   1.4033E+00   -1.1433E-02
   1.4046E+00   -1.1441E-02
   1.4059E+00   -1.1454E-02
   1.4072E+00   -1.1468E-02
   1.4085E+00   -1.1479E-02
   1.4098E+00   -1.1486E-02
   1.4110E+00   -1.1488E-02
   1.4123E+00   -1.1487E-02
   1.4136E+00   -1.1487E-02
   1.4149E+00   -1.1491E-02
   1.4162E+00   -1.1500E-02
   1.4175E+00   -1.1514E-02
   1.4188E+00   -1.1528E-02
   1.4201E+00   -1.1538E-02
   1.4214E+00   -1.1543E-02
   1.4227E+00   -1.1544E-02
   1.4240E+00   -1.1543E-02
   1.4252E+00   -1.1544E-02
   1.4265E+00   -1.1550E-02
   1.4278E+00   -1.1560E-02
   1.4291E+00   -1.1574E-02
   1.4304E+00   -1.1587E-02
   1.4317E+00   -1.1597E-02
   1.4330E+00   -1.1600E-02
   1.4343E+00   -1.1600E-02
   1.4356E+00   -1.1599E-02
   1.4369E+00   -1.1602E-02
   1.4382E+00   -1.1609E-02
   1.4394E+00   -1.1621E-02
   1.4407E+00   -1.1635E-02
   1.4420E+00   -1.1647E-02
   1.4433E+00   -1.1654E-02
   1.4446E+00   -1.1657E-02
   1.4459E+00   -1.1656E-02
   1.4472E+00   -1.1655E-02
   1.4485E+00   -1.1659E-02
   1.4498E+00   -1.1668E-02
   1.4511E+00   -1.1681E-02
   1.4524E+00   -1.1695E-02
   1.4536E+00   -1.1705E-02
   1.4549E+00   -1.1711E-02
   1.4562E+00   -1.1712E-02
   1.4575E+00   -1.1711E-02
   1.4588E+00   -1.1712E-02
   1.4601E+00   -1.1717E-02
   1.4614E+00   -1.1728E-02
   1.4627E+00   -1.1741E-02
   1.4640E+00   -1.1754E-02
   1.4653E+00   -1.1763E-02
   1.4666E+00   -1.1766E-02
   1.4678E+00   -1.1766E-02
   1.4691E+00   -1.1765E-02
   1.4704E+00   -1.1768E-02
   1.4717E+00   -1.1775E-02
   1.4730E+00   -1.1787E-02
   1.4743E+00   -1.1801E-02
   1.4756E+00   -1.1812E-02
   1.4769E+00   -1.1818E-02
   1.4782E+00   -1.1820E-02
   1.4795E+00   -1.1819E-02
   1.4808E+00   -1.1819E-02
   1.4820E+00   -1.1824E-02
   1.4833E+00   -1.1833E-02
   1.4846E+00   -1.1846E-02
   1.4859E+00   -1.1859E-02
   1.4872E+00   -1.1868E-02
   1.4885E+00   -1.1873E-02
   1.4898E+00   -1.1873E-02
   1.4911E+00   -1.1872E-02
   1.4924E+00   -1.1874E-02
   1.4937E+00   -1.1880E-02
   1.4950E+00   -1.1892E-02
   1.4962E+00   -1.1905E-02
   1.4975E+00   -1.1917E-02
   1.4988E+00   -1.1924E-02
   1.5001E+00   -1.1926E-02
   1.5014E+00   -1.1925E-02
   1.5027E+00   -1.1925E-02
   1.5040E+00   -1.1929E-02
   1.5053E+00   -1.1938E-02
   1.5066E+00   -1.1951E-02
   1.5079E+00   -1.1964E-02
   1.5092E+00   -1.1973E-02
   1.5104E+00   -1.1978E-02
   1.5117E+00   -1.1978E-02
   1.5130E+00   -1.1977E-02
   1.5143E+00   -1.1979E-02
   1.5156E+00   -1.1985E-02
   1.5169E+00   -1.1997E-02
   1.5182E+00   -1.2010E-02
   1.5195E+00   -1.2021E-02
   1.5208E+00   -1.2029E-02
   1.5221E+00   -1.2032E-02
   1.5234E+00   -1.2031E-02
   1.5246E+00   -1.2032E-02
   1.5259E+00   -1.2036E-02
   1.5272E+00   -1.2044E-02
   1.5285E+00   -1.2056E-02
   1.5298E+00   -1.2069E-02
   1.5311E+00   -1.2079E-02
   1.5324E+00   -1.2085E-02
   1.5337E+00   -1.2086E-02
   1.5350E+00   -1.2086E-02
   1.5363E+00   -1.2087E-02
   1.5376E+00   -1.2093E-02
   1.5388E+00   -1.2103E-02
   1.5401E+00   -1.2116E-02
   1.5414E+00   -1.2128E-02
   1.5427E+00   -1.2136E-02
   1.5440E+00   -1.2140E-02
   1.5453E+00   -1.2140E-02
   1.5466E+00   -1.2140E-02
   1.5479E+00   -1.2143E-02
   1.5492E+00   -1.2150E-02
   1.5505E+00   -1.2162E-02
   1.5518E+00   -1.2175E-02
   1.5530E+00   -1.2185E-02
   1.5543E+00   -1.2191E-02
   1.5556E+00   -1.2193E-02
   1.5569E+00   -1.2193E-02
   1.5582E+00   -1.2193E-02
   1.5595E+00   -1.2198E-02
   1.5608E+00   -1.2208E-02
   1.5621E+00   -1.2221E-02
   1.5634E+00   -1.2233E-02
   1.5647E+00   -1.2242E-02
   1.5660E+00   -1.2245E-02
   1.5672E+00   -1.2245E-02
   1.5685E+00   -1.2245E-02
   1.5698E+00   -1.2248E-02
   1.5711E+00   -1.2255E-02
   1.5724E+00   -1.2266E-02
   1.5737E+00   -1.2279E-02
   1.5750E+00   -1.2290E-02
   1.5763E+00   -1.2296E-02
   1.5776E+00   -1.2298E-02
   1.5789E+00   -1.2297E-02
   1.5802E+00   -1.2298E-02
   1.5815E+00   -1.2303E-02
   1.5827E+00   -1.2312E-02
   1.5840E+00   -1.2325E-02
   1.5853E+00   -1.2337E-02
   1.5866E+00   -1.2345E-02
   1.5879E+00   -1.2349E-02
   1.5892E+00   -1.2349E-02
   1.5905E+00   -1.2348E-02
   1.5918E+00   -1.2351E-02
   1.5931E+00   -1.2359E-02
   1.5944E+00   -1.2370E-02
   1.5957E+00   -1.2383E-02
   1.5969E+00   -1.2393E-02
   1.5982E+00   -1.2399E-02
   1.5995E+00   -1.2400E-02
   1.6008E+00   -1.2399E-02
   1.6021E+00   -1.2401E-02
   1.6034E+00   -1.2406E-02
   1.6047E+00   -1.2416E-02
   1.6060E+00   -1.2429E-02
   1.6073E+00   -1.2440E-02
   1.6086E+00   -1.2448E-02
   1.6099E+00   -1.2452E-02
   1.6111E+00   -1.2452E-02
   1.6124E+00   -1.2452E-02
   1.6137E+00   -1.2455E-02
   1.6150E+00   -1.2463E-02
   1.6163E+00   -1.2475E-02
   1.6176E+00   -1.2487E-02
   1.6189E+00   -1.2498E-02
   1.6202E+00   -1.2503E-02
   1.6215E+00   -1.2505E-02
   1.6228E+00   -1.2505E-02
   1.6241E+00   -1.2506E-02
   1.6253E+00   -1.2511E-02
   1.6266E+00   -1.2521E-02
   1.6279E+00   -1.2534E-02
   1.6292E+00   -1.2545E-02
   1.6305E+00   -1.2554E-02
   1.6318E+00   -1.2557E-02
   1.6331E+00   -1.2558E-02
   1.6344E+00   -1.2558E-02
   1.6357E+00   -1.2561E-02
   1.6370E+00   -1.2569E-02
   1.6383E+00   -1.2580E-02
   1.6395E+00   -1.2593E-02
   1.6408E+00   -1.2603E-02
   1.6421E+00   -1.2608E-02
   1.6434E+00   -1.2610E-02
   1.6447E+00   -1.2610E-02
   1.6460E+00   -1.2611E-02
   1.6473E+00   -1.2617E-02
   1.6486E+00   -1.2627E-02
   1.6499E+00   -1.2640E-02
   1.6512E+00   -1.2651E-02
   1.6525E+00   -1.2658E-02
   1.6537E+00   -1.2662E-02
   1.6550E+00   -1.2662E-02
   1.6563E+00   -1.2662E-02
   1.6576E+00   -1.2666E-02
   1.6589E+00   -1.2674E-02
   1.6602E+00   -1.2686E-02
   1.6615E+00   -1.2698E-02
   1.6628E+00   -1.2707E-02
   1.6641E+00   -1.2712E-02
   1.6654E+00   -1.2713E-02
   1.6667E+00   -1.2713E-02
   1.6679E+00   -1.2715E-02
   1.6692E+00   -1.2721E-02
   1.6705E+00   -1.2732E-02
   1.6718E+00   -1.2745E-02
   1.6731E+00   -1.2755E-02
   1.6744E+00   -1.2762E-02
   1.6757E+00   -1.2764E-02
   1.6770E+00   -1.2763E-02
   1.6783E+00   -1.2764E-02
   1.6796E+00   -1.2769E-02
   1.6809E+00   -1.2778E-02
   1.6821E+00   -1.2790E-02
   1.6834E+00   -1.2802E-02
   1.6847E+00   -1.2810E-02
   1.6860E+00   -1.2813E-02
   1.6873E+00   -1.2813E-02
   1.6886E+00   -1.2813E-02
   1.6899E+00   -1.2816E-02
   1.6912E+00   -1.2824E-02
   1.6925E+00   -1.2836E-02
   1.6938E+00   -1.2848E-02
   1.6951E+00   -1.2857E-02
   1.6963E+00   -1.2862E-02
   1.6976E+00   -1.2862E-02
   1.6989E+00   -1.2862E-02
   1.7002E+00   -1.2864E-02
   1.7015E+00   -1.2871E-02
   1.7028E+00   -1.2881E-02
   1.7041E+00   -1.2893E-02
   1.7054E+00   -1.2904E-02
   1.7067E+00   -1.2909E-02
   1.7080E+00   -1.2911E-02
   1.7093E+00   -1.2911E-02
   1.7105E+00   -1.2912E-02
   1.7118E+00   -1.2917E-02
   1.7131E+00   -1.2927E-02
   1.7144E+00   -1.2939E-02
   1.7157E+00   -1.2950E-02
   1.7170E+00   -1.2957E-02
   1.7183E+00   -1.2959E-02
   1.7196E+00   -1.2959E-02
   1.7209E+00   -1.2959E-02
   1.7222E+00   -1.2963E-02
   1.7235E+00   -1.2972E-02
   1.7247E+00   -1.2984E-02
   1.7260E+00   -1.2995E-02
   1.7273E+00   -1.3003E-02
   1.7286E+00   -1.3006E-02
   1.7299E+00   -1.3006E-02
   1.7312E+00   -1.3006E-02
   1.7325E+00   -1.3010E-02
   1.7338E+00   -1.3017E-02
   1.7351E+00   -1.3028E-02
   1.7364E+00   -1.3040E-02
   1.7377E+00   -1.3049E-02
   1.7390E+00   -1.3053E-02
   1.7402E+00   -1.3053E-02
   1.7415E+00   -1.3053E-02
   1.7428E+00   -1.3055E-02
   1.7441E+00   -1.3062E-02
   1.7454E+00   -1.3073E-02
   1.7467E+00   -1.3085E-02
   1.7480E+00   -1.3094E-02
   1.7493E+00   -1.3099E-02
   1.7506E+00   -1.3099E-02
   1.7519E+00   -1.3099E-02
   1.7532E+00   -1.3100E-02
   1.7544E+00   -1.3106E-02
   1.7557E+00   -1.3117E-02
   1.7570E+00   -1.3128E-02
   1.7583E+00   -1.3138E-02
   1.7596E+00   -1.3143E-02
   1.7609E+00   -1.3145E-02
   1.7622E+00   -1.3144E-02
   1.7635E+00   -1.3145E-02
   1.7648E+00   -1.3150E-02
   1.7661E+00   -1.3160E-02
   1.7674E+00   -1.3172E-02
   1.7686E+00   -1.3182E-02
   1.7699E+00   -1.3188E-02
   1.7712E+00   -1.3189E-02
   1.7725E+00   -1.3188E-02
   1.7738E+00   -1.3189E-02
   1.7751E+00   -1.3194E-02
   1.7764E+00   -1.3203E-02
   1.7777E+00   -1.3215E-02
   1.7790E+00   -1.3225E-02
   1.7803E+00   -1.3231E-02
   1.7816E+00   -1.3233E-02
   1.7828E+00   -1.3232E-02
   1.7841E+00   -1.3233E-02
   1.7854E+00   -1.3237E-02
   1.7867E+00   -1.3246E-02
   1.7880E+00   -1.3258E-02
   1.7893E+00   -1.3268E-02
   1.7906E+00   -1.3274E-02
   1.7919E+00   -1.3276E-02
   1.7932E+00   -1.3275E-02
   1.7945E+00   -1.3276E-02
   1.7958E+00   -1.3280E-02
   1.7970E+00   -1.3289E-02
   1.7983E+00   -1.3300E-02
   1.7996E+00   -1.3310E-02
   1.8009E+00   -1.3317E-02
   1.8022E+00   -1.3319E-02
   1.8035E+00   -1.3318E-02
   1.8048E+00   -1.3318E-02
   1.8061E+00   -1.3323E-02
   1.8074E+00   -1.3331E-02
   1.8087E+00   -1.3342E-02
   1.8100E+00   -1.3353E-02
   1.8112E+00   -1.3359E-02
   1.8125E+00   -1.3361E-02
   1.8138E+00   -1.3360E-02
   1.8151E+00   -1.3361E-02
   1.8164E+00   -1.3365E-02
   1.8177E+00   -1.3373E-02
   1.8190E+00   -1.3385E-02
   1.8203E+00   -1.3395E-02
   1.8216E+00   -1.3401E-02
   1.8229E+00   -1.3403E-02
   1.8242E+00   -1.3402E-02
   1.8254E+00   -1.3403E-02
   1.8267E+00   -1.3407E-02
   1.8280E+00   -1.3416E-02
   1.8293E+00   -1.3427E-02
   1.8306E+00   -1.3437E-02
   1.8319E+00   -1.3443E-02
   1.8332E+00   -1.3445E-02
   1.8345E+00   -1.3444E-02
   1.8358E+00   -1.3445E-02
   1.8371E+00   -1.3449E-02
   1.8384E+00   -1.3458E-02
   1.8396E+00   -1.3469E-02
   1.8409E+00   -1.3479E-02
   1.8422E+00   -1.3485E-02
   1.8435E+00   -1.3486E-02
   1.8448E+00   -1.3486E-02
   1.8461E+00   -1.3486E-02
   1.8474E+00   -1.3491E-02
   1.8487E+00   -1.3500E-02
   1.8500E+00   -1.3512E-02
   1.8513E+00   -1.3521E-02
   1.8526E+00   -1.3527E-02
   1.8538E+00   -1.3529E-02
   1.8551E+00   -1.3528E-02
   1.8564E+00   -1.3529E-02
   1.8577E+00   -1.3534E-02
   1.8590E+00   -1.3543E-02
   1.8603E+00   -1.3554E-02
   1.8616E+00   -1.3564E-02
   1.8629E+00   -1.3569E-02
   1.8642E+00   -1.3570E-02
   1.8655E+00   -1.3570E-02
   1.8668E+00   -1.3571E-02
   1.8680E+00   -1.3576E-02
   1.8693E+00   -1.3586E-02
   1.8706E+00   -1.3597E-02
   1.8719E+00   -1.3606E-02
   1.8732E+00   -1.3611E-02
   1.8745E+00   -1.3612E-02
   1.8758E+00   -1.3611E-02
   1.8771E+00   -1.3613E-02
   1.8784E+00   -1.3619E-02
   1.8797E+00   -1.3628E-02
   1.8810E+00   -1.3639E-02
   1.8822E+00   -1.3648E-02
   1.8835E+00   -1.3652E-02
   1.8848E+00   -1.3653E-02
   1.8861E+00   -1.3652E-02
   1.8874E+00   -1.3654E-02
   1.8887E+00   -1.3661E-02
   1.8900E+00   -1.3671E-02
   1.8913E+00   -1.3682E-02
   1.8926E+00   -1.3689E-02
   1.8939E+00   -1.3693E-02
   1.8952E+00   -1.3693E-02
   1.8964E+00   -1.3693E-02
   1.8977E+00   -1.3696E-02
   1.8990E+00   -1.3703E-02
   1.9003E+00   -1.3713E-02
   1.9016E+00   -1.3724E-02
   1.9029E+00   -1.3731E-02
   1.9042E+00   -1.3734E-02
   1.9055E+00   -1.3734E-02
   1.9068E+00   -1.3733E-02
   1.9081E+00   -1.3737E-02
   1.9094E+00   -1.3745E-02
   1.9107E+00   -1.3755E-02
   1.9119E+00   -1.3765E-02
   1.9132E+00   -1.3771E-02
   1.9145E+00   -1.3774E-02
   1.9158E+00   -1.3774E-02
   1.9171E+00   -1.3774E-02
   1.9184E+00   -1.3779E-02
   1.9197E+00   -1.3787E-02
   1.9210E+00   -1.3797E-02
   1.9223E+00   -1.3807E-02
   1.9236E+00   -1.3812E-02
   1.9249E+00   -1.3814E-02
   1.9261E+00   -1.3813E-02
   1.9274E+00   -1.3815E-02
   1.9287E+00   -1.3820E-02
   1.9300E+00   -1.3829E-02
   1.9313E+00   -1.3840E-02
   1.9326E+00   -1.3848E-02
   1.9339E+00   -1.3853E-02
   1.9352E+00   -1.3854E-02
   1.9365E+00   -1.3853E-02
   1.9378E+00   -1.3856E-02
   1.9391E+00   -1.3862E-02
   1.9403E+00   -1.3871E-02
   1.9416E+00   -1.3882E-02
   1.9429E+00   -1.3890E-02
   1.9442E+00   -1.3893E-02
   1.9455E+00   -1.3894E-02
   1.9468E+00   -1.3893E-02
   1.9481E+00   -1.3896E-02
   1.9494E+00   -1.3904E-02
   1.9507E+00   -1.3914E-02
   1.9520E+00   -1.3924E-02
   1.9533E+00   -1.3930E-02
   1.9545E+00   -1.3933E-02
   1.9558E+00   -1.3933E-02
   1.9571E+00   -1.3933E-02
   1.9584E+00   -1.3937E-02
   1.9597E+00   -1.3945E-02
   1.9610E+00   -1.3956E-02
   1.9623E+00   -1.3965E-02
   1.9636E+00   -1.3970E-02
   1.9649E+00   -1.3972E-02
   1.9662E+00   -1.3972E-02
   1.9675E+00   -1.3973E-02
   1.9687E+00   -1.3979E-02
   1.9700E+00   -1.3987E-02
   1.9713E+00   -1.3998E-02
   1.9726E+00   -1.4006E-02
   1.9739E+00   -1.4010E-02
   1.9752E+00   -1.4011E-02
   1.9765E+00   -1.4010E-02
   1.9778E+00   -1.4013E-02
   1.9791E+00   -1.4020E-02
   1.9804E+00   -1.4029E-02
   1.9817E+00   -1.4039E-02
   1.9829E+00   -1.4046E-02
   1.9842E+00   -1.4049E-02
   1.9855E+00   -1.4049E-02
   1.9868E+00   -1.4049E-02
   1.9881E+00   -1.4053E-02
   1.9894E+00   -1.4061E-02
   1.9907E+00   -1.4071E-02
   1.9920E+00   -1.4080E-02
   1.9933E+00   -1.4085E-02
   1.9946E+00   -1.4087E-02
   1.9959E+00   -1.4087E-02
   1.9971E+00   -1.4088E-02
   1.9984E+00   -1.4093E-02
   1.9997E+00   -1.4102E-02
   2.0010E+00   -1.4112E-02
   2.0023E+00   -1.4118E-02
   2.0036E+00   -1.4115E-02
   2.0049E+00   -1.4106E-02
   2.0062E+00   -1.4099E-02
   2.0075E+00   -1.4101E-02
   2.0088E+00   -1.4109E-02
   2.0101E+00   -1.4116E-02
   2.0113E+00   -1.4117E-02
   2.0126E+00   -1.4110E-02
   2.0139E+00   -1.4102E-02
   2.0152E+00   -1.4100E-02
   2.0165E+00   -1.4106E-02
   2.0178E+00   -1.4114E-02
   2.0191E+00   -1.4117E-02
   2.0204E+00   -1.4113E-02
   2.0217E+00   -1.4106E-02
   2.0230E+00   -1.4101E-02
   2.0243E+00   -1.4104E-02
   2.0255E+00   -1.4111E-02
   2.0268E+00   -1.4116E-02
   2.0281E+00   -1.4116E-02
   2.0294E+00   -1.4110E-02
   2.0307E+00   -1.4104E-02
   2.0320E+00   -1.4103E-02
   2.0333E+00   -1.4108E-02
   2.0346E+00   -1.4114E-02
   2.0359E+00   -1.4116E-02
   2.0372E+00   -1.4113E-02
   2.0385E+00   -1.4108E-02
   2.0397E+00   -1.4104E-02
   2.0410E+00   -1.4106E-02
   2.0423E+00   -1.4112E-02
   2.0436E+00   -1.4116E-02
   2.0449E+00   -1.4115E-02
   2.0462E+00   -1.4111E-02
   2.0475E+00   -1.4107E-02
   2.0488E+00   -1.4106E-02
   2.0501E+00   -1.4110E-02
   2.0514E+00   -1.4114E-02
   2.0527E+00   -1.4116E-02
   2.0539E+00   -1.4114E-02
   2.0552E+00   -1.4110E-02
   2.0565E+00   -1.4107E-02
   2.0578E+00   -1.4109E-02
   2.0591E+00   -1.4112E-02
   2.0604E+00   -1.4115E-02
   2.0617E+00   -1.4115E-02
   2.0630E+00   -1.4113E-02
   2.0643E+00   -1.4109E-02
   2.0656E+00   -1.4109E-02
   2.0669E+00   -1.4111E-02
   2.0681E+00   -1.4114E-02
   2.0694E+00   -1.4116E-02
   2.0707E+00   -1.4114E-02
   2.0720E+00   -1.4112E-02
   2.0733E+00   -1.4110E-02
   2.0746E+00   -1.4110E-02
   2.0759E+00   -1.4113E-02
   2.0772E+00   -1.4115E-02
   2.0785E+00   -1.4115E-02
   2.0798E+00   -1.4113E-02
   2.0811E+00   -1.4111E-02
   2.0824E+00   -1.4110E-02
   2.0836E+00   -1.4112E-02
   2.0849E+00   -1.4114E-02
   2.0862E+00   -1.4115E-02
   2.0875E+00   -1.4114E-02
   2.0888E+00   -1.4112E-02
   2.0901E+00   -1.4111E-02
   2.0914E+00   -1.4111E-02
   2.0927E+00   -1.4113E-02
   2.0940E+00   -1.4115E-02
   2.0953E+00   -1.4115E-02
   2.0966E+00   -1.4113E-02
   2.0978E+00   -1.4111E-02
   2.0991E+00   -1.4111E-02
   2.1004E+00   -1.4113E-02
   2.1017E+00   -1.4115E-02
   2.1030E+00   -1.4116E-02
   2.1043E+00   -1.4114E-02
   2.1056E+00   -1.4112E-02
   2.1069E+00   -1.4112E-02
   2.1082E+00   -1.4113E-02
   2.1095E+00   -1.4115E-02
   2.1108E+00   -1.4116E-02
   2.1120E+00   -1.4116E-02
   2.1133E+00   -1.4114E-02
   2.1146E+00   -1.4113E-02
   2.1159E+00   -1.4113E-02
   2.1172E+00   -1.4116E-02
   2.1185E+00   -1.4117E-02
   2.1198E+00   -1.4117E-02
   2.1211E+00   -1.4116E-02
   2.1224E+00   -1.4114E-02
   2.1237E+00   -1.4114E-02
   2.1250E+00   -1.4116E-02
   2.1262E+00   -1.4118E-02
   2.1275E+00   -1.4119E-02
   2.1288E+00   -1.4118E-02
   2.1301E+00   -1.4116E-02
   2.1314E+00   -1.4116E-02
   2.1327E+00   -1.4117E-02
   2.1340E+00   -1.4119E-02
   2.1353E+00   -1.4120E-02
   2.1366E+00   -1.4120E-02
   2.1379E+00   -1.4118E-02
   2.1392E+00   -1.4117E-02
   2.1404E+00   -1.4118E-02
   2.1417E+00   -1.4120E-02
   2.1430E+00   -1.4121E-02
   2.1443E+00   -1.4121E-02
   2.1456E+00   -1.4120E-02
   2.1469E+00   -1.4118E-02
   2.1482E+00   -1.4118E-02
   2.1495E+00   -1.4120E-02
   2.1508E+00   -1.4122E-02
   2.1521E+00   -1.4123E-02
   2.1534E+00   -1.4121E-02
   2.1546E+00   -1.4120E-02
   2.1559E+00   -1.4119E-02
   2.1572E+00   -1.4120E-02
   2.1585E+00   -1.4122E-02
   2.1598E+00   -1.4124E-02
   2.1611E+00   -1.4123E-02
   2.1624E+00   -1.4121E-02
   2.1637E+00   -1.4120E-02
   2.1650E+00   -1.4121E-02
   2.1663E+00   -1.4123E-02
   2.1676E+00   -1.4124E-02
   2.1688E+00   -1.4124E-02
   2.1701E+00   -1.4122E-02
   2.1714E+00   -1.4121E-02
   2.1727E+00   -1.4121E-02
   2.1740E+00   -1.4123E-02
   2.1753E+00   -1.4125E-02
   2.1766E+00   -1.4125E-02
   2.1779E+00   -1.4124E-02
   2.1792E+00   -1.4122E-02
   2.1805E+00   -1.4121E-02
   2.1818E+00   -1.4123E-02
   2.1830E+00   -1.4125E-02
   2.1843E+00   -1.4126E-02
   2.1856E+00   -1.4125E-02
   2.1869E+00   -1.4123E-02
   2.1882E+00   -1.4122E-02
   2.1895E+00   -1.4123E-02
   2.1908E+00   -1.4125E-02
   2.1921E+00   -1.4127E-02
   2.1934E+00   -1.4127E-02
   2.1947E+00   -1.4125E-02
   2.1960E+00   -1.4124E-02
   2.1972E+00   -1.4124E-02
   2.1985E+00   -1.4125E-02
   2.1998E+00   -1.4127E-02
   2.2011E+00   -1.4128E-02
   2.2024E+00   -1.4127E-02
   2.2037E+00   -1.4126E-02
   2.2050E+00   -1.4125E-02
   2.2063E+00   -1.4126E-02
   2.2076E+00   -1.4128E-02
   2.2089E+00   -1.4129E-02
   2.2102E+00   -1.4129E-02
   2.2114E+00   -1.4127E-02
   2.2127E+00   -1.4126E-02
   2.2140E+00   -1.4126E-02
   2.2153E+00   -1.4128E-02
   2.2166E+00   -1.4129E-02
   2.2179E+00   -1.4130E-02
   2.2192E+00   -1.4129E-02
   2.2205E+00   -1.4128E-02
   2.2218E+00   -1.4127E-02
   2.2231E+00   -1.4128E-02
   2.2244E+00   -1.4129E-02
   2.2256E+00   -1.4130E-02
   2.2269E+00   -1.4130E-02
   2.2282E+00   -1.4129E-02
   2.2295E+00   -1.4128E-02
   2.2308E+00   -1.4128E-02
   2.2321E+00   -1.4130E-02
   2.2334E+00   -1.4131E-02
   2.2347E+00   -1.4132E-02
   2.2360E+00   -1.4131E-02
   2.2373E+00   -1.4130E-02
   2.2386E+00   -1.4129E-02
   2.2399E+00   -1.4130E-02
   2.2411E+00   -1.4132E-02
   2.2424E+00   -1.4133E-02
   2.2437E+00   -1.4133E-02
   2.2450E+00   -1.4132E-02
   2.2463E+00   -1.4131E-02
   2.2476E+00   -1.4131E-02
   2.2489E+00   -1.4132E-02
   2.2502E+00   -1.4134E-02
   2.2515E+00   -1.4134E-02
   2.2528E+00   -1.4134E-02
   2.2541E+00   -1.4133E-02
   2.2553E+00   -1.4133E-02
   2.2566E+00   -1.4134E-02
   2.2579E+00   -1.4135E-02
   2.2592E+00   -1.4136E-02
   2.2605E+00   -1.4135E-02
   2.2618E+00   -1.4135E-02
   2.2631E+00   -1.4134E-02
   2.2644E+00   -1.4135E-02
   2.2657E+00   -1.4136E-02
   2.2670E+00   -1.4138E-02
   2.2683E+00   -1.4138E-02
   2.2695E+00   -1.4137E-02
   2.2708E+00   -1.4136E-02
   2.2721E+00   -1.4137E-02
   2.2734E+00   -1.4138E-02
   2.2747E+00   -1.4139E-02
   2.2760E+00   -1.4140E-02
   2.2773E+00   -1.4139E-02
   2.2786E+00   -1.4139E-02
   2.2799E+00   -1.4139E-02
   2.2812E+00   -1.4140E-02
   2.2825E+00   -1.4141E-02
   2.2837E+00   -1.4142E-02
   2.2850E+00   -1.4142E-02
   2.2863E+00   -1.4141E-02
   2.2876E+00   -1.4141E-02
   2.2889E+00   -1.4141E-02
   2.2902E+00   -1.4143E-02
   2.2915E+00   -1.4144E-02
   2.2928E+00   -1.4144E-02
   2.2941E+00   -1.4143E-02
   2.2954E+00   -1.4142E-02
   2.2967E+00   -1.4143E-02
   2.2979E+00   -1.4144E-02
   2.2992E+00   -1.4145E-02
   2.3005E+00   -1.4145E-02
   2.3018E+00   -1.4145E-02
   2.3031E+00   -1.4144E-02
   2.3044E+00   -1.4144E-02
   2.3057E+00   -1.4145E-02
   2.3070E+00   -1.4146E-02
   2.3083E+00   -1.4147E-02
   2.3096E+00   -1.4146E-02
   2.3109E+00   -1.4146E-02
   2.3121E+00   -1.4145E-02
   2.3134E+00   -1.4146E-02
   2.3147E+00   -1.4148E-02
   2.3160E+00   -1.4148E-02
   2.3173E+00   -1.4148E-02
   2.3186E+00   -1.4147E-02
   2.3199E+00   -1.4147E-02
   2.3212E+00   -1.4147E-02
   2.3225E+00   -1.4149E-02
   2.3238E+00   -1.4150E-02
   2.3251E+00   -1.4150E-02
   2.3263E+00   -1.4149E-02
   2.3276E+00   -1.4149E-02
   2.3289E+00   -1.4149E-02
   2.3302E+00   -1.4150E-02
   2.3315E+00   -1.4151E-02
   2.3328E+00   -1.4152E-02
   2.3341E+00   -1.4151E-02
   2.3354E+00   -1.4150E-02
   2.3367E+00   -1.4150E-02
   2.3380E+00   -1.4151E-02
   2.3393E+00   -1.4152E-02
   2.3405E+00   -1.4153E-02
   2.3418E+00   -1.4153E-02
   2.3431E+00   -1.4152E-02
   2.3444E+00   -1.4151E-02
   2.3457E+00   -1.4152E-02
   2.3470E+00   -1.4153E-02
   2.3483E+00   -1.4154E-02
   2.3496E+00   -1.4154E-02
   2.3509E+00   -1.4153E-02
   2.3522E+00   -1.4153E-02
   2.3535E+00   -1.4153E-02
   2.3547E+00   -1.4154E-02
   2.3560E+00   -1.4155E-02
   2.3573E+00   -1.4155E-02
   2.3586E+00   -1.4155E-02
   2.3599E+00   -1.4154E-02
   2.3612E+00   -1.4154E-02
   2.3625E+00   -1.4155E-02
   2.3638E+00   -1.4156E-02
   2.3651E+00   -1.4157E-02
   2.3664E+00   -1.4157E-02
   2.3677E+00   -1.4156E-02
   2.3689E+00   -1.4155E-02
   2.3702E+00   -1.4156E-02
   2.3715E+00   -1.4157E-02
   2.3728E+00   -1.4158E-02
   2.3741E+00   -1.4159E-02
   2.3754E+00   -1.4159E-02
   2.3767E+00   -1.4158E-02
   2.3780E+00   -1.4157E-02
   2.3793E+00   -1.4158E-02
   2.3806E+00   -1.4159E-02
   2.3819E+00   -1.4160E-02
   2.3831E+00   -1.4161E-02
   2.3844E+00   -1.4160E-02
   2.3857E+00   -1.4160E-02
   2.3870E+00   -1.4159E-02
   2.3883E+00   -1.4160E-02
   2.3896E+00   -1.4161E-02
   2.3909E+00   -1.4162E-02
   2.3922E+00   -1.4163E-02
   2.3935E+00   -1.4162E-02
   2.3948E+00   -1.4162E-02
   2.3961E+00   -1.4162E-02
   2.3973E+00   -1.4162E-02
   2.3986E+00   -1.4164E-02
   2.3999E+00   -1.4164E-02
   2.4012E+00   -1.4165E-02
   2.4025E+00   -1.4165E-02
   2.4038E+00   -1.4165E-02
   2.4051E+00   -1.4165E-02
   2.4064E+00   -1.4166E-02
   2.4077E+00   -1.4167E-02
   2.4090E+00   -1.4168E-02
   2.4103E+00   -1.4168E-02
   2.4116E+00   -1.4168E-02
   2.4128E+00   -1.4168E-02
   2.4141E+00   -1.4168E-02
   2.4154E+00   -1.4169E-02
   2.4167E+00   -1.4170E-02
   2.4180E+00   -1.4171E-02
   2.4193E+00   -1.4171E-02
   2.4206E+00   -1.4171E-02
   2.4219E+00   -1.4170E-02
   2.4232E+00   -1.4171E-02
   2.4245E+00   -1.4171E-02
   2.4258E+00   -1.4172E-02
   2.4270E+00   -1.4173E-02
   2.4283E+00   -1.4173E-02
   2.4296E+00   -1.4173E-02
   2.4309E+00   -1.4172E-02
   2.4322E+00   -1.4173E-02
   2.4335E+00   -1.4173E-02
   2.4348E+00   -1.4174E-02
   2.4361E+00   -1.4175E-02
   2.4374E+00   -1.4174E-02
   2.4387E+00   -1.4174E-02
   2.4400E+00   -1.4174E-02
   2.4412E+00   -1.4174E-02
   2.4425E+00   -1.4175E-02
   2.4438E+00   -1.4175E-02
   2.4451E+00   -1.4176E-02
   2.4464E+00   -1.4175E-02
   2.4477E+00   -1.4175E-02
   2.4490E+00   -1.4175E-02
   2.4503E+00   -1.4175E-02
   2.4516E+00   -1.4176E-02
   2.4529E+00   -1.4176E-02
   2.4542E+00   -1.4176E-02
   2.4554E+00   -1.4176E-02
   2.4567E+00   -1.4175E-02
   2.4580E+00   -1.4176E-02
   2.4593E+00   -1.4176E-02
   2.4606E+00   -1.4176E-02
   2.4619E+00   -1.4176E-02
   2.4632E+00   -1.4176E-02
   2.4645E+00   -1.4176E-02
   2.4658E+00   -1.4176E-02
   2.4671E+00   -1.4176E-02
   2.4684E+00   -1.4176E-02
   2.4696E+00   -1.4176E-02
   2.4709E+00   -1.4176E-02
   2.4722E+00   -1.4176E-02
   2.4735E+00   -1.4175E-02
   2.4748E+00   -1.4175E-02
   2.4761E+00   -1.4176E-02
   2.4774E+00   -1.4176E-02
   2.4787E+00   -1.4176E-02
   2.4800E+00   -1.4175E-02
   2.4813E+00   -1.4175E-02
   2.4826E+00   -1.4175E-02
   2.4838E+00   -1.4175E-02
   2.4851E+00   -1.4175E-02
   2.4864E+00   -1.4175E-02
   2.4877E+00   -1.4175E-02
   2.4890E+00   -1.4174E-02
   2.4903E+00   -1.4174E-02
   2.4916E+00   -1.4174E-02
   2.4929E+00   -1.4174E-02
   2.4942E+00   -1.4174E-02
   2.4955E+00   -1.4174E-02
   2.4968E+00   -1.4174E-02
   2.4980E+00   -1.4173E-02
   2.4993E+00   -1.4173E-02
   2.5006E+00   -1.4173E-02
   2.5019E+00   -1.4174E-02
   2.5032E+00   -1.4174E-02
   2.5045E+00   -1.4173E-02
   2.5058E+00   -1.4173E-02
   2.5071E+00   -1.4173E-02
   2.5084E+00   -1.4173E-02
   2.5097E+00   -1.4173E-02
   2.5110E+00   -1.4173E-02
   2.5122E+00   -1.4173E-02
   2.5135E+00   -1.4172E-02
   2.5148E+00   -1.4172E-02
   2.5161E+00   -1.4172E-02
   2.5174E+00   -1.4172E-02
   2.5187E+00   -1.4172E-02
   2.5200E+00   -1.4172E-02
   2.5213E+00   -1.4172E-02
   2.5226E+00   -1.4172E-02
   2.5239E+00   -1.4171E-02
   2.5252E+00   -1.4171E-02
   2.5264E+00   -1.4172E-02
   2.5277E+00   -1.4172E-02
   2.5290E+00   -1.4172E-02
   2.5303E+00   -1.4171E-02
   2.5316E+00   -1.4171E-02
   2.5329E+00   -1.4171E-02
   2.5342E+00   -1.4171E-02
   2.5355E+00   -1.4171E-02
   2.5368E+00   -1.4171E-02
   2.5381E+00   -1.4171E-02
   2.5394E+00   -1.4171E-02
   2.5406E+00   -1.4170E-02
   2.5419E+00   -1.4171E-02
   2.5432E+00   -1.4171E-02
   2.5445E+00   -1.4171E-02
   2.5458E+00   -1.4171E-02
   2.5471E+00   -1.4171E-02
   2.5484E+00   -1.4170E-02
   2.5497E+00   -1.4170E-02
   2.5510E+00   -1.4171E-02
   2.5523E+00   -1.4171E-02
   2.5536E+00   -1.4171E-02
   2.5548E+00   -1.4171E-02
   2.5561E+00   -1.4170E-02
   2.5574E+00   -1.4170E-02
   2.5587E+00   -1.4170E-02
   2.5600E+00   -1.4171E-02
   2.5613E+00   -1.4171E-02
   2.5626E+00   -1.4171E-02
   2.5639E+00   -1.4170E-02
   2.5652E+00   -1.4170E-02
   2.5665E+00   -1.4170E-02
   2.5678E+00   -1.4170E-02
   2.5691E+00   -1.4170E-02
   2.5703E+00   -1.4170E-02
   2.5716E+00   -1.4170E-02
   2.5729E+00   -1.4170E-02
   2.5742E+00   -1.4169E-02
   2.5755E+00   -1.4169E-02
   2.5768E+00   -1.4170E-02
   2.5781E+00   -1.4170E-02
   2.5794E+00   -1.4170E-02
   2.5807E+00   -1.4169E-02
   2.5820E+00   -1.4169E-02
   2.5833E+00   -1.4169E-02
   2.5845E+00   -1.4169E-02
   2.5858E+00   -1.4170E-02
   2.5871E+00   -1.4170E-02
   2.5884E+00   -1.4169E-02
   2.5897E+00   -1.4169E-02
   2.5910E+00   -1.4169E-02
   2.5923E+00   -1.4169E-02
   2.5936E+00   -1.4169E-02
   2.5949E+00   -1.4169E-02
   2.5962E+00   -1.4169E-02
   2.5975E+00   -1.4169E-02
   2.5987E+00   -1.4168E-02
   2.6000E+00   -1.4168E-02
   2.6013E+00   -1.4169E-02
   2.6026E+00   -1.4169E-02
   2.6039E+00   -1.4169E-02
   2.6052E+00   -1.4168E-02
   2.6065E+00   -1.4168E-02
   2.6078E+00   -1.4168E-02
   2.6091E+00   -1.4168E-02
   2.6104E+00   -1.4168E-02
   2.6117E+00   -1.4168E-02
   2.6129E+00   -1.4168E-02
   2.6142E+00   -1.4167E-02
   2.6155E+00   -1.4167E-02
   2.6168E+00   -1.4167E-02
   2.6181E+00   -1.4167E-02
   2.6194E+00   -1.4167E-02
   2.6207E+00   -1.4167E-02
   2.6220E+00   -1.4167E-02
   2.6233E+00   -1.4166E-02
   2.6246E+00   -1.4166E-02
   2.6259E+00   -1.4166E-02
   2.6271E+00   -1.4166E-02
   2.6284E+00   -1.4166E-02
   2.6297E+00   -1.4166E-02
   2.6310E+00   -1.4165E-02
   2.6323E+00   -1.4165E-02
   2.6336E+00   -1.4165E-02
   2.6349E+00   -1.4165E-02
   2.6362E+00   -1.4165E-02
   2.6375E+00   -1.4164E-02
   2.6388E+00   -1.4164E-02
   2.6401E+00   -1.4163E-02
   2.6413E+00   -1.4163E-02
   2.6426E+00   -1.4164E-02
   2.6439E+00   -1.4163E-02
   2.6452E+00   -1.4163E-02
   2.6465E+00   -1.4162E-02
   2.6478E+00   -1.4162E-02
   2.6491E+00   -1.4162E-02
   2.6504E+00   -1.4162E-02
   2.6517E+00   -1.4162E-02
   2.6530E+00   -1.4162E-02
   2.6543E+00   -1.4161E-02
   2.6555E+00   -1.4161E-02
   2.6568E+00   -1.4161E-02
   2.6581E+00   -1.4161E-02
   2.6594E+00   -1.4161E-02
   2.6607E+00   -1.4161E-02
   2.6620E+00   -1.4160E-02
   2.6633E+00   -1.4160E-02
   2.6646E+00   -1.4159E-02
   2.6659E+00   -1.4159E-02
   2.6672E+00   -1.4160E-02
   2.6685E+00   -1.4160E-02
   2.6697E+00   -1.4159E-02
   2.6710E+00   -1.4159E-02
   2.6723E+00   -1.4158E-02
   2.6736E+00   -1.4158E-02
   2.6749E+00   -1.4158E-02
   2.6762E+00   -1.4158E-02
   2.6775E+00   -1.4158E-02
   2.6788E+00   -1.4158E-02
   2.6801E+00   -1.4157E-02
   2.6814E+00   -1.4157E-02
   2.6827E+00   -1.4157E-02
   2.6839E+00   -1.4157E-02
   2.6852E+00   -1.4157E-02
   2.6865E+00   -1.4157E-02
   2.6878E+00   -1.4156E-02
   2.6891E+00   -1.4156E-02
   2.6904E+00   -1.4156E-02
   2.6917E+00   -1.4156E-02
   2.6930E+00   -1.4156E-02
   2.6943E+00   -1.4156E-02
   2.6956E+00   -1.4155E-02
   2.6969E+00   -1.4155E-02
   2.6981E+00   -1.4155E-02
   2.6994E+00   -1.4155E-02
   2.7007E+00   -1.4155E-02
   2.7020E+00   -1.4155E-02
   2.7033E+00   -1.4154E-02
   2.7046E+00   -1.4154E-02
   2.7059E+00   -1.4154E-02
   2.7072E+00   -1.4153E-02
   2.7085E+00   -1.4154E-02
   2.7098E+00   -1.4154E-02
   2.7111E+00   -1.4154E-02
   2.7123E+00   -1.4153E-02
   2.7136E+00   -1.4153E-02
   2.7149E+00   -1.4153E-02
   2.7162E+00   -1.4153E-02
   2.7175E+00   -1.4153E-02
   2.7188E+00   -1.4153E-02
   2.7201E+00   -1.4153E-02
   2.7214E+00   -1.4152E-02
   2.7227E+00   -1.4152E-02
   2.7240E+00   -1.4152E-02
   2.7253E+00   -1.4152E-02
   2.7265E+00   -1.4152E-02
   2.7278E+00   -1.4152E-02
   2.7291E+00   -1.4152E-02
   2.7304E+00   -1.4151E-02
   2.7317E+00   -1.4151E-02
   2.7330E+00   -1.4151E-02
   2.7343E+00   -1.4151E-02
   2.7356E+00   -1.4151E-02
   2.7369E+00   -1.4151E-02
   2.7382E+00   -1.4151E-02
   2.7395E+00   -1.4150E-02
   2.7408E+00   -1.4150E-02
   2.7420E+00   -1.4150E-02
   2.7433E+00   -1.4150E-02
   2.7446E+00   -1.4150E-02
   2.7459E+00   -1.4150E-02
   2.7472E+00   -1.4150E-02
   2.7485E+00   -1.4149E-02
   2.7498E+00   -1.4149E-02
   2.7511E+00   -1.4149E-02
   2.7524E+00   -1.4149E-02
   2.7537E+00   -1.4149E-02
   2.7550E+00   -1.4149E-02
   2.7562E+00   -1.4149E-02
   2.7575E+00   -1.4148E-02
   2.7588E+00   -1.4148E-02
   2.7601E+00   -1.4148E-02
   2.7614E+00   -1.4148E-02
   2.7627E+00   -1.4148E-02
   2.7640E+00   -1.4148E-02
   2.7653E+00   -1.4148E-02
   2.7666E+00   -1.4148E-02
   2.7679E+00   -1.4148E-02
   2.7692E+00   -1.4148E-02
   2.7704E+00   -1.4148E-02
   2.7717E+00   -1.4147E-02
   2.7730E+00   -1.4147E-02
   2.7743E+00   -1.4147E-02
   2.7756E+00   -1.4147E-02
   2.7769E+00   -1.4147E-02
   2.7782E+00   -1.4147E-02
   2.7795E+00   -1.4147E-02
   2.7808E+00   -1.4147E-02
   2.7821E+00   -1.4147E-02
   2.7834E+00   -1.4147E-02
   2.7846E+00   -1.4147E-02
   2.7859E+00   -1.4147E-02
   2.7872E+00   -1.4147E-02
   2.7885E+00   -1.4147E-02
   2.7898E+00   -1.4147E-02
   2.7911E+00   -1.4147E-02
   2.7924E+00   -1.4147E-02
   2.7937E+00   -1.4147E-02
   2.7950E+00   -1.4147E-02
   2.7963E+00   -1.4147E-02
   2.7976E+00   -1.4147E-02
   2.7988E+00   -1.4147E-02
   2.8001E+00   -1.4147E-02
   2.8014E+00   -1.4147E-02
   2.8027E+00   -1.4147E-02
   2.8040E+00   -1.4147E-02
   2.8053E+00   -1.4147E-02
   2.8066E+00   -1.4147E-02
   2.8079E+00   -1.4147E-02
   2.8092E+00   -1.4147E-02
   2.8105E+00   -1.4147E-02
   2.8118E+00   -1.4147E-02
   2.8130E+00   -1.4147E-02
   2.8143E+00   -1.4147E-02
   2.8156E+00   -1.4147E-02
   2.8169E+00   -1.4147E-02
   2.8182E+00   -1.4147E-02
   2.8195E+00   -1.4147E-02
   2.8208E+00   -1.4147E-02
   2.8221E+00   -1.4147E-02
   2.8234E+00   -1.4147E-02
   2.8247E+00   -1.4147E-02
   2.8260E+00   -1.4147E-02
   2.8272E+00   -1.4147E-02
   2.8285E+00   -1.4147E-02
   2.8298E+00   -1.4146E-02
   2.8311E+00   -1.4146E-02
   2.8324E+00   -1.4146E-02
   2.8337E+00   -1.4146E-02
   2.8350E+00   -1.4146E-02
   2.8363E+00   -1.4146E-02
   2.8376E+00   -1.4146E-02
   2.8389E+00   -1.4145E-02
   2.8402E+00   -1.4145E-02
   2.8414E+00   -1.4145E-02
   2.8427E+00   -1.4145E-02
   2.8440E+00   -1.4145E-02
   2.8453E+00   -1.4145E-02
   2.8466E+00   -1.4145E-02
   2.8479E+00   -1.4144E-02
   2.8492E+00   -1.4144E-02
   2.8505E+00   -1.4145E-02
   2.8518E+00   -1.4144E-02
   2.8531E+00   -1.4144E-02
   2.8544E+00   -1.4144E-02
   2.8556E+00   -1.4144E-02
   2.8569E+00   -1.4144E-02
   2.8582E+00   -1.4144E-02
   2.8595E+00   -1.4144E-02
   2.8608E+00   -1.4144E-02
   2.8621E+00   -1.4144E-02
   2.8634E+00   -1.4144E-02
   2.8647E+00   -1.4144E-02
   2.8660E+00   -1.4144E-02
   2.8673E+00   -1.4144E-02
   2.8686E+00   -1.4144E-02
   2.8698E+00   -1.4144E-02
   2.8711E+00   -1.4144E-02
   2.8724E+00   -1.4144E-02
   2.8737E+00   -1.4144E-02
   2.8750E+00   -1.4144E-02
   2.8763E+00   -1.4144E-02
   2.8776E+00   -1.4144E-02
   2.8789E+00   -1.4144E-02
   2.8802E+00   -1.4144E-02
   2.8815E+00   -1.4144E-02
   2.8828E+00   -1.4144E-02
   2.8840E+00   -1.4144E-02
   2.8853E+00   -1.4144E-02
   2.8866E+00   -1.4144E-02
   2.8879E+00   -1.4144E-02
   2.8892E+00   -1.4144E-02
   2.8905E+00   -1.4144E-02
   2.8918E+00   -1.4144E-02
   2.8931E+00   -1.4144E-02
   2.8944E+00   -1.4145E-02
   2.8957E+00   -1.4145E-02
   2.8970E+00   -1.4145E-02
   2.8983E+00   -1.4145E-02
   2.8995E+00   -1.4145E-02
   2.9008E+00   -1.4145E-02
   2.9021E+00   -1.4145E-02
   2.9034E+00   -1.4145E-02
   2.9047E+00   -1.4145E-02
   2.9060E+00   -1.4145E-02
   2.9073E+00   -1.4145E-02
   2.9086E+00   -1.4145E-02
   2.9099E+00   -1.4145E-02
   2.9112E+00   -1.4145E-02
   2.9125E+00   -1.4145E-02
   2.9137E+00   -1.4145E-02
   2.9150E+00   -1.4145E-02
   2.9163E+00   -1.4145E-02
   2.9176E+00   -1.4145E-02
   2.9189E+00   -1.4145E-02
   2.9202E+00   -1.4145E-02
   2.9215E+00   -1.4145E-02
   2.9228E+00   -1.4145E-02
   2.9241E+00   -1.4145E-02
   2.9254E+00   -1.4145E-02
   2.9267E+00   -1.4145E-02
   2.9279E+00   -1.4145E-02
   2.9292E+00   -1.4145E-02
   2.9305E+00   -1.4145E-02
   2.9318E+00   -1.4145E-02
   2.9331E+00   -1.4145E-02
   2.9344E+00   -1.4145E-02
   2.9357E+00   -1.4145E-02
   2.9370E+00   -1.4145E-02
   2.9383E+00   -1.4146E-02
   2.9396E+00   -1.4146E-02
   2.9409E+00   -1.4146E-02
   2.9421E+00   -1.4146E-02
   2.9434E+00   -1.4146E-02
   2.9447E+00   -1.4146E-02
   2.9460E+00   -1.4146E-02
   2.9473E+00   -1.4147E-02
   2.9486E+00   -1.4147E-02
   2.9499E+00   -1.4147E-02
   2.9512E+00   -1.4147E-02
   2.9525E+00   -1.4147E-02
   2.9538E+00   -1.4148E-02
   2.9551E+00   -1.4148E-02
   2.9563E+00   -1.4148E-02
   2.9576E+00   -1.4149E-02
   2.9589E+00   -1.4149E-02
   2.9602E+00   -1.4149E-02
   2.9615E+00   -1.4149E-02
   2.9628E+00   -1.4149E-02
   2.9641E+00   -1.4150E-02
   2.9654E+00   -1.4150E-02
   2.9667E+00   -1.4150E-02
   2.9680E+00   -1.4150E-02
   2.9693E+00   -1.4150E-02
   2.9705E+00   -1.4150E-02
   2.9718E+00   -1.4151E-02
   2.9731E+00   -1.4151E-02
   2.9744E+00   -1.4151E-02
   2.9757E+00   -1.4151E-02
   2.9770E+00   -1.4151E-02
   2.9783E+00   -1.4151E-02
   2.9796E+00   -1.4151E-02
   2.9809E+00   -1.4152E-02
   2.9822E+00   -1.4152E-02
   2.9835E+00   -1.4152E-02
   2.9847E+00   -1.4152E-02
   2.9860E+00   -1.4151E-02
   2.9873E+00   -1.4151E-02
   2.9886E+00   -1.4152E-02
   2.9899E+00   -1.4152E-02
   2.9912E+00   -1.4152E-02
   2.9925E+00   -1.4152E-02
   2.9938E+00   -1.4152E-02
   2.9951E+00   -1.4151E-02
   2.9964E+00   -1.4151E-02
   2.9977E+00   -1.4151E-02
   2.9989E+00   -1.4152E-02
   3.0000E+00   -1.4152E-02
