# node 65
   0.0000E+00    0.0000E+00
   1.1647E-03   -3.2727E-07
   2.3294E-03   -2.9386E-06
   3.4940E-03   -1.0515E-05
   4.6587E-03   -2.4125E-05
   5.8234E-03   -4.4057E-05
   6.9881E-03   -7.0254E-05
   8.1528E-03   -1.0078E-04
   9.3174E-03   -1.3336E-04
   1.0482E-02   -1.6590E-04
   1.1647E-02   -1.9541E-04
   1.2811E-02   -2.1988E-04
   1.3976E-02   -2.3845E-04
   1.5141E-02   -2.5027E-04
   1.6306E-02   -2.5621E-04
   1.7470E-02   -2.5825E-04
   1.8635E-02   -2.5812E-04
   1.9800E-02   -2.5868E-04
   2.0964E-02   -2.6266E-04
   2.2129E-02   -2.7150E-04
   2.3294E-02   -2.8672E-04
   2.4458E-02   -3.0865E-04
   2.5623E-02   -3.3592E-04
   2.6788E-02   -3.6720E-04
   2.7952E-02   -4.0021E-04
   2.9117E-02   -4.3187E-04
   3.0282E-02   -4.6019E-04
   3.1446E-02   -4.8327E-04
   3.2611E-02   -4.9960E-04
   3.3776E-02   -5.0969E-04
   3.4940E-02   -5.1439E-04
   3.6105E-02   -5.1520E-04
   3.7270E-02   -5.1507E-04
   3.8434E-02   -5.1639E-04
   3.9599E-02   -5.2126E-04
   4.0764E-02   -5.3201E-04
   4.1928E-02   -5.4920E-04
   4.3093E-02   -5.7253E-04
   4.4258E-02   -6.0138E-04
   4.5423E-02   -6.3338E-04
   4.6587E-02   -6.6596E-04
   4.7752E-02   -6.9699E-04
   4.8917E-02   -7.2369E-04
   5.0081E-02   -7.4440E-04
   5.1246E-02   -7.5884E-04
   5.2411E-02   -7.6681E-04
   5.3575E-02   -7.6972E-04
   5.4740E-02   -7.7006E-04
   5.5905E-02   -7.6982E-04
   5.7069E-02   -7.7185E-04
   5.8234E-02   -7.7868E-04
   5.9399E-02   -7.9128E-04
   6.0563E-02   -8.1052E-04
   6.1728E-02   -8.3610E-04
   6.2893E-02   -8.6600E-04
   6.4057E-02   -8.9841E-04
   6.5222E-02   -9.3081E-04
   6.6387E-02   -9.6012E-04
   6.7551E-02   -9.8466E-04
   6.8716E-02   -1.0031E-03
   6.9881E-02   -1.0145E-03
   7.1045E-02   -1.0202E-03
   7.2210E-02   -1.0218E-03
   7.3375E-02   -1.0211E-03
   7.4540E-02   -1.0214E-03
   7.5704E-02   -1.0251E-03
   7.6869E-02   -1.0338E-03
   7.8034E-02   -1.0491E-03
   7.9198E-02   -1.0711E-03
   8.0363E-02   -1.0984E-03
   8.1528E-02   -1.1297E-03
   8.2692E-02   -1.1623E-03
   8.3857E-02   -1.1933E-03
   8.5022E-02   -1.2208E-03
   8.6186E-02   -1.2423E-03
   8.7351E-02   -1.2572E-03
   8.8516E-02   -1.2658E-03
   8.9680E-02   -1.2689E-03
   9.0845E-02   -1.2687E-03
   9.2010E-02   -1.2682E-03
   9.3174E-02   -1.2695E-03
   9.4339E-02   -1.2752E-03
   9.5504E-02   -1.2871E-03
   9.6668E-02   -1.3055E-03
   9.7833E-02   -1.3303E-03
   9.8998E-02   -1.3600E-03
   1.0016E-01   -1.3920E-03
   1.0133E-01   -1.4239E-03
   1.0249E-01   -1.4532E-03
   1.0366E-01   -1.4772E-03
   1.0482E-01   -1.4949E-03
   1.0599E-01   -1.5060E-03
   1.0715E-01   -1.5108E-03
   1.0832E-01   -1.5116E-03
   1.0948E-01   -1.5106E-03
   1.1064E-01   -1.5104E-03
   1.1181E-01   -1.5140E-03
   1.1297E-01   -1.5231E-03
   1.1414E-01   -1.5387E-03
   1.1530E-01   -1.5611E-03
   1.1647E-01   -1.5890E-03
   1.1763E-01   -1.6201E-03
   1.1880E-01   -1.6524E-03
   1.1996E-01   -1.6826E-03
   1.2113E-01   -1.7083E-03
   1.2229E-01   -1.7281E-03
   1.2346E-01   -1.7409E-03
   1.2462E-01   -1.7472E-03
   1.2579E-01   -1.7488E-03
   1.2695E-01   -1.7476E-03
   1.2811E-01   -1.7466E-03
   1.2928E-01   -1.7487E-03
   1.3044E-01   -1.7558E-03
   1.3161E-01   -1.7693E-03
   1.3277E-01   -1.7900E-03
   1.3394E-01   -1.8163E-03
   1.3510E-01   -1.8467E-03
   1.3627E-01   -1.8789E-03
   1.3743E-01   -1.9094E-03
   1.3860E-01   -1.9361E-03
   1.3976E-01   -1.9570E-03
   1.4093E-01   -1.9707E-03
   1.4209E-01   -1.9780E-03
   1.4326E-01   -1.9800E-03
   1.4442E-01   -1.9786E-03
   1.4558E-01   -1.9772E-03
   1.4675E-01   -1.9783E-03
   1.4791E-01   -1.9841E-03
   1.4908E-01   -1.9967E-03
   1.5024E-01   -2.0161E-03
   1.5141E-01   -2.0415E-03
   1.5257E-01   -2.0716E-03
   1.5374E-01   -2.1034E-03
   1.5490E-01   -2.1339E-03
   1.5607E-01   -2.1609E-03
   1.5723E-01   -2.1819E-03
   1.5840E-01   -2.1957E-03
   1.5956E-01   -2.2031E-03
   1.6073E-01   -2.2048E-03
   1.6189E-01   -2.2032E-03
   1.6306E-01   -2.2015E-03
   1.6422E-01   -2.2020E-03
   1.6538E-01   -2.2076E-03
   1.6655E-01   -2.2200E-03
   1.6771E-01   -2.2391E-03
   1.6888E-01   -2.2646E-03
   1.7004E-01   -2.2946E-03
   1.7121E-01   -2.3260E-03
   1.7237E-01   -2.3563E-03
   1.7354E-01   -2.3827E-03
   1.7470E-01   -2.4027E-03
   1.7587E-01   -2.4159E-03
   1.7703E-01   -2.4222E-03
   1.7820E-01   -2.4229E-03
   1.7936E-01   -2.4210E-03
   1.8053E-01   -2.4190E-03
   1.8169E-01   -2.4197E-03
   1.8285E-01   -2.4260E-03
   1.8402E-01   -2.4391E-03
   1.8518E-01   -2.4590E-03
   1.8635E-01   -2.4853E-03
   1.8751E-01   -2.5155E-03
   1.8868E-01   -2.5467E-03
   1.8984E-01   -2.5763E-03
   1.9101E-01   -2.6011E-03
   1.9217E-01   -2.6193E-03
   1.9334E-01   -2.6305E-03
   1.9450E-01   -2.6348E-03
   1.9567E-01   -2.6342E-03
   1.9683E-01   -2.6317E-03
   1.9800E-01   -2.6297E-03
   1.9916E-01   -2.6315E-03
   2.0032E-01   -2.6395E-03
   2.0149E-01   -2.6543E-03
   2.0265E-01   -2.6763E-03
   2.0382E-01   -2.7040E-03
   2.0498E-01   -2.7345E-03
   2.0615E-01   -2.7654E-03
   2.0731E-01   -2.7933E-03
   2.0848E-01   -2.8154E-03
   2.0964E-01   -2.8307E-03
   2.1081E-01   -2.8387E-03
   2.1197E-01   -2.8403E-03
   2.1314E-01   -2.8382E-03
   2.1430E-01   -2.8352E-03
   2.1547E-01   -2.8340E-03
   2.1663E-01   -2.8382E-03
   2.1780E-01   -2.8489E-03
   2.1896E-01   -2.8669E-03
   2.2012E-01   -2.8918E-03
   2.2129E-01   -2.9210E-03
   2.2245E-01   -2.9517E-03
   2.2362E-01   -2.9813E-03
   2.2478E-01   -3.0061E-03
   2.2595E-01   -3.0243E-03
   2.2711E-01   -3.0354E-03
   2.2828E-01   -3.0392E-03
   2.2944E-01   -3.0380E-03
   2.3061E-01   -3.0346E-03
   2.3177E-01   -3.0319E-03
   2.3294E-01   -3.0333E-03
   2.3410E-01   -3.0411E-03
   2.3527E-01   -3.0561E-03
   2.3643E-01   -3.0783E-03
   2.3759E-01   -3.1061E-03
   2.3876E-01   -3.1364E-03
   2.3992E-01   -3.1665E-03
   2.4109E-01   -3.1929E-03
   2.4225E-01   -3.2130E-03
   2.4342E-01   -3.2260E-03
   2.4458E-01   -3.2314E-03
   2.4575E-01   -3.2309E-03
   2.4691E-01   -3.2275E-03
   2.4808E-01   -3.2240E-03
   2.4924E-01   -3.2237E-03
   2.5041E-01   -3.2296E-03
   2.5157E-01   -3.2427E-03
   2.5274E-01   -3.2631E-03
   2.5390E-01   -3.2898E-03
   2.5506E-01   -3.3197E-03
   2.5623E-01   -3.3498E-03
   2.5739E-01   -3.3769E-03
   2.5856E-01   -3.3978E-03
   2.5972E-01   -3.4114E-03
   2.6089E-01   -3.4176E-03
   2.6205E-01   -3.4173E-03
   2.6322E-01   -3.4136E-03
   2.6438E-01   -3.4097E-03
   2.6555E-01   -3.4086E-03
   2.6671E-01   -3.4136E-03
   2.6788E-01   -3.4260E-03
   2.6904E-01   -3.4458E-03
   2.7021E-01   -3.4720E-03
   2.7137E-01   -3.5017E-03
   2.7254E-01   -3.5315E-03
   2.7370E-01   -3.5585E-03
   2.7486E-01   -3.5793E-03
   2.7603E-01   -3.5924E-03
   2.7719E-01   -3.5982E-03
   2.7836E-01   -3.5975E-03
   2.7952E-01   -3.5932E-03
   2.8069E-01   -3.5891E-03
   2.8185E-01   -3.5880E-03
   2.8302E-01   -3.5931E-03
   2.8418E-01   -3.6060E-03
   2.8535E-01   -3.6262E-03
   2.8651E-01   -3.6526E-03
   2.8768E-01   -3.6825E-03
   2.8884E-01   -3.7119E-03
   2.9001E-01   -3.7378E-03
   2.9117E-01   -3.7574E-03
   2.9233E-01   -3.7689E-03
   2.9350E-01   -3.7730E-03
   2.9466E-01   -3.7712E-03
   2.9583E-01   -3.7663E-03
   2.9699E-01   -3.7622E-03
   2.9816E-01   -3.7620E-03
   2.9932E-01   -3.7684E-03
   3.0049E-01   -3.7829E-03
   3.0165E-01   -3.8047E-03
   3.0282E-01   -3.8320E-03
   3.0398E-01   -3.8620E-03
   3.0515E-01   -3.8906E-03
   3.0631E-01   -3.9145E-03
   3.0748E-01   -3.9316E-03
   3.0864E-01   -3.9404E-03
   3.0980E-01   -3.9419E-03
   3.1097E-01   -3.9385E-03
   3.1213E-01   -3.9330E-03
   3.1330E-01   -3.9295E-03
   3.1446E-01   -3.9314E-03
   3.1563E-01   -3.9404E-03
   3.1679E-01   -3.9577E-03
   3.1796E-01   -3.9820E-03
   3.1912E-01   -4.0105E-03
   3.2029E-01   -4.0402E-03
   3.2145E-01   -4.0671E-03
   3.2262E-01   -4.0878E-03
   3.2378E-01   -4.1009E-03
   3.2495E-01   -4.1059E-03
   3.2611E-01   -4.1042E-03
   3.2728E-01   -4.0991E-03
   3.2844E-01   -4.0938E-03
   3.2960E-01   -4.0923E-03
   3.3077E-01   -4.0976E-03
   3.3193E-01   -4.1108E-03
   3.3310E-01   -4.1318E-03
   3.3426E-01   -4.1588E-03
   3.3543E-01   -4.1881E-03
   3.3659E-01   -4.2164E-03
   3.3776E-01   -4.2400E-03
   3.3892E-01   -4.2559E-03
   3.4009E-01   -4.2637E-03
   3.4125E-01   -4.2642E-03
   3.4242E-01   -4.2594E-03
   3.4358E-01   -4.2535E-03
   3.4475E-01   -4.2501E-03
   3.4591E-01   -4.2523E-03
   3.4707E-01   -4.2627E-03
   3.4824E-01   -4.2812E-03
   3.4940E-01   -4.3062E-03
   3.5057E-01   -4.3353E-03
   3.5173E-01   -4.3641E-03
   3.5290E-01   -4.3889E-03
   3.5406E-01   -4.4071E-03
   3.5523E-01   -4.4166E-03
   3.5639E-01   -4.4183E-03
   3.5756E-01   -4.4144E-03
   3.5872E-01   -4.4079E-03
   3.5989E-01   -4.4033E-03
   3.6105E-01   -4.4041E-03
   3.6222E-01   -4.4124E-03
   3.6338E-01   -4.4293E-03
   3.6454E-01   -4.4534E-03
   3.6571E-01   -4.4816E-03
   3.6687E-01   -4.5106E-03
   3.6804E-01   -4.5362E-03
   3.6920E-01   -4.5548E-03
   3.7037E-01   -4.5654E-03
   3.7153E-01   -4.5677E-03
   3.7270E-01   -4.5636E-03
   3.7386E-01   -4.5572E-03
   3.7503E-01   -4.5520E-03
   3.7619E-01   -4.5518E-03
   3.7736E-01   -4.5596E-03
   3.7852E-01   -4.5757E-03
   3.7969E-01   -4.5993E-03
   3.8085E-01   -4.6276E-03
   3.8202E-01   -4.6563E-03
   3.8318E-01   -4.6817E-03
   3.8434E-01   -4.7004E-03
   3.8551E-01   -4.7104E-03
   3.8667E-01   -4.7123E-03
   3.8784E-01   -4.7081E-03
   3.8900E-01   -4.7010E-03
   3.9017E-01   -4.6959E-03
   3.9133E-01   -4.6959E-03
   3.9250E-01   -4.7038E-03
   3.9366E-01   -4.7207E-03
   3.9483E-01   -4.7446E-03
   3.9599E-01   -4.7728E-03
   3.9716E-01   -4.8014E-03
   3.9832E-01   -4.8259E-03
   3.9949E-01   -4.8432E-03
   4.0065E-01   -4.8521E-03
   4.0181E-01   -4.8524E-03
   4.0298E-01   -4.8472E-03
   4.0414E-01   -4.8401E-03
   4.0531E-01   -4.8351E-03
   4.0647E-01   -4.8364E-03
   4.0764E-01   -4.8460E-03
   4.0880E-01   -4.8640E-03
   4.0997E-01   -4.8892E-03
   4.1113E-01   -4.9178E-03
   4.1230E-01   -4.9454E-03
   4.1346E-01   -4.9685E-03
   4.1463E-01   -4.9835E-03
   4.1579E-01   -4.9896E-03
   4.1696E-01   -4.9881E-03
   4.1812E-01   -4.9815E-03
   4.1928E-01   -4.9742E-03
   4.2045E-01   -4.9708E-03
   4.2161E-01   -4.9741E-03
   4.2278E-01   -4.9863E-03
   4.2394E-01   -5.0071E-03
   4.2511E-01   -5.0335E-03
   4.2627E-01   -5.0623E-03
   4.2744E-01   -5.0887E-03
   4.2860E-01   -5.1086E-03
   4.2977E-01   -5.1202E-03
   4.3093E-01   -5.1229E-03
   4.3210E-01   -5.1184E-03
   4.3326E-01   -5.1110E-03
   4.3443E-01   -5.1045E-03
   4.3559E-01   -5.1033E-03
   4.3675E-01   -5.1104E-03
   4.3792E-01   -5.1264E-03
   4.3908E-01   -5.1500E-03
   4.4025E-01   -5.1781E-03
   4.4141E-01   -5.2059E-03
   4.4258E-01   -5.2295E-03
   4.4374E-01   -5.2455E-03
   4.4491E-01   -5.2520E-03
   4.4607E-01   -5.2506E-03
   4.4724E-01   -5.2439E-03
   4.4840E-01   -5.2359E-03
   4.4957E-01   -5.2318E-03
   4.5073E-01   -5.2347E-03
   4.5190E-01   -5.2465E-03
   4.5306E-01   -5.2671E-03
   4.5423E-01   -5.2936E-03
   4.5539E-01   -5.3219E-03
   4.5655E-01   -5.3478E-03
   4.5772E-01   -5.3667E-03
   4.5888E-01   -5.3768E-03
   4.6005E-01   -5.3781E-03
   4.6121E-01   -5.3724E-03
   4.6238E-01   -5.3642E-03
   4.6354E-01   -5.3582E-03
   4.6471E-01   -5.3579E-03
   4.6587E-01   -5.3667E-03
   4.6704E-01   -5.3846E-03
   4.6820E-01   -5.4093E-03
   4.6937E-01   -5.4377E-03
   4.7053E-01   -5.4645E-03
   4.7170E-01   -5.4855E-03
   4.7286E-01   -5.4982E-03
   4.7402E-01   -5.5013E-03
   4.7519E-01   -5.4969E-03
   4.7635E-01   -5.4889E-03
   4.7752E-01   -5.4814E-03
   4.7868E-01   -5.4794E-03
   4.7985E-01   -5.4860E-03
   4.8101E-01   -5.5016E-03
   4.8218E-01   -5.5253E-03
   4.8334E-01   -5.5532E-03
   4.8451E-01   -5.5804E-03
   4.8567E-01   -5.6028E-03
   4.8684E-01   -5.6168E-03
   4.8800E-01   -5.6211E-03
   4.8917E-01   -5.6177E-03
   4.9033E-01   -5.6095E-03
   4.9149E-01   -5.6015E-03
   4.9266E-01   -5.5985E-03
   4.9382E-01   -5.6036E-03
   4.9499E-01   -5.6182E-03
   4.9615E-01   -5.6412E-03
   4.9732E-01   -5.6685E-03
   4.9848E-01   -5.6961E-03
   4.9965E-01   -5.7189E-03
   5.0081E-01   -5.7332E-03
   5.0198E-01   -5.7381E-03
   5.0314E-01   -5.7348E-03
   5.0431E-01   -5.7264E-03
   5.0547E-01   -5.7183E-03
   5.0664E-01   -5.7148E-03
   5.0780E-01   -5.7195E-03
   5.0897E-01   -5.7341E-03
   5.1013E-01   -5.7567E-03
   5.1129E-01   -5.7841E-03
   5.1246E-01   -5.8116E-03
   5.1362E-01   -5.8339E-03
   5.1479E-01   -5.8479E-03
   5.1595E-01   -5.8523E-03
   5.1712E-01   -5.8482E-03
   5.1828E-01   -5.8397E-03
   5.1945E-01   -5.8315E-03
   5.2061E-01   -5.8282E-03
   5.2178E-01   -5.8338E-03
   5.2294E-01   -5.8490E-03
   5.2411E-01   -5.8721E-03
   5.2527E-01   -5.8998E-03
   5.2644E-01   -5.9267E-03
   5.2760E-01   -5.9480E-03
   5.2876E-01   -5.9608E-03
   5.2993E-01   -5.9635E-03
   5.3109E-01   -5.9583E-03
   5.3226E-01   -5.9494E-03
   5.3342E-01   -5.9413E-03
   5.3459E-01   -5.9393E-03
   5.3575E-01   -5.9465E-03
   5.3692E-01   -5.9631E-03
   5.3808E-01   -5.9876E-03
   5.3925E-01   -6.0154E-03
   5.4041E-01   -6.0413E-03
   5.4158E-01   -6.0610E-03
   5.4274E-01   -6.0711E-03
   5.4391E-01   -6.0715E-03
   5.4507E-01   -6.0650E-03
   5.4623E-01   -6.0554E-03
   5.4740E-01   -6.0483E-03
   5.4856E-01   -6.0486E-03
   5.4973E-01   -6.0581E-03
   5.5089E-01   -6.0772E-03
   5.5206E-01   -6.1031E-03
   5.5322E-01   -6.1307E-03
   5.5439E-01   -6.1552E-03
   5.5555E-01   -6.1719E-03
   5.5672E-01   -6.1785E-03
   5.5788E-01   -6.1762E-03
   5.5905E-01   -6.1677E-03
   5.6021E-01   -6.1582E-03
   5.6138E-01   -6.1533E-03
   5.6254E-01   -6.1564E-03
   5.6371E-01   -6.1696E-03
   5.6487E-01   -6.1918E-03
   5.6603E-01   -6.2187E-03
   5.6720E-01   -6.2457E-03
   5.6836E-01   -6.2674E-03
   5.6953E-01   -6.2798E-03
   5.7069E-01   -6.2825E-03
   5.7186E-01   -6.2768E-03
   5.7302E-01   -6.2670E-03
   5.7419E-01   -6.2589E-03
   5.7535E-01   -6.2569E-03
   5.7652E-01   -6.2645E-03
   5.7768E-01   -6.2822E-03
   5.7885E-01   -6.3070E-03
   5.8001E-01   -6.3346E-03
   5.8118E-01   -6.3596E-03
   5.8234E-01   -6.3769E-03
   5.8350E-01   -6.3843E-03
   5.8467E-01   -6.3822E-03
   5.8583E-01   -6.3734E-03
   5.8700E-01   -6.3638E-03
   5.8816E-01   -6.3582E-03
   5.8933E-01   -6.3610E-03
   5.9049E-01   -6.3743E-03
   5.9166E-01   -6.3962E-03
   5.9282E-01   -6.4232E-03
   5.9399E-01   -6.4500E-03
   5.9515E-01   -6.4708E-03
   5.9632E-01   -6.4824E-03
   5.9748E-01   -6.4838E-03
   5.9865E-01   -6.4770E-03
   5.9981E-01   -6.4669E-03
   6.0097E-01   -6.4590E-03
   6.0214E-01   -6.4581E-03
   6.0330E-01   -6.4674E-03
   6.0447E-01   -6.4864E-03
   6.0563E-01   -6.5121E-03
   6.0680E-01   -6.5396E-03
   6.0796E-01   -6.5629E-03
   6.0913E-01   -6.5777E-03
   6.1029E-01   -6.5823E-03
   6.1146E-01   -6.5775E-03
   6.1262E-01   -6.5677E-03
   6.1379E-01   -6.5585E-03
   6.1495E-01   -6.5548E-03
   6.1612E-01   -6.5609E-03
   6.1728E-01   -6.5773E-03
   6.1845E-01   -6.6014E-03
   6.1961E-01   -6.6290E-03
   6.2077E-01   -6.6538E-03
   6.2194E-01   -6.6709E-03
   6.2310E-01   -6.6781E-03
   6.2427E-01   -6.6751E-03
   6.2543E-01   -6.6658E-03
   6.2660E-01   -6.6558E-03
   6.2776E-01   -6.6503E-03
   6.2893E-01   -6.6540E-03
   6.3009E-01   -6.6683E-03
   6.3126E-01   -6.6910E-03
   6.3242E-01   -6.7183E-03
   6.3359E-01   -6.7441E-03
   6.3475E-01   -6.7627E-03
   6.3592E-01   -6.7716E-03
   6.3708E-01   -6.7700E-03
   6.3824E-01   -6.7612E-03
   6.3941E-01   -6.7508E-03
   6.4057E-01   -6.7441E-03
   6.4174E-01   -6.7462E-03
   6.4290E-01   -6.7591E-03
   6.4407E-01   -6.7808E-03
   6.4523E-01   -6.8078E-03
   6.4640E-01   -6.8339E-03
   6.4756E-01   -6.8534E-03
   6.4873E-01   -6.8632E-03
   6.4989E-01   -6.8623E-03
   6.5106E-01   -6.8538E-03
   6.5222E-01   -6.8431E-03
   6.5339E-01   -6.8359E-03
   6.5455E-01   -6.8372E-03
   6.5571E-01   -6.8493E-03
   6.5688E-01   -6.8706E-03
   6.5804E-01   -6.8974E-03
   6.5921E-01   -6.9236E-03
   6.6037E-01   -6.9433E-03
   6.6154E-01   -6.9532E-03
   6.6270E-01   -6.9524E-03
   6.6387E-01   -6.9437E-03
   6.6503E-01   -6.9330E-03
   6.6620E-01   -6.9256E-03
   6.6736E-01   -6.9268E-03
   6.6853E-01   -6.9391E-03
   6.6969E-01   -6.9605E-03
   6.7086E-01   -6.9872E-03
   6.7202E-01   -7.0133E-03
   6.7319E-01   -7.0325E-03
   6.7435E-01   -7.0418E-03
   6.7551E-01   -7.0404E-03
   6.7668E-01   -7.0313E-03
   6.7784E-01   -7.0204E-03
   6.7901E-01   -7.0134E-03
   6.8017E-01   -7.0153E-03
   6.8134E-01   -7.0284E-03
   6.8250E-01   -7.0505E-03
   6.8367E-01   -7.0774E-03
   6.8483E-01   -7.1030E-03
   6.8600E-01   -7.1211E-03
   6.8716E-01   -7.1289E-03
   6.8833E-01   -7.1263E-03
   6.8949E-01   -7.1164E-03
   6.9066E-01   -7.1056E-03
   6.9182E-01   -7.0996E-03
   6.9298E-01   -7.1030E-03
   6.9415E-01   -7.1176E-03
   6.9531E-01   -7.1408E-03
   6.9648E-01   -7.1678E-03
   6.9764E-01   -7.1925E-03
   6.9881E-01   -7.2088E-03
   6.9997E-01   -7.2145E-03
   7.0114E-01   -7.2100E-03
   7.0230E-01   -7.1992E-03
   7.0347E-01   -7.1888E-03
   7.0463E-01   -7.1845E-03
   7.0580E-01   -7.1902E-03
   7.0696E-01   -7.2071E-03
   7.0813E-01   -7.2316E-03
   7.0929E-01   -7.2586E-03
   7.1045E-01   -7.2817E-03
   7.1162E-01   -7.2953E-03
   7.1278E-01   -7.2981E-03
   7.1395E-01   -7.2914E-03
   7.1511E-01   -7.2799E-03
   7.1628E-01   -7.2705E-03
   7.1744E-01   -7.2686E-03
   7.1861E-01   -7.2775E-03
   7.1977E-01   -7.2971E-03
   7.2094E-01   -7.3230E-03
   7.2210E-01   -7.3493E-03
   7.2327E-01   -7.3700E-03
   7.2443E-01   -7.3801E-03
   7.2560E-01   -7.3793E-03
   7.2676E-01   -7.3704E-03
   7.2792E-01   -7.3587E-03
   7.2909E-01   -7.3512E-03
   7.3025E-01   -7.3529E-03
   7.3142E-01   -7.3656E-03
   7.3258E-01   -7.3881E-03
   7.3375E-01   -7.4149E-03
   7.3491E-01   -7.4397E-03
   7.3608E-01   -7.4568E-03
   7.3724E-01   -7.4625E-03
   7.3841E-01   -7.4579E-03
   7.3957E-01   -7.4471E-03
   7.4074E-01   -7.4361E-03
   7.4190E-01   -7.4318E-03
   7.4307E-01   -7.4379E-03
   7.4423E-01   -7.4550E-03
   7.4540E-01   -7.4802E-03
   7.4656E-01   -7.5069E-03
   7.4772E-01   -7.5287E-03
   7.4889E-01   -7.5410E-03
   7.5005E-01   -7.5416E-03
   7.5122E-01   -7.5333E-03
   7.5238E-01   -7.5216E-03
   7.5355E-01   -7.5128E-03
   7.5471E-01   -7.5130E-03
   7.5588E-01   -7.5246E-03
   7.5704E-01   -7.5459E-03
   7.5821E-01   -7.5727E-03
   7.5937E-01   -7.5978E-03
   7.6054E-01   -7.6151E-03
   7.6170E-01   -7.6215E-03
   7.6287E-01   -7.6168E-03
   7.6403E-01   -7.6057E-03
   7.6519E-01   -7.5947E-03
   7.6636E-01   -7.5898E-03
   7.6752E-01   -7.5960E-03
   7.6869E-01   -7.6133E-03
   7.6985E-01   -7.6381E-03
   7.7102E-01   -7.6649E-03
   7.7218E-01   -7.6862E-03
   7.7335E-01   -7.6973E-03
   7.7451E-01   -7.6972E-03
   7.7568E-01   -7.6879E-03
   7.7684E-01   -7.6758E-03
   7.7801E-01   -7.6678E-03
   7.7917E-01   -7.6688E-03
   7.8034E-01   -7.6818E-03
   7.8150E-01   -7.7043E-03
   7.8266E-01   -7.7309E-03
   7.8383E-01   -7.7551E-03
   7.8499E-01   -7.7705E-03
   7.8616E-01   -7.7742E-03
   7.8732E-01   -7.7679E-03
   7.8849E-01   -7.7558E-03
   7.8965E-01   -7.7454E-03
   7.9082E-01   -7.7428E-03
   7.9198E-01   -7.7513E-03
   7.9315E-01   -7.7710E-03
   7.9431E-01   -7.7970E-03
   7.9548E-01   -7.8226E-03
   7.9664E-01   -7.8415E-03
   7.9781E-01   -7.8489E-03
   7.9897E-01   -7.8452E-03
   8.0014E-01   -7.8343E-03
   8.0130E-01   -7.8223E-03
   8.0246E-01   -7.8168E-03
   8.0363E-01   -7.8220E-03
   8.0479E-01   -7.8385E-03
   8.0596E-01   -7.8634E-03
   8.0712E-01   -7.8898E-03
   8.0829E-01   -7.9108E-03
   8.0945E-01   -7.9217E-03
   8.1062E-01   -7.9206E-03
   8.1178E-01   -7.9108E-03
   8.1295E-01   -7.8985E-03
   8.1411E-01   -7.8905E-03
   8.1528E-01   -7.8928E-03
   8.1644E-01   -7.9069E-03
   8.1761E-01   -7.9301E-03
   8.1877E-01   -7.9570E-03
   8.1993E-01   -7.9797E-03
   8.2110E-01   -7.9928E-03
   8.2226E-01   -7.9943E-03
   8.2343E-01   -7.9856E-03
   8.2459E-01   -7.9731E-03
   8.2576E-01   -7.9639E-03
   8.2692E-01   -7.9636E-03
   8.2809E-01   -7.9756E-03
   8.2925E-01   -7.9976E-03
   8.3042E-01   -8.0241E-03
   8.3158E-01   -8.0482E-03
   8.3275E-01   -8.0631E-03
   8.3391E-01   -8.0661E-03
   8.3508E-01   -8.0588E-03
   8.3624E-01   -8.0462E-03
   8.3740E-01   -8.0359E-03
   8.3857E-01   -8.0343E-03
   8.3973E-01   -8.0443E-03
   8.4090E-01   -8.0654E-03
   8.4206E-01   -8.0917E-03
   8.4323E-01   -8.1162E-03
   8.4439E-01   -8.1326E-03
   8.4556E-01   -8.1367E-03
   8.4672E-01   -8.1301E-03
   8.4789E-01   -8.1179E-03
   8.4905E-01   -8.1068E-03
   8.5022E-01   -8.1041E-03
   8.5138E-01   -8.1133E-03
   8.5255E-01   -8.1333E-03
   8.5371E-01   -8.1596E-03
   8.5488E-01   -8.1844E-03
   8.5604E-01   -8.2012E-03
   8.5720E-01   -8.2063E-03
   8.5837E-01   -8.2000E-03
   8.5953E-01   -8.1876E-03
   8.6070E-01   -8.1765E-03
   8.6186E-01   -8.1731E-03
   8.6303E-01   -8.1818E-03
   8.6419E-01   -8.2017E-03
   8.6536E-01   -8.2276E-03
   8.6652E-01   -8.2527E-03
   8.6769E-01   -8.2696E-03
   8.6885E-01   -8.2745E-03
   8.7002E-01   -8.2685E-03
   8.7118E-01   -8.2558E-03
   8.7235E-01   -8.2445E-03
   8.7351E-01   -8.2414E-03
   8.7467E-01   -8.2500E-03
   8.7584E-01   -8.2701E-03
   8.7700E-01   -8.2961E-03
   8.7817E-01   -8.3208E-03
   8.7933E-01   -8.3375E-03
   8.8050E-01   -8.3418E-03
   8.8166E-01   -8.3351E-03
   8.8283E-01   -8.3225E-03
   8.8399E-01   -8.3112E-03
   8.8516E-01   -8.3086E-03
   8.8632E-01   -8.3181E-03
   8.8749E-01   -8.3384E-03
   8.8865E-01   -8.3648E-03
   8.8982E-01   -8.3891E-03
   8.9098E-01   -8.4046E-03
   8.9214E-01   -8.4081E-03
   8.9331E-01   -8.4003E-03
   8.9447E-01   -8.3873E-03
   8.9564E-01   -8.3767E-03
   8.9680E-01   -8.3749E-03
   8.9797E-01   -8.3858E-03
   8.9913E-01   -8.4072E-03
   9.0030E-01   -8.4335E-03
   9.0146E-01   -8.4572E-03
   9.0263E-01   -8.4711E-03
   9.0379E-01   -8.4727E-03
   9.0496E-01   -8.4640E-03
   9.0612E-01   -8.4506E-03
   9.0729E-01   -8.4408E-03
   9.0845E-01   -8.4410E-03
   9.0962E-01   -8.4534E-03
   9.1078E-01   -8.4762E-03
   9.1194E-01   -8.5026E-03
   9.1311E-01   -8.5248E-03
   9.1427E-01   -8.5369E-03
   9.1544E-01   -8.5362E-03
   9.1660E-01   -8.5259E-03
   9.1777E-01   -8.5127E-03
   9.1893E-01   -8.5041E-03
   9.2010E-01   -8.5067E-03
   9.2126E-01   -8.5216E-03
   9.2243E-01   -8.5455E-03
   9.2359E-01   -8.5719E-03
   9.2476E-01   -8.5922E-03
   9.2592E-01   -8.6014E-03
   9.2709E-01   -8.5983E-03
   9.2825E-01   -8.5864E-03
   9.2941E-01   -8.5736E-03
   9.3058E-01   -8.5673E-03
   9.3174E-01   -8.5726E-03
   9.3291E-01   -8.5903E-03
   9.3407E-01   -8.6155E-03
   9.3524E-01   -8.6409E-03
   9.3640E-01   -8.6590E-03
   9.3757E-01   -8.6645E-03
   9.3873E-01   -8.6585E-03
   9.3990E-01   -8.6456E-03
   9.4106E-01   -8.6335E-03
   9.4223E-01   -8.6303E-03
   9.4339E-01   -8.6392E-03
   9.4456E-01   -8.6596E-03
   9.4572E-01   -8.6859E-03
   9.4688E-01   -8.7096E-03
   9.4805E-01   -8.7241E-03
   9.4921E-01   -8.7260E-03
   9.5038E-01   -8.7167E-03
   9.5154E-01   -8.7032E-03
   9.5271E-01   -8.6932E-03
   9.5387E-01   -8.6934E-03
   9.5504E-01   -8.7067E-03
   9.5620E-01   -8.7297E-03
   9.5737E-01   -8.7560E-03
   9.5853E-01   -8.7774E-03
   9.5970E-01   -8.7873E-03
   9.6086E-01   -8.7848E-03
   9.6203E-01   -8.7731E-03
   9.6319E-01   -8.7596E-03
   9.6436E-01   -8.7529E-03
   9.6552E-01   -8.7578E-03
   9.6668E-01   -8.7751E-03
   9.6785E-01   -8.8005E-03
   9.6901E-01   -8.8256E-03
   9.7018E-01   -8.8431E-03
   9.7134E-01   -8.8481E-03
   9.7251E-01   -8.8410E-03
   9.7367E-01   -8.8277E-03
   9.7484E-01   -8.8159E-03
   9.7600E-01   -8.8133E-03
   9.7717E-01   -8.8237E-03
   9.7833E-01   -8.8449E-03
   9.7950E-01   -8.8712E-03
   9.8066E-01   -8.8941E-03
   9.8183E-01   -8.9063E-03
   9.8299E-01   -8.9058E-03
   9.8415E-01   -8.8950E-03
   9.8532E-01   -8.8811E-03
   9.8648E-01   -8.8728E-03
   9.8765E-01   -8.8756E-03
   9.8881E-01   -8.8914E-03
   9.8998E-01   -8.9160E-03
   9.9114E-01   -8.9415E-03
   9.9231E-01   -8.9602E-03
   9.9347E-01   -8.9664E-03
   9.9464E-01   -8.9601E-03
   9.9580E-01   -8.9469E-03
   9.9697E-01   -8.9344E-03
   9.9813E-01   -8.9309E-03
   9.9930E-01   -8.9404E-03
   1.0005E+00   -8.9610E-03
   1.0016E+00   -8.9873E-03
   1.0028E+00   -9.0103E-03
   1.0040E+00   -9.0227E-03
   1.0051E+00   -9.0224E-03
   1.0063E+00   -9.0114E-03
   1.0074E+00   -8.9974E-03
   1.0086E+00   -8.9889E-03
   1.0098E+00   -8.9917E-03
   1.0109E+00   -9.0077E-03
   1.0121E+00   -9.0324E-03
   1.0133E+00   -9.0577E-03
   1.0144E+00   -9.0758E-03
   1.0156E+00   -9.0811E-03
   1.0168E+00   -9.0742E-03
   1.0179E+00   -9.0606E-03
   1.0191E+00   -9.0483E-03
   1.0203E+00   -9.0457E-03
   1.0214E+00   -9.0562E-03
   1.0226E+00   -9.0776E-03
   1.0238E+00   -9.1039E-03
   1.0249E+00   -9.1259E-03
   1.0261E+00   -9.1368E-03
   1.0272E+00   -9.1347E-03
   1.0284E+00   -9.1225E-03
   1.0296E+00   -9.1087E-03
   1.0307E+00   -9.1015E-03
   1.0319E+00   -9.1063E-03
   1.0331E+00   -9.1242E-03
   1.0342E+00   -9.1495E-03
   1.0354E+00   -9.1740E-03
   1.0366E+00   -9.1899E-03
   1.0377E+00   -9.1924E-03
   1.0389E+00   -9.1833E-03
   1.0401E+00   -9.1691E-03
   1.0412E+00   -9.1582E-03
   1.0424E+00   -9.1585E-03
   1.0436E+00   -9.1718E-03
   1.0447E+00   -9.1952E-03
   1.0459E+00   -9.2213E-03
   1.0470E+00   -9.2407E-03
   1.0482E+00   -9.2480E-03
   1.0494E+00   -9.2424E-03
   1.0505E+00   -9.2286E-03
   1.0517E+00   -9.2158E-03
   1.0529E+00   -9.2117E-03
   1.0540E+00   -9.2206E-03
   1.0552E+00   -9.2416E-03
   1.0564E+00   -9.2676E-03
   1.0575E+00   -9.2899E-03
   1.0587E+00   -9.3014E-03
   1.0599E+00   -9.2992E-03
   1.0610E+00   -9.2872E-03
   1.0622E+00   -9.2730E-03
   1.0634E+00   -9.2654E-03
   1.0645E+00   -9.2706E-03
   1.0657E+00   -9.2883E-03
   1.0668E+00   -9.3137E-03
   1.0680E+00   -9.3381E-03
   1.0692E+00   -9.3528E-03
   1.0703E+00   -9.3544E-03
   1.0715E+00   -9.3443E-03
   1.0727E+00   -9.3296E-03
   1.0738E+00   -9.3196E-03
   1.0750E+00   -9.3209E-03
   1.0762E+00   -9.3357E-03
   1.0773E+00   -9.3600E-03
   1.0785E+00   -9.3852E-03
   1.0797E+00   -9.4031E-03
   1.0808E+00   -9.4079E-03
   1.0820E+00   -9.3999E-03
   1.0832E+00   -9.3856E-03
   1.0843E+00   -9.3735E-03
   1.0855E+00   -9.3718E-03
   1.0866E+00   -9.3839E-03
   1.0878E+00   -9.4064E-03
   1.0890E+00   -9.4324E-03
   1.0901E+00   -9.4524E-03
   1.0913E+00   -9.4598E-03
   1.0925E+00   -9.4544E-03
   1.0936E+00   -9.4404E-03
   1.0948E+00   -9.4271E-03
   1.0960E+00   -9.4230E-03
   1.0971E+00   -9.4321E-03
   1.0983E+00   -9.4534E-03
   1.0995E+00   -9.4793E-03
   1.1006E+00   -9.5008E-03
   1.1018E+00   -9.5110E-03
   1.1030E+00   -9.5073E-03
   1.1041E+00   -9.4942E-03
   1.1053E+00   -9.4802E-03
   1.1064E+00   -9.4738E-03
   1.1076E+00   -9.4809E-03
   1.1088E+00   -9.5005E-03
   1.1099E+00   -9.5261E-03
   1.1111E+00   -9.5491E-03
   1.1123E+00   -9.5609E-03
   1.1134E+00   -9.5590E-03
   1.1146E+00   -9.5468E-03
   1.1158E+00   -9.5320E-03
   1.1169E+00   -9.5243E-03
   1.1181E+00   -9.5294E-03
   1.1193E+00   -9.5475E-03
   1.1204E+00   -9.5731E-03
   1.1216E+00   -9.5966E-03
   1.1228E+00   -9.6100E-03
   1.1239E+00   -9.6097E-03
   1.1251E+00   -9.5979E-03
   1.1262E+00   -9.5831E-03
   1.1274E+00   -9.5741E-03
   1.1286E+00   -9.5776E-03
   1.1297E+00   -9.5949E-03
   1.1309E+00   -9.6198E-03
   1.1321E+00   -9.6440E-03
   1.1332E+00   -9.6585E-03
   1.1344E+00   -9.6590E-03
   1.1356E+00   -9.6481E-03
   1.1367E+00   -9.6330E-03
   1.1379E+00   -9.6232E-03
   1.1391E+00   -9.6260E-03
   1.1402E+00   -9.6421E-03
   1.1414E+00   -9.6669E-03
   1.1426E+00   -9.6914E-03
   1.1437E+00   -9.7064E-03
   1.1449E+00   -9.7078E-03
   1.1460E+00   -9.6972E-03
   1.1472E+00   -9.6819E-03
   1.1484E+00   -9.6719E-03
   1.1495E+00   -9.6737E-03
   1.1507E+00   -9.6895E-03
   1.1519E+00   -9.7143E-03
   1.1530E+00   -9.7386E-03
   1.1542E+00   -9.7542E-03
   1.1554E+00   -9.7557E-03
   1.1565E+00   -9.7451E-03
   1.1577E+00   -9.7300E-03
   1.1589E+00   -9.7195E-03
   1.1600E+00   -9.7214E-03
   1.1612E+00   -9.7371E-03
   1.1624E+00   -9.7616E-03
   1.1635E+00   -9.7862E-03
   1.1647E+00   -9.8015E-03
   1.1658E+00   -9.8029E-03
   1.1670E+00   -9.7923E-03
   1.1682E+00   -9.7768E-03
   1.1693E+00   -9.7666E-03
   1.1705E+00   -9.7687E-03
   1.1717E+00   -9.7845E-03
   1.1728E+00   -9.8094E-03
   1.1740E+00   -9.8336E-03
   1.1752E+00   -9.8485E-03
   1.1763E+00   -9.8495E-03
   1.1775E+00   -9.8382E-03
   1.1787E+00   -9.8229E-03
   1.1798E+00   -9.8130E-03
   1.1810E+00   -9.8156E-03
   1.1822E+00   -9.8322E-03
   1.1833E+00   -9.8571E-03
   1.1845E+00   -9.8810E-03
   1.1856E+00   -9.8953E-03
   1.1868E+00   -9.8951E-03
   1.1880E+00   -9.8835E-03
   1.1891E+00   -9.8681E-03
   1.1903E+00   -9.8587E-03
   1.1915E+00   -9.8626E-03
   1.1926E+00   -9.8799E-03
   1.1938E+00   -9.9051E-03
   1.1950E+00   -9.9287E-03
   1.1961E+00   -9.9415E-03
   1.1973E+00   -9.9402E-03
   1.1985E+00   -9.9277E-03
   1.1996E+00   -9.9123E-03
   1.2008E+00   -9.9042E-03
   1.2019E+00   -9.9093E-03
   1.2031E+00   -9.9279E-03
   1.2043E+00   -9.9535E-03
   1.2054E+00   -9.9759E-03
   1.2066E+00   -9.9874E-03
   1.2078E+00   -9.9843E-03
   1.2089E+00   -9.9707E-03
   1.2101E+00   -9.9558E-03
   1.2113E+00   -9.9488E-03
   1.2124E+00   -9.9559E-03
   1.2136E+00   -9.9759E-03
   1.2148E+00   -1.0001E-02
   1.2159E+00   -1.0023E-02
   1.2171E+00   -1.0032E-02
   1.2183E+00   -1.0027E-02
   1.2194E+00   -1.0013E-02
   1.2206E+00   -9.9981E-03
   1.2217E+00   -9.9931E-03
   1.2229E+00   -1.0002E-02
   1.2241E+00   -1.0024E-02
   1.2252E+00   -1.0049E-02
   1.2264E+00   -1.0069E-02
   1.2276E+00   -1.0076E-02
   1.2287E+00   -1.0069E-02
   1.2299E+00   -1.0053E-02
   1.2311E+00   -1.0040E-02
   1.2322E+00   -1.0037E-02
   1.2334E+00   -1.0049E-02
   1.2346E+00   -1.0072E-02
   1.2357E+00   -1.0097E-02
   1.2369E+00   -1.0115E-02
   1.2381E+00   -1.0118E-02
   1.2392E+00   -1.0109E-02
   1.2404E+00   -1.0093E-02
   1.2415E+00   -1.0081E-02
   1.2427E+00   -1.0081E-02
   1.2439E+00   -1.0096E-02
   1.2450E+00   -1.0120E-02
   1.2462E+00   -1.0144E-02
   1.2474E+00   -1.0159E-02
   1.2485E+00   -1.0160E-02
   1.2497E+00   -1.0148E-02
   1.2509E+00   -1.0132E-02
   1.2520E+00   -1.0122E-02
   1.2532E+00   -1.0126E-02
   1.2544E+00   -1.0143E-02
   1.2555E+00   -1.0169E-02
   1.2567E+00   -1.0191E-02
   1.2579E+00   -1.0203E-02
   1.2590E+00   -1.0200E-02
   1.2602E+00   -1.0186E-02
   1.2613E+00   -1.0170E-02
   1.2625E+00   -1.0164E-02
   1.2637E+00   -1.0171E-02
   1.2648E+00   -1.0191E-02
   1.2660E+00   -1.0217E-02
   1.2672E+00   -1.0237E-02
   1.2683E+00   -1.0245E-02
   1.2695E+00   -1.0238E-02
   1.2707E+00   -1.0223E-02
   1.2718E+00   -1.0209E-02
   1.2730E+00   -1.0206E-02
   1.2742E+00   -1.0217E-02
   1.2753E+00   -1.0240E-02
   1.2765E+00   -1.0265E-02
   1.2777E+00   -1.0282E-02
   1.2788E+00   -1.0285E-02
   1.2800E+00   -1.0275E-02
   1.2811E+00   -1.0259E-02
   1.2823E+00   -1.0248E-02
   1.2835E+00   -1.0249E-02
   1.2846E+00   -1.0264E-02
   1.2858E+00   -1.0289E-02
   1.2870E+00   -1.0313E-02
   1.2881E+00   -1.0326E-02
   1.2893E+00   -1.0324E-02
   1.2905E+00   -1.0311E-02
   1.2916E+00   -1.0295E-02
   1.2928E+00   -1.0287E-02
   1.2940E+00   -1.0293E-02
   1.2951E+00   -1.0313E-02
   1.2963E+00   -1.0338E-02
   1.2975E+00   -1.0359E-02
   1.2986E+00   -1.0368E-02
   1.2998E+00   -1.0361E-02
   1.3009E+00   -1.0346E-02
   1.3021E+00   -1.0332E-02
   1.3033E+00   -1.0328E-02
   1.3044E+00   -1.0339E-02
   1.3056E+00   -1.0362E-02
   1.3068E+00   -1.0387E-02
   1.3079E+00   -1.0404E-02
   1.3091E+00   -1.0407E-02
   1.3103E+00   -1.0396E-02
   1.3114E+00   -1.0380E-02
   1.3126E+00   -1.0368E-02
   1.3138E+00   -1.0370E-02
   1.3149E+00   -1.0387E-02
   1.3161E+00   -1.0412E-02
   1.3173E+00   -1.0435E-02
   1.3184E+00   -1.0447E-02
   1.3196E+00   -1.0443E-02
   1.3207E+00   -1.0429E-02
   1.3219E+00   -1.0414E-02
   1.3231E+00   -1.0407E-02
   1.3242E+00   -1.0415E-02
   1.3254E+00   -1.0435E-02
   1.3266E+00   -1.0461E-02
   1.3277E+00   -1.0480E-02
   1.3289E+00   -1.0486E-02
   1.3301E+00   -1.0478E-02
   1.3312E+00   -1.0461E-02
   1.3324E+00   -1.0449E-02
   1.3336E+00   -1.0447E-02
   1.3347E+00   -1.0461E-02
   1.3359E+00   -1.0486E-02
   1.3371E+00   -1.0510E-02
   1.3382E+00   -1.0524E-02
   1.3394E+00   -1.0523E-02
   1.3405E+00   -1.0510E-02
   1.3417E+00   -1.0494E-02
   1.3429E+00   -1.0485E-02
   1.3440E+00   -1.0491E-02
   1.3452E+00   -1.0510E-02
   1.3464E+00   -1.0536E-02
   1.3475E+00   -1.0556E-02
   1.3487E+00   -1.0564E-02
   1.3499E+00   -1.0557E-02
   1.3510E+00   -1.0541E-02
   1.3522E+00   -1.0527E-02
   1.3534E+00   -1.0524E-02
   1.3545E+00   -1.0537E-02
   1.3557E+00   -1.0561E-02
   1.3569E+00   -1.0585E-02
   1.3580E+00   -1.0600E-02
   1.3592E+00   -1.0601E-02
   1.3603E+00   -1.0588E-02
   1.3615E+00   -1.0572E-02
   1.3627E+00   -1.0562E-02
   1.3638E+00   -1.0567E-02
   1.3650E+00   -1.0586E-02
   1.3662E+00   -1.0612E-02
   1.3673E+00   -1.0633E-02
   1.3685E+00   -1.0641E-02
   1.3697E+00   -1.0634E-02
   1.3708E+00   -1.0618E-02
   1.3720E+00   -1.0604E-02
   1.3732E+00   -1.0601E-02
   1.3743E+00   -1.0613E-02
   1.3755E+00   -1.0637E-02
   1.3767E+00   -1.0661E-02
   1.3778E+00   -1.0676E-02
   1.3790E+00   -1.0677E-02
   1.3801E+00   -1.0664E-02
   1.3813E+00   -1.0647E-02
   1.3825E+00   -1.0638E-02
   1.3836E+00   -1.0643E-02
   1.3848E+00   -1.0663E-02
   1.3860E+00   -1.0688E-02
   1.3871E+00   -1.0709E-02
   1.3883E+00   -1.0716E-02
   1.3895E+00   -1.0708E-02
   1.3906E+00   -1.0692E-02
   1.3918E+00   -1.0678E-02
   1.3930E+00   -1.0676E-02
   1.3941E+00   -1.0690E-02
   1.3953E+00   -1.0714E-02
   1.3965E+00   -1.0738E-02
   1.3976E+00   -1.0752E-02
   1.3988E+00   -1.0750E-02
   1.3999E+00   -1.0737E-02
   1.4011E+00   -1.0720E-02
   1.4023E+00   -1.0712E-02
   1.4034E+00   -1.0719E-02
   1.4046E+00   -1.0739E-02
   1.4058E+00   -1.0765E-02
   1.4069E+00   -1.0784E-02
   1.4081E+00   -1.0789E-02
   1.4093E+00   -1.0780E-02
   1.4104E+00   -1.0763E-02
   1.4116E+00   -1.0751E-02
   1.4128E+00   -1.0751E-02
   1.4139E+00   -1.0766E-02
   1.4151E+00   -1.0791E-02
   1.4163E+00   -1.0814E-02
   1.4174E+00   -1.0826E-02
   1.4186E+00   -1.0822E-02
   1.4197E+00   -1.0807E-02
   1.4209E+00   -1.0791E-02
   1.4221E+00   -1.0786E-02
   1.4232E+00   -1.0795E-02
   1.4244E+00   -1.0818E-02
   1.4256E+00   -1.0843E-02
   1.4267E+00   -1.0860E-02
   1.4279E+00   -1.0861E-02
   1.4291E+00   -1.0850E-02
   1.4302E+00   -1.0833E-02
   1.4314E+00   -1.0822E-02
   1.4326E+00   -1.0826E-02
   1.4337E+00   -1.0845E-02
   1.4349E+00   -1.0870E-02
   1.4361E+00   -1.0892E-02
   1.4372E+00   -1.0899E-02
   1.4384E+00   -1.0892E-02
   1.4395E+00   -1.0875E-02
   1.4407E+00   -1.0861E-02
   1.4419E+00   -1.0860E-02
   1.4430E+00   -1.0874E-02
   1.4442E+00   -1.0898E-02
   1.4454E+00   -1.0922E-02
   1.4465E+00   -1.0935E-02
   1.4477E+00   -1.0932E-02
   1.4489E+00   -1.0918E-02
   1.4500E+00   -1.0902E-02
   1.4512E+00   -1.0895E-02
   1.4524E+00   -1.0904E-02
   1.4535E+00   -1.0926E-02
   1.4547E+00   -1.0951E-02
   1.4558E+00   -1.0969E-02
   1.4570E+00   -1.0971E-02
   1.4582E+00   -1.0960E-02
   1.4593E+00   -1.0943E-02
   1.4605E+00   -1.0932E-02
   1.4617E+00   -1.0936E-02
   1.4628E+00   -1.0954E-02
   1.4640E+00   -1.0980E-02
   1.4652E+00   -1.1001E-02
   1.4663E+00   -1.1008E-02
   1.4675E+00   -1.1000E-02
   1.4687E+00   -1.0984E-02
   1.4698E+00   -1.0970E-02
   1.4710E+00   -1.0969E-02
   1.4722E+00   -1.0984E-02
   1.4733E+00   -1.1008E-02
   1.4745E+00   -1.1031E-02
   1.4756E+00   -1.1043E-02
   1.4768E+00   -1.1039E-02
   1.4780E+00   -1.1024E-02
   1.4791E+00   -1.1008E-02
   1.4803E+00   -1.1003E-02
   1.4815E+00   -1.1014E-02
   1.4826E+00   -1.1036E-02
   1.4838E+00   -1.1061E-02
   1.4850E+00   -1.1077E-02
   1.4861E+00   -1.1077E-02
   1.4873E+00   -1.1064E-02
   1.4885E+00   -1.1047E-02
   1.4896E+00   -1.1038E-02
   1.4908E+00   -1.1045E-02
   1.4920E+00   -1.1065E-02
   1.4931E+00   -1.1090E-02
   1.4943E+00   -1.1109E-02
   1.4954E+00   -1.1113E-02
   1.4966E+00   -1.1103E-02
   1.4978E+00   -1.1086E-02
   1.4989E+00   -1.1074E-02
   1.5001E+00   -1.1076E-02
   1.5013E+00   -1.1094E-02
   1.5024E+00   -1.1119E-02
   1.5036E+00   -1.1141E-02
   1.5048E+00   -1.1149E-02
   1.5059E+00   -1.1141E-02
   1.5071E+00   -1.1125E-02
   1.5083E+00   -1.1111E-02
   1.5094E+00   -1.1109E-02
   1.5106E+00   -1.1124E-02
   1.5118E+00   -1.1149E-02
   1.5129E+00   -1.1172E-02
   1.5141E+00   -1.1183E-02
   1.5152E+00   -1.1179E-02
   1.5164E+00   -1.1163E-02
   1.5176E+00   -1.1148E-02
   1.5187E+00   -1.1143E-02
   1.5199E+00   -1.1155E-02
   1.5211E+00   -1.1178E-02
   1.5222E+00   -1.1203E-02
   1.5234E+00   -1.1217E-02
   1.5246E+00   -1.1216E-02
   1.5257E+00   -1.1201E-02
   1.5269E+00   -1.1185E-02
   1.5281E+00   -1.1178E-02
   1.5292E+00   -1.1186E-02
   1.5304E+00   -1.1208E-02
   1.5316E+00   -1.1233E-02
   1.5327E+00   -1.1250E-02
   1.5339E+00   -1.1252E-02
   1.5350E+00   -1.1239E-02
   1.5362E+00   -1.1222E-02
   1.5374E+00   -1.1213E-02
   1.5385E+00   -1.1218E-02
   1.5397E+00   -1.1239E-02
   1.5409E+00   -1.1264E-02
   1.5420E+00   -1.1283E-02
   1.5432E+00   -1.1287E-02
   1.5444E+00   -1.1276E-02
   1.5455E+00   -1.1259E-02
   1.5467E+00   -1.1248E-02
   1.5479E+00   -1.1251E-02
   1.5490E+00   -1.1269E-02
   1.5502E+00   -1.1295E-02
   1.5514E+00   -1.1316E-02
   1.5525E+00   -1.1322E-02
   1.5537E+00   -1.1313E-02
   1.5548E+00   -1.1295E-02
   1.5560E+00   -1.1283E-02
   1.5572E+00   -1.1284E-02
   1.5583E+00   -1.1300E-02
   1.5595E+00   -1.1326E-02
   1.5607E+00   -1.1347E-02
   1.5618E+00   -1.1356E-02
   1.5630E+00   -1.1348E-02
   1.5642E+00   -1.1331E-02
   1.5653E+00   -1.1317E-02
   1.5665E+00   -1.1317E-02
   1.5677E+00   -1.1332E-02
   1.5688E+00   -1.1357E-02
   1.5700E+00   -1.1379E-02
   1.5712E+00   -1.1389E-02
   1.5723E+00   -1.1383E-02
   1.5735E+00   -1.1367E-02
   1.5746E+00   -1.1352E-02
   1.5758E+00   -1.1350E-02
   1.5770E+00   -1.1363E-02
   1.5781E+00   -1.1388E-02
   1.5793E+00   -1.1411E-02
   1.5805E+00   -1.1423E-02
   1.5816E+00   -1.1418E-02
   1.5828E+00   -1.1402E-02
   1.5840E+00   -1.1387E-02
   1.5851E+00   -1.1383E-02
   1.5863E+00   -1.1396E-02
   1.5875E+00   -1.1420E-02
   1.5886E+00   -1.1444E-02
   1.5898E+00   -1.1457E-02
   1.5910E+00   -1.1453E-02
   1.5921E+00   -1.1437E-02
   1.5933E+00   -1.1422E-02
   1.5944E+00   -1.1417E-02
   1.5956E+00   -1.1428E-02
   1.5968E+00   -1.1452E-02
   1.5979E+00   -1.1476E-02
   1.5991E+00   -1.1490E-02
   1.6003E+00   -1.1487E-02
   1.6014E+00   -1.1472E-02
   1.6026E+00   -1.1456E-02
   1.6038E+00   -1.1450E-02
   1.6049E+00   -1.1461E-02
   1.6061E+00   -1.1485E-02
   1.6073E+00   -1.1509E-02
   1.6084E+00   -1.1524E-02
   1.6096E+00   -1.1521E-02
   1.6108E+00   -1.1506E-02
   1.6119E+00   -1.1490E-02
   1.6131E+00   -1.1484E-02
   1.6142E+00   -1.1495E-02
   1.6154E+00   -1.1518E-02
   1.6166E+00   -1.1542E-02
   1.6177E+00   -1.1557E-02
   1.6189E+00   -1.1555E-02
   1.6201E+00   -1.1540E-02
   1.6212E+00   -1.1523E-02
   1.6224E+00   -1.1517E-02
   1.6236E+00   -1.1528E-02
   1.6247E+00   -1.1551E-02
   1.6259E+00   -1.1576E-02
   1.6271E+00   -1.1590E-02
   1.6282E+00   -1.1588E-02
   1.6294E+00   -1.1573E-02
   1.6306E+00   -1.1557E-02
   1.6317E+00   -1.1551E-02
   1.6329E+00   -1.1561E-02
   1.6340E+00   -1.1584E-02
   1.6352E+00   -1.1609E-02
   1.6364E+00   -1.1623E-02
   1.6375E+00   -1.1621E-02
   1.6387E+00   -1.1606E-02
   1.6399E+00   -1.1589E-02
   1.6410E+00   -1.1584E-02
   1.6422E+00   -1.1594E-02
   1.6434E+00   -1.1618E-02
   1.6445E+00   -1.1643E-02
   1.6457E+00   -1.1656E-02
   1.6469E+00   -1.1654E-02
   1.6480E+00   -1.1638E-02
   1.6492E+00   -1.1622E-02
   1.6504E+00   -1.1617E-02
   1.6515E+00   -1.1628E-02
   1.6527E+00   -1.1652E-02
   1.6538E+00   -1.1676E-02
   1.6550E+00   -1.1689E-02
   1.6562E+00   -1.1686E-02
   1.6573E+00   -1.1670E-02
   1.6585E+00   -1.1654E-02
   1.6597E+00   -1.1650E-02
   1.6608E+00   -1.1662E-02
   1.6620E+00   -1.1687E-02
   1.6632E+00   -1.1710E-02
   1.6643E+00   -1.1722E-02
   1.6655E+00   -1.1718E-02
   1.6667E+00   -1.1702E-02
   1.6678E+00   -1.1686E-02
   1.6690E+00   -1.1683E-02
   1.6702E+00   -1.1697E-02
   1.6713E+00   -1.1721E-02
   1.6725E+00   -1.1745E-02
   1.6736E+00   -1.1755E-02
   1.6748E+00   -1.1749E-02
   1.6760E+00   -1.1733E-02
   1.6771E+00   -1.1718E-02
   1.6783E+00   -1.1716E-02
   1.6795E+00   -1.1731E-02
   1.6806E+00   -1.1756E-02
   1.6818E+00   -1.1779E-02
   1.6830E+00   -1.1788E-02
   1.6841E+00   -1.1780E-02
   1.6853E+00   -1.1763E-02
   1.6865E+00   -1.1749E-02
   1.6876E+00   -1.1749E-02
   1.6888E+00   -1.1766E-02
   1.6900E+00   -1.1791E-02
   1.6911E+00   -1.1813E-02
   1.6923E+00   -1.1820E-02
   1.6934E+00   -1.1810E-02
   1.6946E+00   -1.1793E-02
   1.6958E+00   -1.1780E-02
   1.6969E+00   -1.1782E-02
   1.6981E+00   -1.1801E-02
   1.6993E+00   -1.1826E-02
   1.7004E+00   -1.1846E-02
   1.7016E+00   -1.1851E-02
   1.7028E+00   -1.1840E-02
   1.7039E+00   -1.1822E-02
   1.7051E+00   -1.1811E-02
   1.7063E+00   -1.1816E-02
   1.7074E+00   -1.1835E-02
   1.7086E+00   -1.1861E-02
   1.7098E+00   -1.1879E-02
   1.7109E+00   -1.1881E-02
   1.7121E+00   -1.1869E-02
   1.7132E+00   -1.1851E-02
   1.7144E+00   -1.1842E-02
   1.7156E+00   -1.1849E-02
   1.7167E+00   -1.1871E-02
   1.7179E+00   -1.1896E-02
   1.7191E+00   -1.1912E-02
   1.7202E+00   -1.1911E-02
   1.7214E+00   -1.1897E-02
   1.7226E+00   -1.1880E-02
   1.7237E+00   -1.1873E-02
   1.7249E+00   -1.1883E-02
   1.7261E+00   -1.1906E-02
   1.7272E+00   -1.1931E-02
   1.7284E+00   -1.1944E-02
   1.7295E+00   -1.1940E-02
   1.7307E+00   -1.1925E-02
   1.7319E+00   -1.1908E-02
   1.7330E+00   -1.1904E-02
   1.7342E+00   -1.1918E-02
   1.7354E+00   -1.1942E-02
   1.7365E+00   -1.1965E-02
   1.7377E+00   -1.1975E-02
   1.7389E+00   -1.1969E-02
   1.7400E+00   -1.1951E-02
   1.7412E+00   -1.1937E-02
   1.7424E+00   -1.1936E-02
   1.7435E+00   -1.1952E-02
   1.7447E+00   -1.1978E-02
   1.7459E+00   -1.1999E-02
   1.7470E+00   -1.2005E-02
   1.7482E+00   -1.1996E-02
   1.7493E+00   -1.1978E-02
   1.7505E+00   -1.1965E-02
   1.7517E+00   -1.1969E-02
   1.7528E+00   -1.1987E-02
   1.7540E+00   -1.2013E-02
   1.7552E+00   -1.2032E-02
   1.7563E+00   -1.2034E-02
   1.7575E+00   -1.2022E-02
   1.7587E+00   -1.2004E-02
   1.7598E+00   -1.1995E-02
   1.7610E+00   -1.2002E-02
   1.7622E+00   -1.2023E-02
   1.7633E+00   -1.2048E-02
   1.7645E+00   -1.2064E-02
   1.7657E+00   -1.2062E-02
   1.7668E+00   -1.2047E-02
   1.7680E+00   -1.2030E-02
   1.7691E+00   -1.2024E-02
   1.7703E+00   -1.2035E-02
   1.7715E+00   -1.2059E-02
   1.7726E+00   -1.2083E-02
   1.7738E+00   -1.2094E-02
   1.7750E+00   -1.2089E-02
   1.7761E+00   -1.2072E-02
   1.7773E+00   -1.2056E-02
   1.7785E+00   -1.2055E-02
   1.7796E+00   -1.2070E-02
   1.7808E+00   -1.2095E-02
   1.7820E+00   -1.2117E-02
   1.7831E+00   -1.2124E-02
   1.7843E+00   -1.2114E-02
   1.7855E+00   -1.2096E-02
   1.7866E+00   -1.2083E-02
   1.7878E+00   -1.2086E-02
   1.7889E+00   -1.2105E-02
   1.7901E+00   -1.2131E-02
   1.7913E+00   -1.2149E-02
   1.7924E+00   -1.2152E-02
   1.7936E+00   -1.2138E-02
   1.7948E+00   -1.2120E-02
   1.7959E+00   -1.2112E-02
   1.7971E+00   -1.2120E-02
   1.7983E+00   -1.2142E-02
   1.7994E+00   -1.2167E-02
   1.8006E+00   -1.2181E-02
   1.8018E+00   -1.2178E-02
   1.8029E+00   -1.2162E-02
   1.8041E+00   -1.2146E-02
   1.8053E+00   -1.2142E-02
   1.8064E+00   -1.2154E-02
   1.8076E+00   -1.2179E-02
   1.8087E+00   -1.2202E-02
   1.8099E+00   -1.2211E-02
   1.8111E+00   -1.2203E-02
   1.8122E+00   -1.2185E-02
   1.8134E+00   -1.2172E-02
   1.8146E+00   -1.2173E-02
   1.8157E+00   -1.2191E-02
   1.8169E+00   -1.2216E-02
   1.8181E+00   -1.2236E-02
   1.8192E+00   -1.2239E-02
   1.8204E+00   -1.2227E-02
   1.8216E+00   -1.2209E-02
   1.8227E+00   -1.2199E-02
   1.8239E+00   -1.2206E-02
   1.8251E+00   -1.2228E-02
   1.8262E+00   -1.2253E-02
   1.8274E+00   -1.2268E-02
   1.8285E+00   -1.2266E-02
   1.8297E+00   -1.2250E-02
   1.8309E+00   -1.2233E-02
   1.8320E+00   -1.2228E-02
   1.8332E+00   -1.2241E-02
   1.8344E+00   -1.2266E-02
   1.8355E+00   -1.2289E-02
   1.8367E+00   -1.2298E-02
   1.8379E+00   -1.2290E-02
   1.8390E+00   -1.2272E-02
   1.8402E+00   -1.2259E-02
   1.8414E+00   -1.2260E-02
   1.8425E+00   -1.2278E-02
   1.8437E+00   -1.2304E-02
   1.8449E+00   -1.2323E-02
   1.8460E+00   -1.2326E-02
   1.8472E+00   -1.2313E-02
   1.8483E+00   -1.2295E-02
   1.8495E+00   -1.2286E-02
   1.8507E+00   -1.2294E-02
   1.8518E+00   -1.2316E-02
   1.8530E+00   -1.2341E-02
   1.8542E+00   -1.2355E-02
   1.8553E+00   -1.2351E-02
   1.8565E+00   -1.2335E-02
   1.8577E+00   -1.2319E-02
   1.8588E+00   -1.2316E-02
   1.8600E+00   -1.2330E-02
   1.8612E+00   -1.2355E-02
   1.8623E+00   -1.2377E-02
   1.8635E+00   -1.2384E-02
   1.8647E+00   -1.2375E-02
   1.8658E+00   -1.2357E-02
   1.8670E+00   -1.2345E-02
   1.8681E+00   -1.2348E-02
   1.8693E+00   -1.2368E-02
   1.8705E+00   -1.2394E-02
   1.8716E+00   -1.2411E-02
   1.8728E+00   -1.2412E-02
   1.8740E+00   -1.2397E-02
   1.8751E+00   -1.2380E-02
   1.8763E+00   -1.2373E-02
   1.8775E+00   -1.2384E-02
   1.8786E+00   -1.2408E-02
   1.8798E+00   -1.2432E-02
   1.8810E+00   -1.2443E-02
   1.8821E+00   -1.2436E-02
   1.8833E+00   -1.2418E-02
   1.8845E+00   -1.2404E-02
   1.8856E+00   -1.2405E-02
   1.8868E+00   -1.2423E-02
   1.8879E+00   -1.2448E-02
   1.8891E+00   -1.2468E-02
   1.8903E+00   -1.2471E-02
   1.8914E+00   -1.2458E-02
   1.8926E+00   -1.2440E-02
   1.8938E+00   -1.2432E-02
   1.8949E+00   -1.2440E-02
   1.8961E+00   -1.2463E-02
   1.8973E+00   -1.2487E-02
   1.8984E+00   -1.2500E-02
   1.8996E+00   -1.2496E-02
   1.9008E+00   -1.2479E-02
   1.9019E+00   -1.2463E-02
   1.9031E+00   -1.2462E-02
   1.9043E+00   -1.2478E-02
   1.9054E+00   -1.2503E-02
   1.9066E+00   -1.2524E-02
   1.9077E+00   -1.2529E-02
   1.9089E+00   -1.2517E-02
   1.9101E+00   -1.2499E-02
   1.9112E+00   -1.2489E-02
   1.9124E+00   -1.2495E-02
   1.9136E+00   -1.2517E-02
   1.9147E+00   -1.2542E-02
   1.9159E+00   -1.2557E-02
   1.9171E+00   -1.2553E-02
   1.9182E+00   -1.2537E-02
   1.9194E+00   -1.2520E-02
   1.9206E+00   -1.2517E-02
   1.9217E+00   -1.2532E-02
   1.9229E+00   -1.2557E-02
   1.9241E+00   -1.2579E-02
   1.9252E+00   -1.2585E-02
   1.9264E+00   -1.2574E-02
   1.9275E+00   -1.2555E-02
   1.9287E+00   -1.2544E-02
   1.9299E+00   -1.2550E-02
   1.9310E+00   -1.2571E-02
   1.9322E+00   -1.2597E-02
   1.9334E+00   -1.2611E-02
   1.9345E+00   -1.2608E-02
   1.9357E+00   -1.2592E-02
   1.9369E+00   -1.2575E-02
   1.9380E+00   -1.2572E-02
   1.9392E+00   -1.2586E-02
   1.9404E+00   -1.2612E-02
   1.9415E+00   -1.2633E-02
   1.9427E+00   -1.2639E-02
   1.9439E+00   -1.2628E-02
   1.9450E+00   -1.2609E-02
   1.9462E+00   -1.2598E-02
   1.9473E+00   -1.2604E-02
   1.9485E+00   -1.2626E-02
   1.9497E+00   -1.2651E-02
   1.9508E+00   -1.2665E-02
   1.9520E+00   -1.2662E-02
   1.9532E+00   -1.2645E-02
   1.9543E+00   -1.2629E-02
   1.9555E+00   -1.2626E-02
   1.9567E+00   -1.2641E-02
   1.9578E+00   -1.2666E-02
   1.9590E+00   -1.2687E-02
   1.9602E+00   -1.2692E-02
   1.9613E+00   -1.2681E-02
   1.9625E+00   -1.2662E-02
   1.9637E+00   -1.2652E-02
   1.9648E+00   -1.2659E-02
   1.9660E+00   -1.2681E-02
   1.9671E+00   -1.2706E-02
   1.9683E+00   -1.2719E-02
   1.9695E+00   -1.2715E-02
   1.9706E+00   -1.2697E-02
   1.9718E+00   -1.2682E-02
   1.9730E+00   -1.2680E-02
   1.9741E+00   -1.2696E-02
   1.9753E+00   -1.2722E-02
   1.9765E+00   -1.2742E-02
   1.9776E+00   -1.2746E-02
   1.9788E+00   -1.2733E-02
   1.9800E+00   -1.2714E-02
   1.9811E+00   -1.2705E-02
   1.9823E+00   -1.2714E-02
   1.9835E+00   -1.2737E-02
   1.9846E+00   -1.2761E-02
   1.9858E+00   -1.2773E-02
   1.9869E+00   -1.2766E-02
   1.9881E+00   -1.2748E-02
   1.9893E+00   -1.2734E-02
   1.9904E+00   -1.2734E-02
   1.9916E+00   -1.2752E-02
   1.9928E+00   -1.2778E-02
   1.9939E+00   -1.2796E-02
   1.9951E+00   -1.2797E-02
   1.9963E+00   -1.2783E-02
   1.9974E+00   -1.2764E-02
   1.9986E+00   -1.2758E-02
   1.9998E+00   -1.2769E-02
   2.0009E+00   -1.2793E-02
   2.0021E+00   -1.2814E-02
   2.0032E+00   -1.2818E-02
   2.0044E+00   -1.2802E-02
   2.0056E+00   -1.2777E-02
   2.0067E+00   -1.2760E-02
   2.0079E+00   -1.2762E-02
   2.0091E+00   -1.2782E-02
   2.0102E+00   -1.2807E-02
   2.0114E+00   -1.2819E-02
   2.0126E+00   -1.2810E-02
   2.0137E+00   -1.2787E-02
   2.0149E+00   -1.2765E-02
   2.0161E+00   -1.2758E-02
   2.0172E+00   -1.2772E-02
   2.0184E+00   -1.2797E-02
   2.0196E+00   -1.2816E-02
   2.0207E+00   -1.2816E-02
   2.0219E+00   -1.2797E-02
   2.0230E+00   -1.2772E-02
   2.0242E+00   -1.2758E-02
   2.0254E+00   -1.2764E-02
   2.0265E+00   -1.2786E-02
   2.0277E+00   -1.2809E-02
   2.0289E+00   -1.2818E-02
   2.0300E+00   -1.2805E-02
   2.0312E+00   -1.2781E-02
   2.0324E+00   -1.2760E-02
   2.0335E+00   -1.2758E-02
   2.0347E+00   -1.2775E-02
   2.0359E+00   -1.2799E-02
   2.0370E+00   -1.2816E-02
   2.0382E+00   -1.2812E-02
   2.0394E+00   -1.2791E-02
   2.0405E+00   -1.2766E-02
   2.0417E+00   -1.2755E-02
   2.0428E+00   -1.2765E-02
   2.0440E+00   -1.2788E-02
   2.0452E+00   -1.2810E-02
   2.0463E+00   -1.2815E-02
   2.0475E+00   -1.2799E-02
   2.0487E+00   -1.2775E-02
   2.0498E+00   -1.2756E-02
   2.0510E+00   -1.2757E-02
   2.0522E+00   -1.2777E-02
   2.0533E+00   -1.2801E-02
   2.0545E+00   -1.2814E-02
   2.0557E+00   -1.2807E-02
   2.0568E+00   -1.2784E-02
   2.0580E+00   -1.2761E-02
   2.0592E+00   -1.2753E-02
   2.0603E+00   -1.2766E-02
   2.0615E+00   -1.2790E-02
   2.0626E+00   -1.2810E-02
   2.0638E+00   -1.2811E-02
   2.0650E+00   -1.2793E-02
   2.0661E+00   -1.2768E-02
   2.0673E+00   -1.2753E-02
   2.0685E+00   -1.2757E-02
   2.0696E+00   -1.2779E-02
   2.0708E+00   -1.2802E-02
   2.0720E+00   -1.2813E-02
   2.0731E+00   -1.2802E-02
   2.0743E+00   -1.2777E-02
   2.0755E+00   -1.2756E-02
   2.0766E+00   -1.2752E-02
   2.0778E+00   -1.2768E-02
   2.0790E+00   -1.2793E-02
   2.0801E+00   -1.2810E-02
   2.0813E+00   -1.2808E-02
   2.0824E+00   -1.2787E-02
   2.0836E+00   -1.2763E-02
   2.0848E+00   -1.2750E-02
   2.0859E+00   -1.2758E-02
   2.0871E+00   -1.2782E-02
   2.0883E+00   -1.2804E-02
   2.0894E+00   -1.2811E-02
   2.0906E+00   -1.2797E-02
   2.0918E+00   -1.2772E-02
   2.0929E+00   -1.2753E-02
   2.0941E+00   -1.2752E-02
   2.0953E+00   -1.2771E-02
   2.0964E+00   -1.2796E-02
   2.0976E+00   -1.2810E-02
   2.0988E+00   -1.2804E-02
   2.0999E+00   -1.2782E-02
   2.1011E+00   -1.2759E-02
   2.1022E+00   -1.2750E-02
   2.1034E+00   -1.2761E-02
   2.1046E+00   -1.2786E-02
   2.1057E+00   -1.2806E-02
   2.1069E+00   -1.2809E-02
   2.1081E+00   -1.2792E-02
   2.1092E+00   -1.2767E-02
   2.1104E+00   -1.2751E-02
   2.1116E+00   -1.2754E-02
   2.1127E+00   -1.2774E-02
   2.1139E+00   -1.2799E-02
   2.1151E+00   -1.2810E-02
   2.1162E+00   -1.2801E-02
   2.1174E+00   -1.2777E-02
   2.1186E+00   -1.2755E-02
   2.1197E+00   -1.2750E-02
   2.1209E+00   -1.2764E-02
   2.1220E+00   -1.2789E-02
   2.1232E+00   -1.2807E-02
   2.1244E+00   -1.2807E-02
   2.1255E+00   -1.2788E-02
   2.1267E+00   -1.2762E-02
   2.1279E+00   -1.2749E-02
   2.1290E+00   -1.2755E-02
   2.1302E+00   -1.2778E-02
   2.1314E+00   -1.2801E-02
   2.1325E+00   -1.2809E-02
   2.1337E+00   -1.2797E-02
   2.1349E+00   -1.2772E-02
   2.1360E+00   -1.2752E-02
   2.1372E+00   -1.2750E-02
   2.1384E+00   -1.2767E-02
   2.1395E+00   -1.2793E-02
   2.1407E+00   -1.2808E-02
   2.1418E+00   -1.2804E-02
   2.1430E+00   -1.2783E-02
   2.1442E+00   -1.2759E-02
   2.1453E+00   -1.2748E-02
   2.1465E+00   -1.2758E-02
   2.1477E+00   -1.2782E-02
   2.1488E+00   -1.2804E-02
   2.1500E+00   -1.2808E-02
   2.1512E+00   -1.2793E-02
   2.1523E+00   -1.2768E-02
   2.1535E+00   -1.2750E-02
   2.1547E+00   -1.2752E-02
   2.1558E+00   -1.2771E-02
   2.1570E+00   -1.2796E-02
   2.1582E+00   -1.2809E-02
   2.1593E+00   -1.2801E-02
   2.1605E+00   -1.2779E-02
   2.1616E+00   -1.2756E-02
   2.1628E+00   -1.2749E-02
   2.1640E+00   -1.2762E-02
   2.1651E+00   -1.2786E-02
   2.1663E+00   -1.2806E-02
   2.1675E+00   -1.2807E-02
   2.1686E+00   -1.2790E-02
   2.1698E+00   -1.2765E-02
   2.1710E+00   -1.2749E-02
   2.1721E+00   -1.2755E-02
   2.1733E+00   -1.2776E-02
   2.1745E+00   -1.2800E-02
   2.1756E+00   -1.2810E-02
   2.1768E+00   -1.2800E-02
   2.1780E+00   -1.2776E-02
   2.1791E+00   -1.2754E-02
   2.1803E+00   -1.2751E-02
   2.1814E+00   -1.2767E-02
   2.1826E+00   -1.2792E-02
   2.1838E+00   -1.2810E-02
   2.1849E+00   -1.2807E-02
   2.1861E+00   -1.2788E-02
   2.1873E+00   -1.2763E-02
   2.1884E+00   -1.2751E-02
   2.1896E+00   -1.2759E-02
   2.1908E+00   -1.2782E-02
   2.1919E+00   -1.2805E-02
   2.1931E+00   -1.2812E-02
   2.1943E+00   -1.2798E-02
   2.1954E+00   -1.2774E-02
   2.1966E+00   -1.2754E-02
   2.1978E+00   -1.2754E-02
   2.1989E+00   -1.2773E-02
   2.2001E+00   -1.2798E-02
   2.2012E+00   -1.2813E-02
   2.2024E+00   -1.2807E-02
   2.2036E+00   -1.2785E-02
   2.2047E+00   -1.2762E-02
   2.2059E+00   -1.2753E-02
   2.2071E+00   -1.2765E-02
   2.2082E+00   -1.2789E-02
   2.2094E+00   -1.2810E-02
   2.2106E+00   -1.2813E-02
   2.2117E+00   -1.2797E-02
   2.2129E+00   -1.2772E-02
   2.2141E+00   -1.2755E-02
   2.2152E+00   -1.2759E-02
   2.2164E+00   -1.2780E-02
   2.2176E+00   -1.2804E-02
   2.2187E+00   -1.2816E-02
   2.2199E+00   -1.2807E-02
   2.2210E+00   -1.2784E-02
   2.2222E+00   -1.2762E-02
   2.2234E+00   -1.2756E-02
   2.2245E+00   -1.2771E-02
   2.2257E+00   -1.2796E-02
   2.2269E+00   -1.2815E-02
   2.2280E+00   -1.2815E-02
   2.2292E+00   -1.2796E-02
   2.2304E+00   -1.2772E-02
   2.2315E+00   -1.2758E-02
   2.2327E+00   -1.2764E-02
   2.2339E+00   -1.2787E-02
   2.2350E+00   -1.2810E-02
   2.2362E+00   -1.2819E-02
   2.2374E+00   -1.2807E-02
   2.2385E+00   -1.2783E-02
   2.2397E+00   -1.2763E-02
   2.2408E+00   -1.2761E-02
   2.2420E+00   -1.2778E-02
   2.2432E+00   -1.2803E-02
   2.2443E+00   -1.2820E-02
   2.2455E+00   -1.2816E-02
   2.2467E+00   -1.2795E-02
   2.2478E+00   -1.2772E-02
   2.2490E+00   -1.2761E-02
   2.2502E+00   -1.2771E-02
   2.2513E+00   -1.2795E-02
   2.2525E+00   -1.2817E-02
   2.2537E+00   -1.2822E-02
   2.2548E+00   -1.2807E-02
   2.2560E+00   -1.2782E-02
   2.2571E+00   -1.2765E-02
   2.2583E+00   -1.2766E-02
   2.2595E+00   -1.2786E-02
   2.2606E+00   -1.2811E-02
   2.2618E+00   -1.2824E-02
   2.2630E+00   -1.2817E-02
   2.2641E+00   -1.2794E-02
   2.2653E+00   -1.2772E-02
   2.2665E+00   -1.2764E-02
   2.2676E+00   -1.2778E-02
   2.2688E+00   -1.2803E-02
   2.2700E+00   -1.2822E-02
   2.2711E+00   -1.2824E-02
   2.2723E+00   -1.2806E-02
   2.2735E+00   -1.2781E-02
   2.2746E+00   -1.2766E-02
   2.2758E+00   -1.2771E-02
   2.2769E+00   -1.2793E-02
   2.2781E+00   -1.2817E-02
   2.2793E+00   -1.2827E-02
   2.2804E+00   -1.2817E-02
   2.2816E+00   -1.2792E-02
   2.2828E+00   -1.2772E-02
   2.2839E+00   -1.2767E-02
   2.2851E+00   -1.2783E-02
   2.2863E+00   -1.2809E-02
   2.2874E+00   -1.2826E-02
   2.2886E+00   -1.2824E-02
   2.2898E+00   -1.2804E-02
   2.2909E+00   -1.2779E-02
   2.2921E+00   -1.2767E-02
   2.2933E+00   -1.2775E-02
   2.2944E+00   -1.2799E-02
   2.2956E+00   -1.2821E-02
   2.2967E+00   -1.2828E-02
   2.2979E+00   -1.2815E-02
   2.2991E+00   -1.2790E-02
   2.3002E+00   -1.2771E-02
   2.3014E+00   -1.2770E-02
   2.3026E+00   -1.2789E-02
   2.3037E+00   -1.2814E-02
   2.3049E+00   -1.2828E-02
   2.3061E+00   -1.2823E-02
   2.3072E+00   -1.2801E-02
   2.3084E+00   -1.2778E-02
   2.3096E+00   -1.2769E-02
   2.3107E+00   -1.2780E-02
   2.3119E+00   -1.2804E-02
   2.3131E+00   -1.2825E-02
   2.3142E+00   -1.2829E-02
   2.3154E+00   -1.2812E-02
   2.3165E+00   -1.2787E-02
   2.3177E+00   -1.2771E-02
   2.3189E+00   -1.2774E-02
   2.3200E+00   -1.2794E-02
   2.3212E+00   -1.2819E-02
   2.3224E+00   -1.2830E-02
   2.3235E+00   -1.2822E-02
   2.3247E+00   -1.2798E-02
   2.3259E+00   -1.2776E-02
   2.3270E+00   -1.2771E-02
   2.3282E+00   -1.2785E-02
   2.3294E+00   -1.2810E-02
   2.3305E+00   -1.2829E-02
   2.3317E+00   -1.2828E-02
   2.3329E+00   -1.2810E-02
   2.3340E+00   -1.2784E-02
   2.3352E+00   -1.2771E-02
   2.3363E+00   -1.2777E-02
   2.3375E+00   -1.2799E-02
   2.3387E+00   -1.2823E-02
   2.3398E+00   -1.2831E-02
   2.3410E+00   -1.2819E-02
   2.3422E+00   -1.2795E-02
   2.3433E+00   -1.2774E-02
   2.3445E+00   -1.2772E-02
   2.3457E+00   -1.2789E-02
   2.3468E+00   -1.2814E-02
   2.3480E+00   -1.2830E-02
   2.3492E+00   -1.2826E-02
   2.3503E+00   -1.2805E-02
   2.3515E+00   -1.2781E-02
   2.3527E+00   -1.2770E-02
   2.3538E+00   -1.2780E-02
   2.3550E+00   -1.2803E-02
   2.3561E+00   -1.2825E-02
   2.3573E+00   -1.2830E-02
   2.3585E+00   -1.2815E-02
   2.3596E+00   -1.2790E-02
   2.3608E+00   -1.2771E-02
   2.3620E+00   -1.2773E-02
   2.3631E+00   -1.2792E-02
   2.3643E+00   -1.2817E-02
   2.3655E+00   -1.2830E-02
   2.3666E+00   -1.2822E-02
   2.3678E+00   -1.2800E-02
   2.3690E+00   -1.2777E-02
   2.3701E+00   -1.2769E-02
   2.3713E+00   -1.2782E-02
   2.3725E+00   -1.2806E-02
   2.3736E+00   -1.2826E-02
   2.3748E+00   -1.2828E-02
   2.3759E+00   -1.2810E-02
   2.3771E+00   -1.2785E-02
   2.3783E+00   -1.2769E-02
   2.3794E+00   -1.2774E-02
   2.3806E+00   -1.2795E-02
   2.3818E+00   -1.2819E-02
   2.3829E+00   -1.2830E-02
   2.3841E+00   -1.2819E-02
   2.3853E+00   -1.2795E-02
   2.3864E+00   -1.2774E-02
   2.3876E+00   -1.2769E-02
   2.3888E+00   -1.2785E-02
   2.3899E+00   -1.2810E-02
   2.3911E+00   -1.2828E-02
   2.3923E+00   -1.2826E-02
   2.3934E+00   -1.2806E-02
   2.3946E+00   -1.2782E-02
   2.3957E+00   -1.2769E-02
   2.3969E+00   -1.2777E-02
   2.3981E+00   -1.2800E-02
   2.3992E+00   -1.2822E-02
   2.4004E+00   -1.2830E-02
   2.4016E+00   -1.2817E-02
   2.4027E+00   -1.2792E-02
   2.4039E+00   -1.2772E-02
   2.4051E+00   -1.2771E-02
   2.4062E+00   -1.2789E-02
   2.4074E+00   -1.2814E-02
   2.4086E+00   -1.2830E-02
   2.4097E+00   -1.2825E-02
   2.4109E+00   -1.2803E-02
   2.4121E+00   -1.2780E-02
   2.4132E+00   -1.2770E-02
   2.4144E+00   -1.2781E-02
   2.4155E+00   -1.2805E-02
   2.4167E+00   -1.2826E-02
   2.4179E+00   -1.2830E-02
   2.4190E+00   -1.2814E-02
   2.4202E+00   -1.2790E-02
   2.4214E+00   -1.2772E-02
   2.4225E+00   -1.2774E-02
   2.4237E+00   -1.2794E-02
   2.4249E+00   -1.2819E-02
   2.4260E+00   -1.2832E-02
   2.4272E+00   -1.2824E-02
   2.4284E+00   -1.2801E-02
   2.4295E+00   -1.2778E-02
   2.4307E+00   -1.2771E-02
   2.4319E+00   -1.2785E-02
   2.4330E+00   -1.2810E-02
   2.4342E+00   -1.2829E-02
   2.4353E+00   -1.2831E-02
   2.4365E+00   -1.2812E-02
   2.4377E+00   -1.2788E-02
   2.4388E+00   -1.2773E-02
   2.4400E+00   -1.2778E-02
   2.4412E+00   -1.2800E-02
   2.4423E+00   -1.2824E-02
   2.4435E+00   -1.2834E-02
   2.4447E+00   -1.2823E-02
   2.4458E+00   -1.2799E-02
   2.4470E+00   -1.2778E-02
   2.4482E+00   -1.2774E-02
   2.4493E+00   -1.2790E-02
   2.4505E+00   -1.2816E-02
   2.4517E+00   -1.2833E-02
   2.4528E+00   -1.2831E-02
   2.4540E+00   -1.2811E-02
   2.4551E+00   -1.2787E-02
   2.4563E+00   -1.2774E-02
   2.4575E+00   -1.2783E-02
   2.4586E+00   -1.2806E-02
   2.4598E+00   -1.2829E-02
   2.4610E+00   -1.2836E-02
   2.4621E+00   -1.2822E-02
   2.4633E+00   -1.2798E-02
   2.4645E+00   -1.2779E-02
   2.4656E+00   -1.2778E-02
   2.4668E+00   -1.2797E-02
   2.4680E+00   -1.2822E-02
   2.4691E+00   -1.2837E-02
   2.4703E+00   -1.2832E-02
   2.4715E+00   -1.2810E-02
   2.4726E+00   -1.2786E-02
   2.4738E+00   -1.2777E-02
   2.4749E+00   -1.2788E-02
   2.4761E+00   -1.2813E-02
   2.4773E+00   -1.2834E-02
   2.4784E+00   -1.2837E-02
   2.4796E+00   -1.2821E-02
   2.4808E+00   -1.2796E-02
   2.4819E+00   -1.2780E-02
   2.4831E+00   -1.2782E-02
   2.4843E+00   -1.2803E-02
   2.4854E+00   -1.2827E-02
   2.4866E+00   -1.2839E-02
   2.4878E+00   -1.2831E-02
   2.4889E+00   -1.2808E-02
   2.4901E+00   -1.2786E-02
   2.4913E+00   -1.2779E-02
   2.4924E+00   -1.2793E-02
   2.4936E+00   -1.2819E-02
   2.4947E+00   -1.2838E-02
   2.4959E+00   -1.2838E-02
   2.4971E+00   -1.2820E-02
   2.4982E+00   -1.2794E-02
   2.4994E+00   -1.2780E-02
   2.5006E+00   -1.2786E-02
   2.5017E+00   -1.2808E-02
   2.5029E+00   -1.2832E-02
   2.5041E+00   -1.2841E-02
   2.5052E+00   -1.2830E-02
   2.5064E+00   -1.2806E-02
   2.5076E+00   -1.2785E-02
   2.5087E+00   -1.2782E-02
   2.5099E+00   -1.2799E-02
   2.5111E+00   -1.2824E-02
   2.5122E+00   -1.2841E-02
   2.5134E+00   -1.2838E-02
   2.5145E+00   -1.2817E-02
   2.5157E+00   -1.2793E-02
   2.5169E+00   -1.2782E-02
   2.5180E+00   -1.2791E-02
   2.5192E+00   -1.2814E-02
   2.5204E+00   -1.2837E-02
   2.5215E+00   -1.2843E-02
   2.5227E+00   -1.2829E-02
   2.5239E+00   -1.2804E-02
   2.5250E+00   -1.2785E-02
   2.5262E+00   -1.2786E-02
   2.5274E+00   -1.2805E-02
   2.5285E+00   -1.2830E-02
   2.5297E+00   -1.2844E-02
   2.5308E+00   -1.2838E-02
   2.5320E+00   -1.2816E-02
   2.5332E+00   -1.2792E-02
   2.5343E+00   -1.2784E-02
   2.5355E+00   -1.2796E-02
   2.5367E+00   -1.2821E-02
   2.5378E+00   -1.2842E-02
   2.5390E+00   -1.2844E-02
   2.5402E+00   -1.2828E-02
   2.5413E+00   -1.2803E-02
   2.5425E+00   -1.2787E-02
   2.5437E+00   -1.2791E-02
   2.5448E+00   -1.2812E-02
   2.5460E+00   -1.2836E-02
   2.5472E+00   -1.2848E-02
   2.5483E+00   -1.2838E-02
   2.5495E+00   -1.2815E-02
   2.5506E+00   -1.2793E-02
   2.5518E+00   -1.2788E-02
   2.5530E+00   -1.2803E-02
   2.5541E+00   -1.2828E-02
   2.5553E+00   -1.2847E-02
   2.5565E+00   -1.2846E-02
   2.5576E+00   -1.2827E-02
   2.5588E+00   -1.2802E-02
   2.5600E+00   -1.2789E-02
   2.5611E+00   -1.2796E-02
   2.5623E+00   -1.2819E-02
   2.5635E+00   -1.2842E-02
   2.5646E+00   -1.2850E-02
   2.5658E+00   -1.2837E-02
   2.5670E+00   -1.2813E-02
   2.5681E+00   -1.2793E-02
   2.5693E+00   -1.2791E-02
   2.5704E+00   -1.2809E-02
   2.5716E+00   -1.2834E-02
   2.5728E+00   -1.2850E-02
   2.5739E+00   -1.2845E-02
   2.5751E+00   -1.2824E-02
   2.5763E+00   -1.2800E-02
   2.5774E+00   -1.2790E-02
   2.5786E+00   -1.2800E-02
   2.5798E+00   -1.2824E-02
   2.5809E+00   -1.2845E-02
   2.5821E+00   -1.2850E-02
   2.5833E+00   -1.2834E-02
   2.5844E+00   -1.2809E-02
   2.5856E+00   -1.2791E-02
   2.5868E+00   -1.2793E-02
   2.5879E+00   -1.2813E-02
   2.5891E+00   -1.2837E-02
   2.5902E+00   -1.2850E-02
   2.5914E+00   -1.2842E-02
   2.5926E+00   -1.2819E-02
   2.5937E+00   -1.2796E-02
   2.5949E+00   -1.2789E-02
   2.5961E+00   -1.2802E-02
   2.5972E+00   -1.2827E-02
   2.5984E+00   -1.2846E-02
   2.5996E+00   -1.2847E-02
   2.6007E+00   -1.2828E-02
   2.6019E+00   -1.2803E-02
   2.6031E+00   -1.2788E-02
   2.6042E+00   -1.2793E-02
   2.6054E+00   -1.2815E-02
   2.6066E+00   -1.2838E-02
   2.6077E+00   -1.2848E-02
   2.6089E+00   -1.2836E-02
   2.6100E+00   -1.2812E-02
   2.6112E+00   -1.2791E-02
   2.6124E+00   -1.2787E-02
   2.6135E+00   -1.2803E-02
   2.6147E+00   -1.2828E-02
   2.6159E+00   -1.2845E-02
   2.6170E+00   -1.2842E-02
   2.6182E+00   -1.2821E-02
   2.6194E+00   -1.2796E-02
   2.6205E+00   -1.2784E-02
   2.6217E+00   -1.2793E-02
   2.6229E+00   -1.2816E-02
   2.6240E+00   -1.2838E-02
   2.6252E+00   -1.2844E-02
   2.6264E+00   -1.2829E-02
   2.6275E+00   -1.2804E-02
   2.6287E+00   -1.2785E-02
   2.6298E+00   -1.2785E-02
   2.6310E+00   -1.2804E-02
   2.6322E+00   -1.2828E-02
   2.6333E+00   -1.2842E-02
   2.6345E+00   -1.2836E-02
   2.6357E+00   -1.2813E-02
   2.6368E+00   -1.2790E-02
   2.6380E+00   -1.2781E-02
   2.6392E+00   -1.2793E-02
   2.6403E+00   -1.2817E-02
   2.6415E+00   -1.2837E-02
   2.6427E+00   -1.2840E-02
   2.6438E+00   -1.2822E-02
   2.6450E+00   -1.2797E-02
   2.6462E+00   -1.2781E-02
   2.6473E+00   -1.2784E-02
   2.6485E+00   -1.2805E-02
   2.6496E+00   -1.2829E-02
   2.6508E+00   -1.2840E-02
   2.6520E+00   -1.2831E-02
   2.6531E+00   -1.2806E-02
   2.6543E+00   -1.2785E-02
   2.6555E+00   -1.2780E-02
   2.6566E+00   -1.2794E-02
   2.6578E+00   -1.2820E-02
   2.6590E+00   -1.2837E-02
   2.6601E+00   -1.2836E-02
   2.6613E+00   -1.2817E-02
   2.6625E+00   -1.2792E-02
   2.6636E+00   -1.2779E-02
   2.6648E+00   -1.2786E-02
   2.6660E+00   -1.2809E-02
   2.6671E+00   -1.2832E-02
   2.6683E+00   -1.2839E-02
   2.6694E+00   -1.2827E-02
   2.6706E+00   -1.2802E-02
   2.6718E+00   -1.2782E-02
   2.6729E+00   -1.2780E-02
   2.6741E+00   -1.2798E-02
   2.6753E+00   -1.2823E-02
   2.6764E+00   -1.2838E-02
   2.6776E+00   -1.2834E-02
   2.6788E+00   -1.2812E-02
   2.6799E+00   -1.2788E-02
   2.6811E+00   -1.2778E-02
   2.6823E+00   -1.2789E-02
   2.6834E+00   -1.2813E-02
   2.6846E+00   -1.2834E-02
   2.6858E+00   -1.2838E-02
   2.6869E+00   -1.2822E-02
   2.6881E+00   -1.2797E-02
   2.6892E+00   -1.2780E-02
   2.6904E+00   -1.2782E-02
   2.6916E+00   -1.2802E-02
   2.6927E+00   -1.2827E-02
   2.6939E+00   -1.2839E-02
   2.6951E+00   -1.2830E-02
   2.6962E+00   -1.2807E-02
   2.6974E+00   -1.2784E-02
   2.6986E+00   -1.2778E-02
   2.6997E+00   -1.2791E-02
   2.7009E+00   -1.2816E-02
   2.7021E+00   -1.2835E-02
   2.7032E+00   -1.2836E-02
   2.7044E+00   -1.2817E-02
   2.7056E+00   -1.2792E-02
   2.7067E+00   -1.2777E-02
   2.7079E+00   -1.2783E-02
   2.7090E+00   -1.2805E-02
   2.7102E+00   -1.2829E-02
   2.7114E+00   -1.2837E-02
   2.7125E+00   -1.2826E-02
   2.7137E+00   -1.2801E-02
   2.7149E+00   -1.2780E-02
   2.7160E+00   -1.2778E-02
   2.7172E+00   -1.2794E-02
   2.7184E+00   -1.2819E-02
   2.7195E+00   -1.2836E-02
   2.7207E+00   -1.2832E-02
   2.7219E+00   -1.2811E-02
   2.7230E+00   -1.2787E-02
   2.7242E+00   -1.2775E-02
   2.7254E+00   -1.2785E-02
   2.7265E+00   -1.2808E-02
   2.7277E+00   -1.2830E-02
   2.7288E+00   -1.2836E-02
   2.7300E+00   -1.2821E-02
   2.7312E+00   -1.2796E-02
   2.7323E+00   -1.2777E-02
   2.7335E+00   -1.2778E-02
   2.7347E+00   -1.2797E-02
   2.7358E+00   -1.2822E-02
   2.7370E+00   -1.2836E-02
   2.7382E+00   -1.2828E-02
   2.7393E+00   -1.2806E-02
   2.7405E+00   -1.2783E-02
   2.7417E+00   -1.2775E-02
   2.7428E+00   -1.2787E-02
   2.7440E+00   -1.2812E-02
   2.7452E+00   -1.2832E-02
   2.7463E+00   -1.2833E-02
   2.7475E+00   -1.2816E-02
   2.7486E+00   -1.2791E-02
   2.7498E+00   -1.2775E-02
   2.7510E+00   -1.2779E-02
   2.7521E+00   -1.2801E-02
   2.7533E+00   -1.2825E-02
   2.7545E+00   -1.2835E-02
   2.7556E+00   -1.2824E-02
   2.7568E+00   -1.2801E-02
   2.7580E+00   -1.2779E-02
   2.7591E+00   -1.2774E-02
   2.7603E+00   -1.2790E-02
   2.7615E+00   -1.2815E-02
   2.7626E+00   -1.2833E-02
   2.7638E+00   -1.2831E-02
   2.7650E+00   -1.2810E-02
   2.7661E+00   -1.2786E-02
   2.7673E+00   -1.2773E-02
   2.7684E+00   -1.2781E-02
   2.7696E+00   -1.2804E-02
   2.7708E+00   -1.2826E-02
   2.7719E+00   -1.2834E-02
   2.7731E+00   -1.2820E-02
   2.7743E+00   -1.2795E-02
   2.7754E+00   -1.2776E-02
   2.7766E+00   -1.2775E-02
   2.7778E+00   -1.2793E-02
   2.7789E+00   -1.2818E-02
   2.7801E+00   -1.2833E-02
   2.7813E+00   -1.2827E-02
   2.7824E+00   -1.2805E-02
   2.7836E+00   -1.2782E-02
   2.7847E+00   -1.2772E-02
   2.7859E+00   -1.2783E-02
   2.7871E+00   -1.2808E-02
   2.7882E+00   -1.2828E-02
   2.7894E+00   -1.2832E-02
   2.7906E+00   -1.2815E-02
   2.7917E+00   -1.2790E-02
   2.7929E+00   -1.2774E-02
   2.7941E+00   -1.2776E-02
   2.7952E+00   -1.2797E-02
   2.7964E+00   -1.2821E-02
   2.7976E+00   -1.2833E-02
   2.7987E+00   -1.2824E-02
   2.7999E+00   -1.2801E-02
   2.8011E+00   -1.2779E-02
   2.8022E+00   -1.2773E-02
   2.8034E+00   -1.2787E-02
   2.8045E+00   -1.2812E-02
   2.8057E+00   -1.2831E-02
   2.8069E+00   -1.2831E-02
   2.8080E+00   -1.2811E-02
   2.8092E+00   -1.2787E-02
   2.8104E+00   -1.2773E-02
   2.8115E+00   -1.2779E-02
   2.8127E+00   -1.2802E-02
   2.8139E+00   -1.2825E-02
   2.8150E+00   -1.2834E-02
   2.8162E+00   -1.2821E-02
   2.8174E+00   -1.2797E-02
   2.8185E+00   -1.2777E-02
   2.8197E+00   -1.2775E-02
   2.8209E+00   -1.2792E-02
   2.8220E+00   -1.2817E-02
   2.8232E+00   -1.2833E-02
   2.8243E+00   -1.2829E-02
   2.8255E+00   -1.2808E-02
   2.8267E+00   -1.2784E-02
   2.8278E+00   -1.2773E-02
   2.8290E+00   -1.2783E-02
   2.8302E+00   -1.2807E-02
   2.8313E+00   -1.2829E-02
   2.8325E+00   -1.2833E-02
   2.8337E+00   -1.2818E-02
   2.8348E+00   -1.2792E-02
   2.8360E+00   -1.2775E-02
   2.8372E+00   -1.2776E-02
   2.8383E+00   -1.2796E-02
   2.8395E+00   -1.2821E-02
   2.8407E+00   -1.2833E-02
   2.8418E+00   -1.2826E-02
   2.8430E+00   -1.2802E-02
   2.8441E+00   -1.2780E-02
   2.8453E+00   -1.2773E-02
   2.8465E+00   -1.2786E-02
   2.8476E+00   -1.2811E-02
   2.8488E+00   -1.2830E-02
   2.8500E+00   -1.2830E-02
   2.8511E+00   -1.2812E-02
   2.8523E+00   -1.2787E-02
   2.8535E+00   -1.2772E-02
   2.8546E+00   -1.2778E-02
   2.8558E+00   -1.2799E-02
   2.8570E+00   -1.2823E-02
   2.8581E+00   -1.2832E-02
   2.8593E+00   -1.2821E-02
   2.8605E+00   -1.2796E-02
   2.8616E+00   -1.2775E-02
   2.8628E+00   -1.2773E-02
   2.8639E+00   -1.2789E-02
   2.8651E+00   -1.2814E-02
   2.8663E+00   -1.2831E-02
   2.8674E+00   -1.2828E-02
   2.8686E+00   -1.2807E-02
   2.8698E+00   -1.2783E-02
   2.8709E+00   -1.2772E-02
   2.8721E+00   -1.2781E-02
   2.8733E+00   -1.2805E-02
   2.8744E+00   -1.2827E-02
   2.8756E+00   -1.2832E-02
   2.8768E+00   -1.2817E-02
   2.8779E+00   -1.2792E-02
   2.8791E+00   -1.2774E-02
   2.8803E+00   -1.2776E-02
   2.8814E+00   -1.2795E-02
   2.8826E+00   -1.2820E-02
   2.8837E+00   -1.2833E-02
   2.8849E+00   -1.2826E-02
   2.8861E+00   -1.2804E-02
   2.8872E+00   -1.2781E-02
   2.8884E+00   -1.2773E-02
   2.8896E+00   -1.2786E-02
   2.8907E+00   -1.2811E-02
   2.8919E+00   -1.2831E-02
   2.8931E+00   -1.2832E-02
   2.8942E+00   -1.2814E-02
   2.8954E+00   -1.2789E-02
   2.8966E+00   -1.2774E-02
   2.8977E+00   -1.2779E-02
   2.8989E+00   -1.2801E-02
   2.9001E+00   -1.2824E-02
   2.9012E+00   -1.2834E-02
   2.9024E+00   -1.2823E-02
   2.9035E+00   -1.2799E-02
   2.9047E+00   -1.2778E-02
   2.9059E+00   -1.2774E-02
   2.9070E+00   -1.2790E-02
   2.9082E+00   -1.2815E-02
   2.9094E+00   -1.2832E-02
   2.9105E+00   -1.2829E-02
   2.9117E+00   -1.2808E-02
   2.9129E+00   -1.2783E-02
   2.9140E+00   -1.2771E-02
   2.9152E+00   -1.2780E-02
   2.9164E+00   -1.2803E-02
   2.9175E+00   -1.2825E-02
   2.9187E+00   -1.2830E-02
   2.9199E+00   -1.2816E-02
   2.9210E+00   -1.2791E-02
   2.9222E+00   -1.2771E-02
   2.9233E+00   -1.2771E-02
   2.9245E+00   -1.2790E-02
   2.9257E+00   -1.2814E-02
   2.9268E+00   -1.2828E-02
   2.9280E+00   -1.2821E-02
   2.9292E+00   -1.2798E-02
   2.9303E+00   -1.2774E-02
   2.9315E+00   -1.2766E-02
   2.9327E+00   -1.2778E-02
   2.9338E+00   -1.2802E-02
   2.9350E+00   -1.2821E-02
   2.9362E+00   -1.2823E-02
   2.9373E+00   -1.2806E-02
   2.9385E+00   -1.2780E-02
   2.9397E+00   -1.2764E-02
   2.9408E+00   -1.2768E-02
   2.9420E+00   -1.2789E-02
   2.9431E+00   -1.2813E-02
   2.9443E+00   -1.2823E-02
   2.9455E+00   -1.2813E-02
   2.9466E+00   -1.2789E-02
   2.9478E+00   -1.2767E-02
   2.9490E+00   -1.2762E-02
   2.9501E+00   -1.2778E-02
   2.9513E+00   -1.2803E-02
   2.9525E+00   -1.2820E-02
   2.9536E+00   -1.2819E-02
   2.9548E+00   -1.2798E-02
   2.9560E+00   -1.2774E-02
   2.9571E+00   -1.2761E-02
   2.9583E+00   -1.2769E-02
   2.9595E+00   -1.2792E-02
   2.9606E+00   -1.2815E-02
   2.9618E+00   -1.2822E-02
   2.9629E+00   -1.2808E-02
   2.9641E+00   -1.2784E-02
   2.9653E+00   -1.2765E-02
   2.9664E+00   -1.2764E-02
   2.9676E+00   -1.2782E-02
   2.9688E+00   -1.2807E-02
   2.9699E+00   -1.2822E-02
   2.9711E+00   -1.2817E-02
   2.9723E+00   -1.2795E-02
   2.9734E+00   -1.2772E-02
   2.9746E+00   -1.2762E-02
   2.9758E+00   -1.2774E-02
   2.9769E+00   -1.2798E-02
   2.9781E+00   -1.2819E-02
   2.9793E+00   -1.2822E-02
   2.9804E+00   -1.2806E-02
   2.9816E+00   -1.2781E-02
   2.9827E+00   -1.2764E-02
   2.9839E+00   -1.2767E-02
   2.9851E+00   -1.2788E-02
   2.9862E+00   -1.2812E-02
   2.9874E+00   -1.2824E-02
   2.9886E+00   -1.2815E-02
   2.9897E+00   -1.2791E-02
   2.9909E+00   -1.2769E-02
   2.9921E+00   -1.2763E-02
   2.9932E+00   -1.2778E-02
   2.9944E+00   -1.2803E-02
   2.9956E+00   -1.2821E-02
   2.9967E+00   -1.2821E-02
   2.9979E+00   -1.2801E-02
   2.9991E+00   -1.2776E-02
   3.0000E+00   -1.2764E-02
