# node 65
   0.0000E+00    0.0000E+00
   1.2910E-03   -4.4638E-07
   2.5820E-03   -4.0906E-06
   3.8729E-03   -1.4278E-05
   5.1639E-03   -3.1973E-05
   6.4549E-03   -5.7573E-05
   7.7459E-03   -8.9788E-05
   9.0369E-03   -1.2542E-04
   1.0328E-02   -1.6169E-04
   1.1619E-02   -1.9476E-04
   1.2910E-02   -2.2170E-04
   1.4201E-02   -2.4126E-04
   1.5492E-02   -2.5258E-04
   1.6783E-02   -2.5742E-04
   1.8074E-02   -2.5830E-04
   1.9365E-02   -2.5818E-04
   2.0656E-02   -2.6118E-04
   2.1947E-02   -2.6974E-04
   2.3238E-02   -2.8583E-04
   2.4529E-02   -3.1016E-04
   2.5820E-02   -3.4096E-04
   2.7111E-02   -3.7633E-04
   2.8402E-02   -4.1273E-04
   2.9693E-02   -4.4639E-04
   3.0984E-02   -4.7486E-04
   3.2275E-02   -4.9557E-04
   3.3565E-02   -5.0829E-04
   3.4856E-02   -5.1421E-04
   3.6147E-02   -5.1519E-04
   3.7438E-02   -5.1513E-04
   3.8729E-02   -5.1718E-04
   4.0020E-02   -5.2439E-04
   4.1311E-02   -5.3931E-04
   4.2602E-02   -5.6196E-04
   4.3893E-02   -5.9187E-04
   4.5184E-02   -6.2673E-04
   4.6475E-02   -6.6286E-04
   4.7766E-02   -6.9735E-04
   4.9057E-02   -7.2652E-04
   5.0348E-02   -7.4828E-04
   5.1639E-02   -7.6224E-04
   5.2930E-02   -7.6857E-04
   5.4221E-02   -7.7009E-04
   5.5512E-02   -7.6980E-04
   5.6803E-02   -7.7102E-04
   5.8094E-02   -7.7756E-04
   5.9385E-02   -7.9109E-04
   6.0676E-02   -8.1274E-04
   6.1967E-02   -8.4194E-04
   6.3258E-02   -8.7598E-04
   6.4549E-02   -9.1228E-04
   6.5840E-02   -9.4689E-04
   6.7131E-02   -9.7643E-04
   6.8422E-02   -9.9906E-04
   6.9713E-02   -1.0132E-03
   7.1004E-02   -1.0201E-03
   7.2295E-02   -1.0218E-03
   7.3586E-02   -1.0210E-03
   7.4877E-02   -1.0221E-03
   7.6168E-02   -1.0278E-03
   7.7459E-02   -1.0406E-03
   7.8750E-02   -1.0619E-03
   8.0041E-02   -1.0903E-03
   8.1332E-02   -1.1243E-03
   8.2623E-02   -1.1604E-03
   8.3914E-02   -1.1947E-03
   8.5205E-02   -1.2246E-03
   8.6496E-02   -1.2469E-03
   8.7787E-02   -1.2611E-03
   8.9078E-02   -1.2679E-03
   9.0369E-02   -1.2690E-03
   9.1660E-02   -1.2683E-03
   9.2951E-02   -1.2690E-03
   9.4242E-02   -1.2744E-03
   9.5533E-02   -1.2875E-03
   9.6823E-02   -1.3084E-03
   9.8114E-02   -1.3370E-03
   9.9405E-02   -1.3710E-03
   1.0070E-01   -1.4067E-03
   1.0199E-01   -1.4410E-03
   1.0328E-01   -1.4700E-03
   1.0457E-01   -1.4916E-03
   1.0586E-01   -1.5051E-03
   1.0715E-01   -1.5108E-03
   1.0844E-01   -1.5115E-03
   1.0973E-01   -1.5104E-03
   1.1102E-01   -1.5110E-03
   1.1232E-01   -1.5172E-03
   1.1361E-01   -1.5306E-03
   1.1490E-01   -1.5525E-03
   1.1619E-01   -1.5818E-03
   1.1748E-01   -1.6158E-03
   1.1877E-01   -1.6516E-03
   1.2006E-01   -1.6849E-03
   1.2135E-01   -1.7125E-03
   1.2264E-01   -1.7326E-03
   1.2393E-01   -1.7441E-03
   1.2523E-01   -1.7484E-03
   1.2652E-01   -1.7482E-03
   1.2781E-01   -1.7466E-03
   1.2910E-01   -1.7480E-03
   1.3039E-01   -1.7552E-03
   1.3168E-01   -1.7703E-03
   1.3297E-01   -1.7940E-03
   1.3426E-01   -1.8243E-03
   1.3555E-01   -1.8590E-03
   1.3684E-01   -1.8942E-03
   1.3813E-01   -1.9259E-03
   1.3943E-01   -1.9515E-03
   1.4072E-01   -1.9686E-03
   1.4201E-01   -1.9775E-03
   1.4330E-01   -1.9798E-03
   1.4459E-01   -1.9782E-03
   1.4588E-01   -1.9770E-03
   1.4717E-01   -1.9796E-03
   1.4846E-01   -1.9889E-03
   1.4975E-01   -2.0070E-03
   1.5104E-01   -2.0328E-03
   1.5234E-01   -2.0650E-03
   1.5363E-01   -2.1002E-03
   1.5492E-01   -2.1341E-03
   1.5621E-01   -2.1636E-03
   1.5750E-01   -2.1854E-03
   1.5879E-01   -2.1987E-03
   1.6008E-01   -2.2042E-03
   1.6137E-01   -2.2038E-03
   1.6266E-01   -2.2016E-03
   1.6395E-01   -2.2013E-03
   1.6525E-01   -2.2063E-03
   1.6654E-01   -2.2195E-03
   1.6783E-01   -2.2410E-03
   1.6912E-01   -2.2702E-03
   1.7041E-01   -2.3041E-03
   1.7170E-01   -2.3388E-03
   1.7299E-01   -2.3707E-03
   1.7428E-01   -2.3960E-03
   1.7557E-01   -2.4128E-03
   1.7686E-01   -2.4214E-03
   1.7816E-01   -2.4226E-03
   1.7945E-01   -2.4204E-03
   1.8074E-01   -2.4184E-03
   1.8203E-01   -2.4204E-03
   1.8332E-01   -2.4300E-03
   1.8461E-01   -2.4479E-03
   1.8590E-01   -2.4741E-03
   1.8719E-01   -2.5065E-03
   1.8848E-01   -2.5410E-03
   1.8977E-01   -2.5742E-03
   1.9107E-01   -2.6017E-03
   1.9236E-01   -2.6210E-03
   1.9365E-01   -2.6318E-03
   1.9494E-01   -2.6345E-03
   1.9623E-01   -2.6326E-03
   1.9752E-01   -2.6297E-03
   1.9881E-01   -2.6298E-03
   2.0010E-01   -2.6369E-03
   2.0139E-01   -2.6522E-03
   2.0268E-01   -2.6763E-03
   2.0397E-01   -2.7074E-03
   2.0527E-01   -2.7414E-03
   2.0656E-01   -2.7750E-03
   2.0785E-01   -2.8036E-03
   2.0914E-01   -2.8243E-03
   2.1043E-01   -2.8362E-03
   2.1172E-01   -2.8397E-03
   2.1301E-01   -2.8379E-03
   2.1430E-01   -2.8344E-03
   2.1559E-01   -2.8335E-03
   2.1688E-01   -2.8392E-03
   2.1818E-01   -2.8532E-03
   2.1947E-01   -2.8762E-03
   2.2076E-01   -2.9065E-03
   2.2205E-01   -2.9401E-03
   2.2334E-01   -2.9737E-03
   2.2463E-01   -3.0024E-03
   2.2592E-01   -3.0232E-03
   2.2721E-01   -3.0351E-03
   2.2850E-01   -3.0384E-03
   2.2979E-01   -3.0362E-03
   2.3109E-01   -3.0324E-03
   2.3238E-01   -3.0310E-03
   2.3367E-01   -3.0365E-03
   2.3496E-01   -3.0504E-03
   2.3625E-01   -3.0734E-03
   2.3754E-01   -3.1037E-03
   2.3883E-01   -3.1373E-03
   2.4012E-01   -3.1703E-03
   2.4141E-01   -3.1982E-03
   2.4270E-01   -3.2179E-03
   2.4400E-01   -3.2286E-03
   2.4529E-01   -3.2306E-03
   2.4658E-01   -3.2276E-03
   2.4787E-01   -3.2234E-03
   2.4916E-01   -3.2224E-03
   2.5045E-01   -3.2288E-03
   2.5174E-01   -3.2440E-03
   2.5303E-01   -3.2682E-03
   2.5432E-01   -3.2993E-03
   2.5561E-01   -3.3328E-03
   2.5691E-01   -3.3649E-03
   2.5820E-01   -3.3908E-03
   2.5949E-01   -3.4080E-03
   2.6078E-01   -3.4161E-03
   2.6207E-01   -3.4161E-03
   2.6336E-01   -3.4119E-03
   2.6465E-01   -3.4078E-03
   2.6594E-01   -3.4082E-03
   2.6723E-01   -3.4169E-03
   2.6852E-01   -3.4347E-03
   2.6981E-01   -3.4611E-03
   2.7111E-01   -3.4933E-03
   2.7240E-01   -3.5265E-03
   2.7369E-01   -3.5567E-03
   2.7498E-01   -3.5794E-03
   2.7627E-01   -3.5927E-03
   2.7756E-01   -3.5971E-03
   2.7885E-01   -3.5944E-03
   2.8014E-01   -3.5893E-03
   2.8143E-01   -3.5863E-03
   2.8272E-01   -3.5894E-03
   2.8402E-01   -3.6019E-03
   2.8531E-01   -3.6236E-03
   2.8660E-01   -3.6529E-03
   2.8789E-01   -3.6861E-03
   2.8918E-01   -3.7180E-03
   2.9047E-01   -3.7447E-03
   2.9176E-01   -3.7624E-03
   2.9305E-01   -3.7704E-03
   2.9434E-01   -3.7704E-03
   2.9563E-01   -3.7653E-03
   2.9693E-01   -3.7604E-03
   2.9822E-01   -3.7602E-03
   2.9951E-01   -3.7680E-03
   3.0080E-01   -3.7859E-03
   3.0209E-01   -3.8122E-03
   3.0338E-01   -3.8441E-03
   3.0467E-01   -3.8770E-03
   3.0596E-01   -3.9057E-03
   3.0725E-01   -3.9267E-03
   3.0854E-01   -3.9378E-03
   3.0984E-01   -3.9397E-03
   3.1113E-01   -3.9356E-03
   3.1242E-01   -3.9295E-03
   3.1371E-01   -3.9271E-03
   3.1500E-01   -3.9321E-03
   3.1629E-01   -3.9466E-03
   3.1758E-01   -3.9709E-03
   3.1887E-01   -4.0014E-03
   3.2016E-01   -4.0343E-03
   3.2145E-01   -4.0643E-03
   3.2275E-01   -4.0869E-03
   3.2404E-01   -4.1001E-03
   3.2533E-01   -4.1033E-03
   3.2662E-01   -4.0996E-03
   3.2791E-01   -4.0934E-03
   3.2920E-01   -4.0894E-03
   3.3049E-01   -4.0928E-03
   3.3178E-01   -4.1056E-03
   3.3307E-01   -4.1280E-03
   3.3436E-01   -4.1580E-03
   3.3565E-01   -4.1905E-03
   3.3695E-01   -4.2210E-03
   3.3824E-01   -4.2444E-03
   3.3953E-01   -4.2579E-03
   3.4082E-01   -4.2618E-03
   3.4211E-01   -4.2580E-03
   3.4340E-01   -4.2513E-03
   3.4469E-01   -4.2470E-03
   3.4598E-01   -4.2494E-03
   3.4727E-01   -4.2619E-03
   3.4856E-01   -4.2840E-03
   3.4986E-01   -4.3135E-03
   3.5115E-01   -4.3462E-03
   3.5244E-01   -4.3760E-03
   3.5373E-01   -4.3991E-03
   3.5502E-01   -4.4121E-03
   3.5631E-01   -4.4151E-03
   3.5760E-01   -4.4109E-03
   3.5889E-01   -4.4037E-03
   3.6018E-01   -4.3995E-03
   3.6147E-01   -4.4025E-03
   3.6277E-01   -4.4154E-03
   3.6406E-01   -4.4385E-03
   3.6535E-01   -4.4684E-03
   3.6664E-01   -4.5007E-03
   3.6793E-01   -4.5300E-03
   3.6922E-01   -4.5511E-03
   3.7051E-01   -4.5624E-03
   3.7180E-01   -4.5636E-03
   3.7309E-01   -4.5580E-03
   3.7438E-01   -4.5509E-03
   3.7568E-01   -4.5472E-03
   3.7697E-01   -4.5520E-03
   3.7826E-01   -4.5671E-03
   3.7955E-01   -4.5917E-03
   3.8084E-01   -4.6227E-03
   3.8213E-01   -4.6544E-03
   3.8342E-01   -4.6818E-03
   3.8471E-01   -4.7003E-03
   3.8600E-01   -4.7081E-03
   3.8729E-01   -4.7068E-03
   3.8858E-01   -4.6998E-03
   3.8988E-01   -4.6928E-03
   3.9117E-01   -4.6913E-03
   3.9246E-01   -4.6989E-03
   3.9375E-01   -4.7175E-03
   3.9504E-01   -4.7445E-03
   3.9633E-01   -4.7762E-03
   3.9762E-01   -4.8070E-03
   3.9891E-01   -4.8310E-03
   4.0020E-01   -4.8453E-03
   4.0149E-01   -4.8488E-03
   4.0279E-01   -4.8442E-03
   4.0408E-01   -4.8364E-03
   4.0537E-01   -4.8306E-03
   4.0666E-01   -4.8326E-03
   4.0795E-01   -4.8449E-03
   4.0924E-01   -4.8674E-03
   4.1053E-01   -4.8974E-03
   4.1182E-01   -4.9290E-03
   4.1311E-01   -4.9570E-03
   4.1440E-01   -4.9763E-03
   4.1570E-01   -4.9846E-03
   4.1699E-01   -4.9834E-03
   4.1828E-01   -4.9759E-03
   4.1957E-01   -4.9682E-03
   4.2086E-01   -4.9660E-03
   4.2215E-01   -4.9731E-03
   4.2344E-01   -4.9914E-03
   4.2473E-01   -5.0184E-03
   4.2602E-01   -5.0498E-03
   4.2731E-01   -5.0800E-03
   4.2861E-01   -5.1028E-03
   4.2990E-01   -5.1154E-03
   4.3119E-01   -5.1172E-03
   4.3248E-01   -5.1110E-03
   4.3377E-01   -5.1026E-03
   4.3506E-01   -5.0974E-03
   4.3635E-01   -5.1009E-03
   4.3764E-01   -5.1153E-03
   4.3893E-01   -5.1396E-03
   4.4022E-01   -5.1703E-03
   4.4152E-01   -5.2011E-03
   4.4281E-01   -5.2265E-03
   4.4410E-01   -5.2421E-03
   4.4539E-01   -5.2463E-03
   4.4668E-01   -5.2418E-03
   4.4797E-01   -5.2329E-03
   4.4926E-01   -5.2262E-03
   4.5055E-01   -5.2271E-03
   4.5184E-01   -5.2384E-03
   4.5313E-01   -5.2609E-03
   4.5442E-01   -5.2904E-03
   4.5572E-01   -5.3216E-03
   4.5701E-01   -5.3484E-03
   4.5830E-01   -5.3656E-03
   4.5959E-01   -5.3718E-03
   4.6088E-01   -5.3681E-03
   4.6217E-01   -5.3592E-03
   4.6346E-01   -5.3516E-03
   4.6475E-01   -5.3507E-03
   4.6604E-01   -5.3607E-03
   4.6733E-01   -5.3816E-03
   4.6863E-01   -5.4103E-03
   4.6992E-01   -5.4417E-03
   4.7121E-01   -5.4688E-03
   4.7250E-01   -5.4870E-03
   4.7379E-01   -5.4938E-03
   4.7508E-01   -5.4903E-03
   4.7637E-01   -5.4815E-03
   4.7766E-01   -5.4732E-03
   4.7895E-01   -5.4718E-03
   4.8024E-01   -5.4812E-03
   4.8154E-01   -5.5015E-03
   4.8283E-01   -5.5303E-03
   4.8412E-01   -5.5614E-03
   4.8541E-01   -5.5885E-03
   4.8670E-01   -5.6065E-03
   4.8799E-01   -5.6126E-03
   4.8928E-01   -5.6090E-03
   4.9057E-01   -5.5996E-03
   4.9186E-01   -5.5913E-03
   4.9315E-01   -5.5903E-03
   4.9445E-01   -5.5999E-03
   4.9574E-01   -5.6211E-03
   4.9703E-01   -5.6500E-03
   4.9832E-01   -5.6809E-03
   4.9961E-01   -5.7074E-03
   5.0090E-01   -5.7238E-03
   5.0219E-01   -5.7287E-03
   5.0348E-01   -5.7237E-03
   5.0477E-01   -5.7139E-03
   5.0606E-01   -5.7062E-03
   5.0736E-01   -5.7061E-03
   5.0865E-01   -5.7177E-03
   5.0994E-01   -5.7402E-03
   5.1123E-01   -5.7697E-03
   5.1252E-01   -5.8004E-03
   5.1381E-01   -5.8249E-03
   5.1510E-01   -5.8392E-03
   5.1639E-01   -5.8416E-03
   5.1768E-01   -5.8347E-03
   5.1897E-01   -5.8248E-03
   5.2026E-01   -5.8179E-03
   5.2156E-01   -5.8203E-03
   5.2285E-01   -5.8346E-03
   5.2414E-01   -5.8591E-03
   5.2543E-01   -5.8897E-03
   5.2672E-01   -5.9190E-03
   5.2801E-01   -5.9410E-03
   5.2930E-01   -5.9517E-03
   5.3059E-01   -5.9506E-03
   5.3188E-01   -5.9421E-03
   5.3317E-01   -5.9320E-03
   5.3447E-01   -5.9275E-03
   5.3576E-01   -5.9335E-03
   5.3705E-01   -5.9512E-03
   5.3834E-01   -5.9786E-03
   5.3963E-01   -6.0093E-03
   5.4092E-01   -6.0366E-03
   5.4221E-01   -6.0547E-03
   5.4350E-01   -6.0604E-03
   5.4479E-01   -6.0559E-03
   5.4608E-01   -6.0456E-03
   5.4738E-01   -6.0367E-03
   5.4867E-01   -6.0359E-03
   5.4996E-01   -6.0465E-03
   5.5125E-01   -6.0689E-03
   5.5254E-01   -6.0984E-03
   5.5383E-01   -6.1283E-03
   5.5512E-01   -6.1521E-03
   5.5641E-01   -6.1644E-03
   5.5770E-01   -6.1649E-03
   5.5899E-01   -6.1566E-03
   5.6029E-01   -6.1458E-03
   5.6158E-01   -6.1402E-03
   5.6287E-01   -6.1444E-03
   5.6416E-01   -6.1612E-03
   5.6545E-01   -6.1877E-03
   5.6674E-01   -6.2182E-03
   5.6803E-01   -6.2458E-03
   5.6932E-01   -6.2636E-03
   5.7061E-01   -6.2693E-03
   5.7190E-01   -6.2642E-03
   5.7320E-01   -6.2534E-03
   5.7449E-01   -6.2445E-03
   5.7578E-01   -6.2437E-03
   5.7707E-01   -6.2551E-03
   5.7836E-01   -6.2780E-03
   5.7965E-01   -6.3075E-03
   5.8094E-01   -6.3372E-03
   5.8223E-01   -6.3592E-03
   5.8352E-01   -6.3696E-03
   5.8481E-01   -6.3681E-03
   5.8610E-01   -6.3583E-03
   5.8740E-01   -6.3478E-03
   5.8869E-01   -6.3432E-03
   5.8998E-01   -6.3500E-03
   5.9127E-01   -6.3692E-03
   5.9256E-01   -6.3971E-03
   5.9385E-01   -6.4275E-03
   5.9514E-01   -6.4525E-03
   5.9643E-01   -6.4667E-03
   5.9772E-01   -6.4685E-03
   5.9901E-01   -6.4603E-03
   6.0031E-01   -6.4491E-03
   6.0160E-01   -6.4419E-03
   6.0289E-01   -6.4451E-03
   6.0418E-01   -6.4610E-03
   6.0547E-01   -6.4870E-03
   6.0676E-01   -6.5175E-03
   6.0805E-01   -6.5444E-03
   6.0934E-01   -6.5614E-03
   6.1063E-01   -6.5660E-03
   6.1192E-01   -6.5593E-03
   6.1322E-01   -6.5480E-03
   6.1451E-01   -6.5392E-03
   6.1580E-01   -6.5397E-03
   6.1709E-01   -6.5531E-03
   6.1838E-01   -6.5773E-03
   6.1967E-01   -6.6075E-03
   6.2096E-01   -6.6355E-03
   6.2225E-01   -6.6544E-03
   6.2354E-01   -6.6609E-03
   6.2483E-01   -6.6555E-03
   6.2613E-01   -6.6443E-03
   6.2742E-01   -6.6345E-03
   6.2871E-01   -6.6333E-03
   6.3000E-01   -6.6448E-03
   6.3129E-01   -6.6679E-03
   6.3258E-01   -6.6977E-03
   6.3387E-01   -6.7262E-03
   6.3516E-01   -6.7462E-03
   6.3645E-01   -6.7538E-03
   6.3774E-01   -6.7492E-03
   6.3904E-01   -6.7380E-03
   6.4033E-01   -6.7276E-03
   6.4162E-01   -6.7254E-03
   6.4291E-01   -6.7361E-03
   6.4420E-01   -6.7585E-03
   6.4549E-01   -6.7881E-03
   6.4678E-01   -6.8168E-03
   6.4807E-01   -6.8370E-03
   6.4936E-01   -6.8449E-03
   6.5065E-01   -6.8403E-03
   6.5194E-01   -6.8290E-03
   6.5324E-01   -6.8184E-03
   6.5453E-01   -6.8161E-03
   6.5582E-01   -6.8267E-03
   6.5711E-01   -6.8491E-03
   6.5840E-01   -6.8787E-03
   6.5969E-01   -6.9072E-03
   6.6098E-01   -6.9270E-03
   6.6227E-01   -6.9342E-03
   6.6356E-01   -6.9290E-03
   6.6485E-01   -6.9174E-03
   6.6615E-01   -6.9069E-03
   6.6744E-01   -6.9052E-03
   6.6873E-01   -6.9166E-03
   6.7002E-01   -6.9397E-03
   6.7131E-01   -6.9695E-03
   6.7260E-01   -6.9974E-03
   6.7389E-01   -7.0160E-03
   6.7518E-01   -7.0218E-03
   6.7647E-01   -7.0153E-03
   6.7776E-01   -7.0032E-03
   6.7906E-01   -6.9933E-03
   6.8035E-01   -6.9930E-03
   6.8164E-01   -7.0062E-03
   6.8293E-01   -7.0305E-03
   6.8422E-01   -7.0605E-03
   6.8551E-01   -7.0874E-03
   6.8680E-01   -7.1039E-03
   6.8809E-01   -7.1073E-03
   6.8938E-01   -7.0992E-03
   6.9067E-01   -7.0867E-03
   6.9197E-01   -7.0780E-03
   6.9326E-01   -7.0800E-03
   6.9455E-01   -7.0957E-03
   6.9584E-01   -7.1217E-03
   6.9713E-01   -7.1517E-03
   6.9842E-01   -7.1768E-03
   6.9971E-01   -7.1904E-03
   7.0100E-01   -7.1907E-03
   7.0229E-01   -7.1806E-03
   7.0358E-01   -7.1682E-03
   7.0488E-01   -7.1615E-03
   7.0617E-01   -7.1668E-03
   7.0746E-01   -7.1856E-03
   7.0875E-01   -7.2134E-03
   7.1004E-01   -7.2429E-03
   7.1133E-01   -7.2652E-03
   7.1262E-01   -7.2748E-03
   7.1391E-01   -7.2715E-03
   7.1520E-01   -7.2595E-03
   7.1649E-01   -7.2479E-03
   7.1778E-01   -7.2444E-03
   7.1908E-01   -7.2539E-03
   7.2037E-01   -7.2764E-03
   7.2166E-01   -7.3055E-03
   7.2295E-01   -7.3335E-03
   7.2424E-01   -7.3518E-03
   7.2553E-01   -7.3566E-03
   7.2682E-01   -7.3494E-03
   7.2811E-01   -7.3363E-03
   7.2940E-01   -7.3268E-03
   7.3069E-01   -7.3276E-03
   7.3199E-01   -7.3422E-03
   7.3328E-01   -7.3682E-03
   7.3457E-01   -7.3978E-03
   7.3586E-01   -7.4228E-03
   7.3715E-01   -7.4358E-03
   7.3844E-01   -7.4351E-03
   7.3973E-01   -7.4245E-03
   7.4102E-01   -7.4115E-03
   7.4231E-01   -7.4056E-03
   7.4360E-01   -7.4122E-03
   7.4490E-01   -7.4322E-03
   7.4619E-01   -7.4609E-03
   7.4748E-01   -7.4894E-03
   7.4877E-01   -7.5096E-03
   7.5006E-01   -7.5161E-03
   7.5135E-01   -7.5099E-03
   7.5264E-01   -7.4970E-03
   7.5393E-01   -7.4861E-03
   7.5522E-01   -7.4858E-03
   7.5651E-01   -7.4990E-03
   7.5781E-01   -7.5241E-03
   7.5910E-01   -7.5539E-03
   7.6039E-01   -7.5789E-03
   7.6168E-01   -7.5926E-03
   7.6297E-01   -7.5918E-03
   7.6426E-01   -7.5810E-03
   7.6555E-01   -7.5680E-03
   7.6684E-01   -7.5616E-03
   7.6813E-01   -7.5685E-03
   7.6942E-01   -7.5887E-03
   7.7072E-01   -7.6174E-03
   7.7201E-01   -7.6457E-03
   7.7330E-01   -7.6647E-03
   7.7459E-01   -7.6702E-03
   7.7588E-01   -7.6627E-03
   7.7717E-01   -7.6493E-03
   7.7846E-01   -7.6391E-03
   7.7975E-01   -7.6398E-03
   7.8104E-01   -7.6550E-03
   7.8233E-01   -7.6810E-03
   7.8362E-01   -7.7106E-03
   7.8492E-01   -7.7341E-03
   7.8621E-01   -7.7448E-03
   7.8750E-01   -7.7418E-03
   7.8879E-01   -7.7293E-03
   7.9008E-01   -7.7168E-03
   7.9137E-01   -7.7128E-03
   7.9266E-01   -7.7226E-03
   7.9395E-01   -7.7456E-03
   7.9524E-01   -7.7748E-03
   7.9653E-01   -7.8014E-03
   7.9783E-01   -7.8168E-03
   7.9912E-01   -7.8178E-03
   8.0041E-01   -7.8077E-03
   8.0170E-01   -7.7938E-03
   8.0299E-01   -7.7863E-03
   8.0428E-01   -7.7915E-03
   8.0557E-01   -7.8107E-03
   8.0686E-01   -7.8391E-03
   8.0815E-01   -7.8672E-03
   8.0944E-01   -7.8866E-03
   8.1074E-01   -7.8915E-03
   8.1203E-01   -7.8837E-03
   8.1332E-01   -7.8699E-03
   8.1461E-01   -7.8595E-03
   8.1590E-01   -7.8611E-03
   8.1719E-01   -7.8768E-03
   8.1848E-01   -7.9036E-03
   8.1977E-01   -7.9328E-03
   8.2106E-01   -7.9547E-03
   8.2235E-01   -7.9633E-03
   8.2365E-01   -7.9578E-03
   8.2494E-01   -7.9444E-03
   8.2623E-01   -7.9325E-03
   8.2752E-01   -7.9307E-03
   8.2881E-01   -7.9437E-03
   8.3010E-01   -7.9685E-03
   8.3139E-01   -7.9980E-03
   8.3268E-01   -8.0221E-03
   8.3397E-01   -8.0332E-03
   8.3526E-01   -8.0302E-03
   8.3656E-01   -8.0173E-03
   8.3785E-01   -8.0044E-03
   8.3914E-01   -8.0004E-03
   8.4043E-01   -8.0106E-03
   8.4172E-01   -8.0342E-03
   8.4301E-01   -8.0633E-03
   8.4430E-01   -8.0889E-03
   8.4559E-01   -8.1021E-03
   8.4688E-01   -8.1007E-03
   8.4817E-01   -8.0888E-03
   8.4946E-01   -8.0749E-03
   8.5076E-01   -8.0695E-03
   8.5205E-01   -8.0779E-03
   8.5334E-01   -8.1000E-03
   8.5463E-01   -8.1292E-03
   8.5592E-01   -8.1553E-03
   8.5721E-01   -8.1702E-03
   8.5850E-01   -8.1699E-03
   8.5979E-01   -8.1585E-03
   8.6108E-01   -8.1445E-03
   8.6237E-01   -8.1377E-03
   8.6367E-01   -8.1451E-03
   8.6496E-01   -8.1663E-03
   8.6625E-01   -8.1953E-03
   8.6754E-01   -8.2220E-03
   8.6883E-01   -8.2373E-03
   8.7012E-01   -8.2380E-03
   8.7141E-01   -8.2267E-03
   8.7270E-01   -8.2125E-03
   8.7399E-01   -8.2054E-03
   8.7528E-01   -8.2120E-03
   8.7658E-01   -8.2330E-03
   8.7787E-01   -8.2617E-03
   8.7916E-01   -8.2886E-03
   8.8045E-01   -8.3042E-03
   8.8174E-01   -8.3047E-03
   8.8303E-01   -8.2936E-03
   8.8432E-01   -8.2791E-03
   8.8561E-01   -8.2721E-03
   8.8690E-01   -8.2788E-03
   8.8819E-01   -8.2998E-03
   8.8949E-01   -8.3289E-03
   8.9078E-01   -8.3553E-03
   8.9207E-01   -8.3706E-03
   8.9336E-01   -8.3706E-03
   8.9465E-01   -8.3590E-03
   8.9594E-01   -8.3447E-03
   8.9723E-01   -8.3379E-03
   8.9852E-01   -8.3456E-03
   8.9981E-01   -8.3671E-03
   9.0110E-01   -8.3962E-03
   9.0240E-01   -8.4223E-03
   9.0369E-01   -8.4363E-03
   9.0498E-01   -8.4353E-03
   9.0627E-01   -8.4229E-03
   9.0756E-01   -8.4088E-03
   9.0885E-01   -8.4031E-03
   9.1014E-01   -8.4120E-03
   9.1143E-01   -8.4349E-03
   9.1272E-01   -8.4639E-03
   9.1401E-01   -8.4891E-03
   9.1530E-01   -8.5014E-03
   9.1660E-01   -8.4986E-03
   9.1789E-01   -8.4855E-03
   9.1918E-01   -8.4716E-03
   9.2047E-01   -8.4677E-03
   9.2176E-01   -8.4785E-03
   9.2305E-01   -8.5027E-03
   9.2434E-01   -8.5321E-03
   9.2563E-01   -8.5555E-03
   9.2692E-01   -8.5656E-03
   9.2821E-01   -8.5604E-03
   9.2951E-01   -8.5464E-03
   9.3080E-01   -8.5336E-03
   9.3209E-01   -8.5317E-03
   9.3338E-01   -8.5454E-03
   9.3467E-01   -8.5710E-03
   9.3596E-01   -8.6000E-03
   9.3725E-01   -8.6221E-03
   9.3854E-01   -8.6304E-03
   9.3983E-01   -8.6245E-03
   9.4112E-01   -8.6108E-03
   9.4242E-01   -8.5994E-03
   9.4371E-01   -8.5994E-03
   9.4500E-01   -8.6143E-03
   9.4629E-01   -8.6403E-03
   9.4758E-01   -8.6679E-03
   9.4887E-01   -8.6904E-03
   9.5016E-01   -8.7014E-03
   9.5145E-01   -8.6989E-03
   9.5274E-01   -8.6890E-03
   9.5403E-01   -8.6784E-03
   9.5533E-01   -8.6772E-03
   9.5662E-01   -8.6888E-03
   9.5791E-01   -8.7106E-03
   9.5920E-01   -8.7365E-03
   9.6049E-01   -8.7582E-03
   9.6178E-01   -8.7715E-03
   9.6307E-01   -8.7723E-03
   9.6436E-01   -8.7651E-03
   9.6565E-01   -8.7563E-03
   9.6694E-01   -8.7535E-03
   9.6823E-01   -8.7627E-03
   9.6953E-01   -8.7811E-03
   9.7082E-01   -8.8045E-03
   9.7211E-01   -8.8264E-03
   9.7340E-01   -8.8406E-03
   9.7469E-01   -8.8447E-03
   9.7598E-01   -8.8402E-03
   9.7727E-01   -8.8326E-03
   9.7856E-01   -8.8295E-03
   9.7985E-01   -8.8356E-03
   9.8114E-01   -8.8516E-03
   9.8244E-01   -8.8727E-03
   9.8373E-01   -8.8940E-03
   9.8502E-01   -8.9098E-03
   9.8631E-01   -8.9159E-03
   9.8760E-01   -8.9143E-03
   9.8889E-01   -8.9080E-03
   9.9018E-01   -8.9045E-03
   9.9147E-01   -8.9090E-03
   9.9276E-01   -8.9219E-03
   9.9405E-01   -8.9414E-03
   9.9535E-01   -8.9617E-03
   9.9664E-01   -8.9783E-03
   9.9793E-01   -8.9894E-03
   9.9922E-01   -8.9936E-03
   1.0005E+00   -8.9930E-03
   1.0018E+00   -8.9916E-03
   1.0031E+00   -8.9930E-03
   1.0044E+00   -9.0008E-03
   1.0057E+00   -9.0141E-03
   1.0070E+00   -9.0326E-03
   1.0083E+00   -9.0526E-03
   1.0095E+00   -9.0695E-03
   1.0108E+00   -9.0816E-03
   1.0121E+00   -9.0867E-03
   1.0134E+00   -9.0869E-03
   1.0147E+00   -9.0858E-03
   1.0160E+00   -9.0865E-03
   1.0173E+00   -9.0934E-03
   1.0186E+00   -9.1057E-03
   1.0199E+00   -9.1234E-03
   1.0212E+00   -9.1432E-03
   1.0225E+00   -9.1601E-03
   1.0237E+00   -9.1728E-03
   1.0250E+00   -9.1787E-03
   1.0263E+00   -9.1794E-03
   1.0276E+00   -9.1786E-03
   1.0289E+00   -9.1792E-03
   1.0302E+00   -9.1856E-03
   1.0315E+00   -9.1973E-03
   1.0328E+00   -9.2141E-03
   1.0341E+00   -9.2336E-03
   1.0354E+00   -9.2502E-03
   1.0367E+00   -9.2630E-03
   1.0379E+00   -9.2693E-03
   1.0392E+00   -9.2701E-03
   1.0405E+00   -9.2698E-03
   1.0418E+00   -9.2703E-03
   1.0431E+00   -9.2765E-03
   1.0444E+00   -9.2880E-03
   1.0457E+00   -9.3043E-03
   1.0470E+00   -9.3234E-03
   1.0483E+00   -9.3399E-03
   1.0496E+00   -9.3524E-03
   1.0509E+00   -9.3589E-03
   1.0521E+00   -9.3598E-03
   1.0534E+00   -9.3596E-03
   1.0547E+00   -9.3603E-03
   1.0560E+00   -9.3663E-03
   1.0573E+00   -9.3780E-03
   1.0586E+00   -9.3941E-03
   1.0599E+00   -9.4129E-03
   1.0612E+00   -9.4292E-03
   1.0625E+00   -9.4411E-03
   1.0638E+00   -9.4474E-03
   1.0651E+00   -9.4482E-03
   1.0663E+00   -9.4480E-03
   1.0676E+00   -9.4492E-03
   1.0689E+00   -9.4554E-03
   1.0702E+00   -9.4674E-03
   1.0715E+00   -9.4835E-03
   1.0728E+00   -9.5018E-03
   1.0741E+00   -9.5176E-03
   1.0754E+00   -9.5287E-03
   1.0767E+00   -9.5345E-03
   1.0780E+00   -9.5352E-03
   1.0793E+00   -9.5349E-03
   1.0806E+00   -9.5367E-03
   1.0818E+00   -9.5432E-03
   1.0831E+00   -9.5558E-03
   1.0844E+00   -9.5723E-03
   1.0857E+00   -9.5902E-03
   1.0870E+00   -9.6057E-03
   1.0883E+00   -9.6158E-03
   1.0896E+00   -9.6206E-03
   1.0909E+00   -9.6210E-03
   1.0922E+00   -9.6205E-03
   1.0935E+00   -9.6230E-03
   1.0948E+00   -9.6303E-03
   1.0960E+00   -9.6436E-03
   1.0973E+00   -9.6605E-03
   1.0986E+00   -9.6779E-03
   1.0999E+00   -9.6927E-03
   1.1012E+00   -9.7016E-03
   1.1025E+00   -9.7052E-03
   1.1038E+00   -9.7053E-03
   1.1051E+00   -9.7049E-03
   1.1064E+00   -9.7082E-03
   1.1077E+00   -9.7167E-03
   1.1090E+00   -9.7307E-03
   1.1102E+00   -9.7482E-03
   1.1115E+00   -9.7650E-03
   1.1128E+00   -9.7785E-03
   1.1141E+00   -9.7861E-03
   1.1154E+00   -9.7884E-03
   1.1167E+00   -9.7881E-03
   1.1180E+00   -9.7882E-03
   1.1193E+00   -9.7928E-03
   1.1206E+00   -9.8028E-03
   1.1219E+00   -9.8178E-03
   1.1232E+00   -9.8355E-03
   1.1244E+00   -9.8514E-03
   1.1257E+00   -9.8633E-03
   1.1270E+00   -9.8693E-03
   1.1283E+00   -9.8703E-03
   1.1296E+00   -9.8699E-03
   1.1309E+00   -9.8709E-03
   1.1322E+00   -9.8770E-03
   1.1335E+00   -9.8886E-03
   1.1348E+00   -9.9046E-03
   1.1361E+00   -9.9220E-03
   1.1374E+00   -9.9368E-03
   1.1386E+00   -9.9467E-03
   1.1399E+00   -9.9508E-03
   1.1412E+00   -9.9509E-03
   1.1425E+00   -9.9507E-03
   1.1438E+00   -9.9532E-03
   1.1451E+00   -9.9612E-03
   1.1464E+00   -9.9746E-03
   1.1477E+00   -9.9913E-03
   1.1490E+00   -1.0008E-02
   1.1503E+00   -1.0021E-02
   1.1516E+00   -1.0029E-02
   1.1528E+00   -1.0031E-02
   1.1541E+00   -1.0030E-02
   1.1554E+00   -1.0031E-02
   1.1567E+00   -1.0035E-02
   1.1580E+00   -1.0045E-02
   1.1593E+00   -1.0060E-02
   1.1606E+00   -1.0077E-02
   1.1619E+00   -1.0093E-02
   1.1632E+00   -1.0104E-02
   1.1645E+00   -1.0109E-02
   1.1658E+00   -1.0109E-02
   1.1670E+00   -1.0109E-02
   1.1683E+00   -1.0110E-02
   1.1696E+00   -1.0117E-02
   1.1709E+00   -1.0130E-02
   1.1722E+00   -1.0146E-02
   1.1735E+00   -1.0163E-02
   1.1748E+00   -1.0176E-02
   1.1761E+00   -1.0184E-02
   1.1774E+00   -1.0187E-02
   1.1787E+00   -1.0186E-02
   1.1800E+00   -1.0186E-02
   1.1812E+00   -1.0190E-02
   1.1825E+00   -1.0200E-02
   1.1838E+00   -1.0214E-02
   1.1851E+00   -1.0231E-02
   1.1864E+00   -1.0246E-02
   1.1877E+00   -1.0257E-02
   1.1890E+00   -1.0262E-02
   1.1903E+00   -1.0262E-02
   1.1916E+00   -1.0262E-02
   1.1929E+00   -1.0264E-02
   1.1942E+00   -1.0270E-02
   1.1954E+00   -1.0283E-02
   1.1967E+00   -1.0299E-02
   1.1980E+00   -1.0315E-02
   1.1993E+00   -1.0328E-02
   1.2006E+00   -1.0335E-02
   1.2019E+00   -1.0338E-02
   1.2032E+00   -1.0337E-02
   1.2045E+00   -1.0337E-02
   1.2058E+00   -1.0342E-02
   1.2071E+00   -1.0352E-02
   1.2084E+00   -1.0366E-02
   1.2096E+00   -1.0383E-02
   1.2109E+00   -1.0397E-02
   1.2122E+00   -1.0407E-02
   1.2135E+00   -1.0411E-02
   1.2148E+00   -1.0411E-02
   1.2161E+00   -1.0411E-02
   1.2174E+00   -1.0413E-02
   1.2187E+00   -1.0421E-02
   1.2200E+00   -1.0434E-02
   1.2213E+00   -1.0450E-02
   1.2226E+00   -1.0466E-02
   1.2238E+00   -1.0477E-02
   1.2251E+00   -1.0483E-02
   1.2264E+00   -1.0484E-02
   1.2277E+00   -1.0483E-02
   1.2290E+00   -1.0484E-02
   1.2303E+00   -1.0490E-02
   1.2316E+00   -1.0502E-02
   1.2329E+00   -1.0517E-02
   1.2342E+00   -1.0533E-02
   1.2355E+00   -1.0546E-02
   1.2368E+00   -1.0554E-02
   1.2380E+00   -1.0556E-02
   1.2393E+00   -1.0555E-02
   1.2406E+00   -1.0555E-02
   1.2419E+00   -1.0560E-02
   1.2432E+00   -1.0569E-02
   1.2445E+00   -1.0584E-02
   1.2458E+00   -1.0600E-02
   1.2471E+00   -1.0614E-02
   1.2484E+00   -1.0623E-02
   1.2497E+00   -1.0626E-02
   1.2510E+00   -1.0626E-02
   1.2523E+00   -1.0626E-02
   1.2535E+00   -1.0629E-02
   1.2548E+00   -1.0637E-02
   1.2561E+00   -1.0650E-02
   1.2574E+00   -1.0666E-02
   1.2587E+00   -1.0680E-02
   1.2600E+00   -1.0691E-02
   1.2613E+00   -1.0696E-02
   1.2626E+00   -1.0696E-02
   1.2639E+00   -1.0695E-02
   1.2652E+00   -1.0697E-02
   1.2665E+00   -1.0704E-02
   1.2677E+00   -1.0716E-02
   1.2690E+00   -1.0732E-02
   1.2703E+00   -1.0747E-02
   1.2716E+00   -1.0758E-02
   1.2729E+00   -1.0764E-02
   1.2742E+00   -1.0765E-02
   1.2755E+00   -1.0764E-02
   1.2768E+00   -1.0765E-02
   1.2781E+00   -1.0771E-02
   1.2794E+00   -1.0782E-02
   1.2807E+00   -1.0797E-02
   1.2819E+00   -1.0813E-02
   1.2832E+00   -1.0825E-02
   1.2845E+00   -1.0831E-02
   1.2858E+00   -1.0833E-02
   1.2871E+00   -1.0832E-02
   1.2884E+00   -1.0833E-02
   1.2897E+00   -1.0838E-02
   1.2910E+00   -1.0848E-02
   1.2923E+00   -1.0863E-02
   1.2936E+00   -1.0878E-02
   1.2949E+00   -1.0891E-02
   1.2961E+00   -1.0898E-02
   1.2974E+00   -1.0900E-02
   1.2987E+00   -1.0900E-02
   1.3000E+00   -1.0900E-02
   1.3013E+00   -1.0904E-02
   1.3026E+00   -1.0914E-02
   1.3039E+00   -1.0928E-02
   1.3052E+00   -1.0943E-02
   1.3065E+00   -1.0956E-02
   1.3078E+00   -1.0964E-02
   1.3091E+00   -1.0966E-02
   1.3103E+00   -1.0966E-02
   1.3116E+00   -1.0966E-02
   1.3129E+00   -1.0970E-02
   1.3142E+00   -1.0979E-02
   1.3155E+00   -1.0993E-02
   1.3168E+00   -1.1008E-02
   1.3181E+00   -1.1021E-02
   1.3194E+00   -1.1029E-02
   1.3207E+00   -1.1031E-02
   1.3220E+00   -1.1031E-02
   1.3233E+00   -1.1031E-02
   1.3245E+00   -1.1035E-02
   1.3258E+00   -1.1044E-02
   1.3271E+00   -1.1057E-02
   1.3284E+00   -1.1072E-02
   1.3297E+00   -1.1085E-02
   1.3310E+00   -1.1093E-02
   1.3323E+00   -1.1096E-02
   1.3336E+00   -1.1095E-02
   1.3349E+00   -1.1095E-02
   1.3362E+00   -1.1099E-02
   1.3375E+00   -1.1108E-02
   1.3387E+00   -1.1121E-02
   1.3400E+00   -1.1136E-02
   1.3413E+00   -1.1149E-02
   1.3426E+00   -1.1157E-02
   1.3439E+00   -1.1159E-02
   1.3452E+00   -1.1159E-02
   1.3465E+00   -1.1159E-02
   1.3478E+00   -1.1163E-02
   1.3491E+00   -1.1172E-02
   1.3504E+00   -1.1185E-02
   1.3517E+00   -1.1200E-02
   1.3529E+00   -1.1212E-02
   1.3542E+00   -1.1220E-02
   1.3555E+00   -1.1222E-02
   1.3568E+00   -1.1221E-02
   1.3581E+00   -1.1221E-02
   1.3594E+00   -1.1226E-02
   1.3607E+00   -1.1235E-02
   1.3620E+00   -1.1249E-02
   1.3633E+00   -1.1263E-02
   1.3646E+00   -1.1275E-02
   1.3659E+00   -1.1282E-02
   1.3671E+00   -1.1283E-02
   1.3684E+00   -1.1283E-02
   1.3697E+00   -1.1283E-02
   1.3710E+00   -1.1288E-02
   1.3723E+00   -1.1298E-02
   1.3736E+00   -1.1312E-02
   1.3749E+00   -1.1326E-02
   1.3762E+00   -1.1337E-02
   1.3775E+00   -1.1343E-02
   1.3788E+00   -1.1344E-02
   1.3801E+00   -1.1343E-02
   1.3813E+00   -1.1344E-02
   1.3826E+00   -1.1350E-02
   1.3839E+00   -1.1360E-02
   1.3852E+00   -1.1374E-02
   1.3865E+00   -1.1388E-02
   1.3878E+00   -1.1398E-02
   1.3891E+00   -1.1403E-02
   1.3904E+00   -1.1404E-02
   1.3917E+00   -1.1403E-02
   1.3930E+00   -1.1405E-02
   1.3943E+00   -1.1411E-02
   1.3955E+00   -1.1422E-02
   1.3968E+00   -1.1436E-02
   1.3981E+00   -1.1450E-02
   1.3994E+00   -1.1459E-02
   1.4007E+00   -1.1463E-02
   1.4020E+00   -1.1463E-02
   1.4033E+00   -1.1462E-02
   1.4046E+00   -1.1465E-02
   1.4059E+00   -1.1472E-02
   1.4072E+00   -1.1484E-02
   1.4085E+00   -1.1498E-02
   1.4098E+00   -1.1510E-02
   1.4110E+00   -1.1518E-02
   1.4123E+00   -1.1521E-02
   1.4136E+00   -1.1521E-02
   1.4149E+00   -1.1521E-02
   1.4162E+00   -1.1524E-02
   1.4175E+00   -1.1533E-02
   1.4188E+00   -1.1546E-02
   1.4201E+00   -1.1559E-02
   1.4214E+00   -1.1571E-02
   1.4227E+00   -1.1577E-02
   1.4240E+00   -1.1579E-02
   1.4252E+00   -1.1578E-02
   1.4265E+00   -1.1579E-02
   1.4278E+00   -1.1584E-02
   1.4291E+00   -1.1593E-02
   1.4304E+00   -1.1607E-02
   1.4317E+00   -1.1620E-02
   1.4330E+00   -1.1630E-02
   1.4343E+00   -1.1635E-02
   1.4356E+00   -1.1636E-02
   1.4369E+00   -1.1635E-02
   1.4382E+00   -1.1637E-02
   1.4394E+00   -1.1643E-02
   1.4407E+00   -1.1654E-02
   1.4420E+00   -1.1668E-02
   1.4433E+00   -1.1680E-02
   1.4446E+00   -1.1689E-02
   1.4459E+00   -1.1692E-02
   1.4472E+00   -1.1692E-02
   1.4485E+00   -1.1691E-02
   1.4498E+00   -1.1694E-02
   1.4511E+00   -1.1702E-02
   1.4524E+00   -1.1715E-02
   1.4536E+00   -1.1728E-02
   1.4549E+00   -1.1740E-02
   1.4562E+00   -1.1746E-02
   1.4575E+00   -1.1748E-02
   1.4588E+00   -1.1747E-02
   1.4601E+00   -1.1748E-02
   1.4614E+00   -1.1752E-02
   1.4627E+00   -1.1762E-02
   1.4640E+00   -1.1775E-02
   1.4653E+00   -1.1788E-02
   1.4666E+00   -1.1798E-02
   1.4678E+00   -1.1802E-02
   1.4691E+00   -1.1803E-02
   1.4704E+00   -1.1802E-02
   1.4717E+00   -1.1804E-02
   1.4730E+00   -1.1811E-02
   1.4743E+00   -1.1822E-02
   1.4756E+00   -1.1836E-02
   1.4769E+00   -1.1847E-02
   1.4782E+00   -1.1855E-02
   1.4795E+00   -1.1857E-02
   1.4808E+00   -1.1857E-02
   1.4820E+00   -1.1857E-02
   1.4833E+00   -1.1861E-02
   1.4846E+00   -1.1869E-02
   1.4859E+00   -1.1882E-02
   1.4872E+00   -1.1895E-02
   1.4885E+00   -1.1905E-02
   1.4898E+00   -1.1910E-02
   1.4911E+00   -1.1911E-02
   1.4924E+00   -1.1910E-02
   1.4937E+00   -1.1911E-02
   1.4950E+00   -1.1917E-02
   1.4962E+00   -1.1928E-02
   1.4975E+00   -1.1941E-02
   1.4988E+00   -1.1953E-02
   1.5001E+00   -1.1961E-02
   1.5014E+00   -1.1964E-02
   1.5027E+00   -1.1963E-02
   1.5040E+00   -1.1963E-02
   1.5053E+00   -1.1966E-02
   1.5066E+00   -1.1975E-02
   1.5079E+00   -1.1987E-02
   1.5092E+00   -1.2000E-02
   1.5104E+00   -1.2010E-02
   1.5117E+00   -1.2015E-02
   1.5130E+00   -1.2016E-02
   1.5143E+00   -1.2015E-02
   1.5156E+00   -1.2016E-02
   1.5169E+00   -1.2022E-02
   1.5182E+00   -1.2033E-02
   1.5195E+00   -1.2046E-02
   1.5208E+00   -1.2057E-02
   1.5221E+00   -1.2065E-02
   1.5234E+00   -1.2067E-02
   1.5246E+00   -1.2066E-02
   1.5259E+00   -1.2066E-02
   1.5272E+00   -1.2070E-02
   1.5285E+00   -1.2078E-02
   1.5298E+00   -1.2091E-02
   1.5311E+00   -1.2103E-02
   1.5324E+00   -1.2113E-02
   1.5337E+00   -1.2117E-02
   1.5350E+00   -1.2118E-02
   1.5363E+00   -1.2117E-02
   1.5376E+00   -1.2119E-02
   1.5388E+00   -1.2125E-02
   1.5401E+00   -1.2136E-02
   1.5414E+00   -1.2148E-02
   1.5427E+00   -1.2160E-02
   1.5440E+00   -1.2167E-02
   1.5453E+00   -1.2169E-02
   1.5466E+00   -1.2169E-02
   1.5479E+00   -1.2169E-02
   1.5492E+00   -1.2173E-02
   1.5505E+00   -1.2181E-02
   1.5518E+00   -1.2193E-02
   1.5530E+00   -1.2206E-02
   1.5543E+00   -1.2215E-02
   1.5556E+00   -1.2219E-02
   1.5569E+00   -1.2220E-02
   1.5582E+00   -1.2220E-02
   1.5595E+00   -1.2222E-02
   1.5608E+00   -1.2228E-02
   1.5621E+00   -1.2239E-02
   1.5634E+00   -1.2251E-02
   1.5647E+00   -1.2263E-02
   1.5660E+00   -1.2269E-02
   1.5672E+00   -1.2272E-02
   1.5685E+00   -1.2271E-02
   1.5698E+00   -1.2272E-02
   1.5711E+00   -1.2276E-02
   1.5724E+00   -1.2284E-02
   1.5737E+00   -1.2297E-02
   1.5750E+00   -1.2309E-02
   1.5763E+00   -1.2318E-02
   1.5776E+00   -1.2322E-02
   1.5789E+00   -1.2323E-02
   1.5802E+00   -1.2323E-02
   1.5815E+00   -1.2324E-02
   1.5827E+00   -1.2331E-02
   1.5840E+00   -1.2342E-02
   1.5853E+00   -1.2354E-02
   1.5866E+00   -1.2365E-02
   1.5879E+00   -1.2372E-02
   1.5892E+00   -1.2374E-02
   1.5905E+00   -1.2373E-02
   1.5918E+00   -1.2374E-02
   1.5931E+00   -1.2378E-02
   1.5944E+00   -1.2387E-02
   1.5957E+00   -1.2399E-02
   1.5969E+00   -1.2411E-02
   1.5982E+00   -1.2420E-02
   1.5995E+00   -1.2424E-02
   1.6008E+00   -1.2424E-02
   1.6021E+00   -1.2423E-02
   1.6034E+00   -1.2426E-02
   1.6047E+00   -1.2433E-02
   1.6060E+00   -1.2444E-02
   1.6073E+00   -1.2456E-02
   1.6086E+00   -1.2466E-02
   1.6099E+00   -1.2472E-02
   1.6111E+00   -1.2474E-02
   1.6124E+00   -1.2473E-02
   1.6137E+00   -1.2474E-02
   1.6150E+00   -1.2478E-02
   1.6163E+00   -1.2488E-02
   1.6176E+00   -1.2500E-02
   1.6189E+00   -1.2512E-02
   1.6202E+00   -1.2521E-02
   1.6215E+00   -1.2524E-02
   1.6228E+00   -1.2524E-02
   1.6241E+00   -1.2524E-02
   1.6253E+00   -1.2526E-02
   1.6266E+00   -1.2533E-02
   1.6279E+00   -1.2544E-02
   1.6292E+00   -1.2557E-02
   1.6305E+00   -1.2567E-02
   1.6318E+00   -1.2573E-02
   1.6331E+00   -1.2575E-02
   1.6344E+00   -1.2574E-02
   1.6357E+00   -1.2575E-02
   1.6370E+00   -1.2579E-02
   1.6383E+00   -1.2589E-02
   1.6395E+00   -1.2601E-02
   1.6408E+00   -1.2613E-02
   1.6421E+00   -1.2621E-02
   1.6434E+00   -1.2624E-02
   1.6447E+00   -1.2624E-02
   1.6460E+00   -1.2624E-02
   1.6473E+00   -1.2626E-02
   1.6486E+00   -1.2634E-02
   1.6499E+00   -1.2645E-02
   1.6512E+00   -1.2657E-02
   1.6525E+00   -1.2667E-02
   1.6537E+00   -1.2673E-02
   1.6550E+00   -1.2674E-02
   1.6563E+00   -1.2673E-02
   1.6576E+00   -1.2674E-02
   1.6589E+00   -1.2679E-02
   1.6602E+00   -1.2689E-02
   1.6615E+00   -1.2701E-02
   1.6628E+00   -1.2712E-02
   1.6641E+00   -1.2720E-02
   1.6654E+00   -1.2723E-02
   1.6667E+00   -1.2722E-02
   1.6679E+00   -1.2722E-02
   1.6692E+00   -1.2725E-02
   1.6705E+00   -1.2733E-02
   1.6718E+00   -1.2744E-02
   1.6731E+00   -1.2757E-02
   1.6744E+00   -1.2766E-02
   1.6757E+00   -1.2770E-02
   1.6770E+00   -1.2771E-02
   1.6783E+00   -1.2770E-02
   1.6796E+00   -1.2772E-02
   1.6809E+00   -1.2778E-02
   1.6821E+00   -1.2788E-02
   1.6834E+00   -1.2800E-02
   1.6847E+00   -1.2811E-02
   1.6860E+00   -1.2817E-02
   1.6873E+00   -1.2819E-02
   1.6886E+00   -1.2818E-02
   1.6899E+00   -1.2818E-02
   1.6912E+00   -1.2823E-02
   1.6925E+00   -1.2832E-02
   1.6938E+00   -1.2844E-02
   1.6951E+00   -1.2855E-02
   1.6963E+00   -1.2863E-02
   1.6976E+00   -1.2866E-02
   1.6989E+00   -1.2865E-02
   1.7002E+00   -1.2865E-02
   1.7015E+00   -1.2868E-02
   1.7028E+00   -1.2876E-02
   1.7041E+00   -1.2887E-02
   1.7054E+00   -1.2899E-02
   1.7067E+00   -1.2908E-02
   1.7080E+00   -1.2913E-02
   1.7093E+00   -1.2913E-02
   1.7105E+00   -1.2912E-02
   1.7118E+00   -1.2914E-02
   1.7131E+00   -1.2920E-02
   1.7144E+00   -1.2931E-02
   1.7157E+00   -1.2943E-02
   1.7170E+00   -1.2953E-02
   1.7183E+00   -1.2958E-02
   1.7196E+00   -1.2959E-02
   1.7209E+00   -1.2959E-02
   1.7222E+00   -1.2960E-02
   1.7235E+00   -1.2965E-02
   1.7247E+00   -1.2974E-02
   1.7260E+00   -1.2986E-02
   1.7273E+00   -1.2997E-02
   1.7286E+00   -1.3004E-02
   1.7299E+00   -1.3006E-02
   1.7312E+00   -1.3005E-02
   1.7325E+00   -1.3005E-02
   1.7338E+00   -1.3009E-02
   1.7351E+00   -1.3018E-02
   1.7364E+00   -1.3029E-02
   1.7377E+00   -1.3040E-02
   1.7390E+00   -1.3048E-02
   1.7402E+00   -1.3051E-02
   1.7415E+00   -1.3050E-02
   1.7428E+00   -1.3050E-02
   1.7441E+00   -1.3053E-02
   1.7454E+00   -1.3061E-02
   1.7467E+00   -1.3072E-02
   1.7480E+00   -1.3084E-02
   1.7493E+00   -1.3092E-02
   1.7506E+00   -1.3096E-02
   1.7519E+00   -1.3096E-02
   1.7532E+00   -1.3095E-02
   1.7544E+00   -1.3097E-02
   1.7557E+00   -1.3104E-02
   1.7570E+00   -1.3115E-02
   1.7583E+00   -1.3127E-02
   1.7596E+00   -1.3136E-02
   1.7609E+00   -1.3140E-02
   1.7622E+00   -1.3141E-02
   1.7635E+00   -1.3140E-02
   1.7648E+00   -1.3141E-02
   1.7661E+00   -1.3148E-02
   1.7674E+00   -1.3158E-02
   1.7686E+00   -1.3170E-02
   1.7699E+00   -1.3179E-02
   1.7712E+00   -1.3185E-02
   1.7725E+00   -1.3185E-02
   1.7738E+00   -1.3184E-02
   1.7751E+00   -1.3186E-02
   1.7764E+00   -1.3191E-02
   1.7777E+00   -1.3201E-02
   1.7790E+00   -1.3213E-02
   1.7803E+00   -1.3223E-02
   1.7816E+00   -1.3229E-02
   1.7828E+00   -1.3230E-02
   1.7841E+00   -1.3229E-02
   1.7854E+00   -1.3230E-02
   1.7867E+00   -1.3235E-02
   1.7880E+00   -1.3244E-02
   1.7893E+00   -1.3256E-02
   1.7906E+00   -1.3266E-02
   1.7919E+00   -1.3272E-02
   1.7932E+00   -1.3274E-02
   1.7945E+00   -1.3273E-02
   1.7958E+00   -1.3273E-02
   1.7970E+00   -1.3278E-02
   1.7983E+00   -1.3287E-02
   1.7996E+00   -1.3299E-02
   1.8009E+00   -1.3309E-02
   1.8022E+00   -1.3316E-02
   1.8035E+00   -1.3317E-02
   1.8048E+00   -1.3316E-02
   1.8061E+00   -1.3317E-02
   1.8074E+00   -1.3321E-02
   1.8087E+00   -1.3330E-02
   1.8100E+00   -1.3342E-02
   1.8112E+00   -1.3352E-02
   1.8125E+00   -1.3359E-02
   1.8138E+00   -1.3360E-02
   1.8151E+00   -1.3360E-02
   1.8164E+00   -1.3360E-02
   1.8177E+00   -1.3364E-02
   1.8190E+00   -1.3373E-02
   1.8203E+00   -1.3385E-02
   1.8216E+00   -1.3395E-02
   1.8229E+00   -1.3401E-02
   1.8242E+00   -1.3403E-02
   1.8254E+00   -1.3402E-02
   1.8267E+00   -1.3403E-02
   1.8280E+00   -1.3407E-02
   1.8293E+00   -1.3416E-02
   1.8306E+00   -1.3428E-02
   1.8319E+00   -1.3438E-02
   1.8332E+00   -1.3444E-02
   1.8345E+00   -1.3446E-02
   1.8358E+00   -1.3445E-02
   1.8371E+00   -1.3445E-02
   1.8384E+00   -1.3449E-02
   1.8396E+00   -1.3458E-02
   1.8409E+00   -1.3470E-02
   1.8422E+00   -1.3480E-02
   1.8435E+00   -1.3486E-02
   1.8448E+00   -1.3487E-02
   1.8461E+00   -1.3486E-02
   1.8474E+00   -1.3487E-02
   1.8487E+00   -1.3492E-02
   1.8500E+00   -1.3501E-02
   1.8513E+00   -1.3512E-02
   1.8526E+00   -1.3522E-02
   1.8538E+00   -1.3528E-02
   1.8551E+00   -1.3529E-02
   1.8564E+00   -1.3528E-02
   1.8577E+00   -1.3528E-02
   1.8590E+00   -1.3533E-02
   1.8603E+00   -1.3543E-02
   1.8616E+00   -1.3554E-02
   1.8629E+00   -1.3564E-02
   1.8642E+00   -1.3569E-02
   1.8655E+00   -1.3570E-02
   1.8668E+00   -1.3569E-02
   1.8680E+00   -1.3570E-02
   1.8693E+00   -1.3575E-02
   1.8706E+00   -1.3585E-02
   1.8719E+00   -1.3597E-02
   1.8732E+00   -1.3606E-02
   1.8745E+00   -1.3610E-02
   1.8758E+00   -1.3611E-02
   1.8771E+00   -1.3610E-02
   1.8784E+00   -1.3611E-02
   1.8797E+00   -1.3617E-02
   1.8810E+00   -1.3627E-02
   1.8822E+00   -1.3639E-02
   1.8835E+00   -1.3647E-02
   1.8848E+00   -1.3651E-02
   1.8861E+00   -1.3651E-02
   1.8874E+00   -1.3650E-02
   1.8887E+00   -1.3653E-02
   1.8900E+00   -1.3659E-02
   1.8913E+00   -1.3670E-02
   1.8926E+00   -1.3681E-02
   1.8939E+00   -1.3689E-02
   1.8952E+00   -1.3692E-02
   1.8964E+00   -1.3692E-02
   1.8977E+00   -1.3691E-02
   1.8990E+00   -1.3694E-02
   1.9003E+00   -1.3702E-02
   1.9016E+00   -1.3712E-02
   1.9029E+00   -1.3723E-02
   1.9042E+00   -1.3730E-02
   1.9055E+00   -1.3733E-02
   1.9068E+00   -1.3732E-02
   1.9081E+00   -1.3731E-02
   1.9094E+00   -1.3735E-02
   1.9107E+00   -1.3743E-02
   1.9119E+00   -1.3755E-02
   1.9132E+00   -1.3765E-02
   1.9145E+00   -1.3771E-02
   1.9158E+00   -1.3773E-02
   1.9171E+00   -1.3772E-02
   1.9184E+00   -1.3772E-02
   1.9197E+00   -1.3777E-02
   1.9210E+00   -1.3786E-02
   1.9223E+00   -1.3797E-02
   1.9236E+00   -1.3806E-02
   1.9249E+00   -1.3811E-02
   1.9261E+00   -1.3812E-02
   1.9274E+00   -1.3811E-02
   1.9287E+00   -1.3812E-02
   1.9300E+00   -1.3818E-02
   1.9313E+00   -1.3828E-02
   1.9326E+00   -1.3839E-02
   1.9339E+00   -1.3847E-02
   1.9352E+00   -1.3851E-02
   1.9365E+00   -1.3851E-02
   1.9378E+00   -1.3850E-02
   1.9391E+00   -1.3853E-02
   1.9403E+00   -1.3860E-02
   1.9416E+00   -1.3870E-02
   1.9429E+00   -1.3881E-02
   1.9442E+00   -1.3888E-02
   1.9455E+00   -1.3891E-02
   1.9468E+00   -1.3890E-02
   1.9481E+00   -1.3890E-02
   1.9494E+00   -1.3894E-02
   1.9507E+00   -1.3902E-02
   1.9520E+00   -1.3912E-02
   1.9533E+00   -1.3923E-02
   1.9545E+00   -1.3928E-02
   1.9558E+00   -1.3930E-02
   1.9571E+00   -1.3929E-02
   1.9584E+00   -1.3930E-02
   1.9597E+00   -1.3935E-02
   1.9610E+00   -1.3944E-02
   1.9623E+00   -1.3955E-02
   1.9636E+00   -1.3964E-02
   1.9649E+00   -1.3968E-02
   1.9662E+00   -1.3969E-02
   1.9675E+00   -1.3968E-02
   1.9687E+00   -1.3970E-02
   1.9700E+00   -1.3976E-02
   1.9713E+00   -1.3985E-02
   1.9726E+00   -1.3996E-02
   1.9739E+00   -1.4004E-02
   1.9752E+00   -1.4006E-02
   1.9765E+00   -1.4007E-02
   1.9778E+00   -1.4006E-02
   1.9791E+00   -1.4010E-02
   1.9804E+00   -1.4017E-02
   1.9817E+00   -1.4027E-02
   1.9829E+00   -1.4037E-02
   1.9842E+00   -1.4043E-02
   1.9855E+00   -1.4045E-02
   1.9868E+00   -1.4044E-02
   1.9881E+00   -1.4045E-02
   1.9894E+00   -1.4050E-02
   1.9907E+00   -1.4059E-02
   1.9920E+00   -1.4069E-02
   1.9933E+00   -1.4078E-02
   1.9946E+00   -1.4082E-02
   1.9959E+00   -1.4083E-02
   1.9971E+00   -1.4082E-02
   1.9984E+00   -1.4084E-02
   1.9997E+00   -1.4091E-02
   2.0010E+00   -1.4100E-02
   2.0023E+00   -1.4108E-02
   2.0036E+00   -1.4108E-02
   2.0049E+00   -1.4102E-02
   2.0062E+00   -1.4093E-02
   2.0075E+00   -1.4091E-02
   2.0088E+00   -1.4097E-02
   2.0101E+00   -1.4106E-02
   2.0113E+00   -1.4110E-02
   2.0126E+00   -1.4105E-02
   2.0139E+00   -1.4097E-02
   2.0152E+00   -1.4092E-02
   2.0165E+00   -1.4096E-02
   2.0178E+00   -1.4104E-02
   2.0191E+00   -1.4109E-02
   2.0204E+00   -1.4108E-02
   2.0217E+00   -1.4100E-02
   2.0230E+00   -1.4094E-02
   2.0243E+00   -1.4094E-02
   2.0255E+00   -1.4101E-02
   2.0268E+00   -1.4108E-02
   2.0281E+00   -1.4109E-02
   2.0294E+00   -1.4104E-02
   2.0307E+00   -1.4097E-02
   2.0320E+00   -1.4095E-02
   2.0333E+00   -1.4100E-02
   2.0346E+00   -1.4107E-02
   2.0359E+00   -1.4111E-02
   2.0372E+00   -1.4107E-02
   2.0385E+00   -1.4100E-02
   2.0397E+00   -1.4096E-02
   2.0410E+00   -1.4099E-02
   2.0423E+00   -1.4106E-02
   2.0436E+00   -1.4111E-02
   2.0449E+00   -1.4110E-02
   2.0462E+00   -1.4104E-02
   2.0475E+00   -1.4098E-02
   2.0488E+00   -1.4098E-02
   2.0501E+00   -1.4104E-02
   2.0514E+00   -1.4110E-02
   2.0527E+00   -1.4112E-02
   2.0539E+00   -1.4107E-02
   2.0552E+00   -1.4101E-02
   2.0565E+00   -1.4099E-02
   2.0578E+00   -1.4103E-02
   2.0591E+00   -1.4110E-02
   2.0604E+00   -1.4113E-02
   2.0617E+00   -1.4110E-02
   2.0630E+00   -1.4104E-02
   2.0643E+00   -1.4101E-02
   2.0656E+00   -1.4102E-02
   2.0669E+00   -1.4108E-02
   2.0681E+00   -1.4113E-02
   2.0694E+00   -1.4113E-02
   2.0707E+00   -1.4108E-02
   2.0720E+00   -1.4103E-02
   2.0733E+00   -1.4102E-02
   2.0746E+00   -1.4107E-02
   2.0759E+00   -1.4113E-02
   2.0772E+00   -1.4114E-02
   2.0785E+00   -1.4111E-02
   2.0798E+00   -1.4105E-02
   2.0811E+00   -1.4103E-02
   2.0824E+00   -1.4106E-02
   2.0836E+00   -1.4112E-02
   2.0849E+00   -1.4115E-02
   2.0862E+00   -1.4113E-02
   2.0875E+00   -1.4108E-02
   2.0888E+00   -1.4104E-02
   2.0901E+00   -1.4106E-02
   2.0914E+00   -1.4111E-02
   2.0927E+00   -1.4116E-02
   2.0940E+00   -1.4115E-02
   2.0953E+00   -1.4111E-02
   2.0966E+00   -1.4106E-02
   2.0978E+00   -1.4106E-02
   2.0991E+00   -1.4110E-02
   2.1004E+00   -1.4116E-02
   2.1017E+00   -1.4117E-02
   2.1030E+00   -1.4113E-02
   2.1043E+00   -1.4108E-02
   2.1056E+00   -1.4106E-02
   2.1069E+00   -1.4110E-02
   2.1082E+00   -1.4115E-02
   2.1095E+00   -1.4118E-02
   2.1108E+00   -1.4116E-02
   2.1120E+00   -1.4111E-02
   2.1133E+00   -1.4108E-02
   2.1146E+00   -1.4109E-02
   2.1159E+00   -1.4114E-02
   2.1172E+00   -1.4118E-02
   2.1185E+00   -1.4118E-02
   2.1198E+00   -1.4114E-02
   2.1211E+00   -1.4109E-02
   2.1224E+00   -1.4109E-02
   2.1237E+00   -1.4114E-02
   2.1250E+00   -1.4118E-02
   2.1262E+00   -1.4120E-02
   2.1275E+00   -1.4116E-02
   2.1288E+00   -1.4112E-02
   2.1301E+00   -1.4110E-02
   2.1314E+00   -1.4113E-02
   2.1327E+00   -1.4118E-02
   2.1340E+00   -1.4121E-02
   2.1353E+00   -1.4119E-02
   2.1366E+00   -1.4114E-02
   2.1379E+00   -1.4111E-02
   2.1392E+00   -1.4113E-02
   2.1404E+00   -1.4117E-02
   2.1417E+00   -1.4121E-02
   2.1430E+00   -1.4121E-02
   2.1443E+00   -1.4117E-02
   2.1456E+00   -1.4113E-02
   2.1469E+00   -1.4113E-02
   2.1482E+00   -1.4117E-02
   2.1495E+00   -1.4121E-02
   2.1508E+00   -1.4122E-02
   2.1521E+00   -1.4119E-02
   2.1534E+00   -1.4115E-02
   2.1546E+00   -1.4113E-02
   2.1559E+00   -1.4116E-02
   2.1572E+00   -1.4121E-02
   2.1585E+00   -1.4123E-02
   2.1598E+00   -1.4121E-02
   2.1611E+00   -1.4117E-02
   2.1624E+00   -1.4114E-02
   2.1637E+00   -1.4116E-02
   2.1650E+00   -1.4120E-02
   2.1663E+00   -1.4124E-02
   2.1676E+00   -1.4123E-02
   2.1688E+00   -1.4119E-02
   2.1701E+00   -1.4115E-02
   2.1714E+00   -1.4115E-02
   2.1727E+00   -1.4119E-02
   2.1740E+00   -1.4123E-02
   2.1753E+00   -1.4124E-02
   2.1766E+00   -1.4121E-02
   2.1779E+00   -1.4117E-02
   2.1792E+00   -1.4116E-02
   2.1805E+00   -1.4118E-02
   2.1818E+00   -1.4123E-02
   2.1830E+00   -1.4125E-02
   2.1843E+00   -1.4123E-02
   2.1856E+00   -1.4119E-02
   2.1869E+00   -1.4116E-02
   2.1882E+00   -1.4117E-02
   2.1895E+00   -1.4122E-02
   2.1908E+00   -1.4125E-02
   2.1921E+00   -1.4124E-02
   2.1934E+00   -1.4120E-02
   2.1947E+00   -1.4117E-02
   2.1960E+00   -1.4117E-02
   2.1972E+00   -1.4120E-02
   2.1985E+00   -1.4124E-02
   2.1998E+00   -1.4125E-02
   2.2011E+00   -1.4122E-02
   2.2024E+00   -1.4118E-02
   2.2037E+00   -1.4116E-02
   2.2050E+00   -1.4119E-02
   2.2063E+00   -1.4123E-02
   2.2076E+00   -1.4125E-02
   2.2089E+00   -1.4123E-02
   2.2102E+00   -1.4119E-02
   2.2114E+00   -1.4116E-02
   2.2127E+00   -1.4118E-02
   2.2140E+00   -1.4122E-02
   2.2153E+00   -1.4125E-02
   2.2166E+00   -1.4124E-02
   2.2179E+00   -1.4120E-02
   2.2192E+00   -1.4117E-02
   2.2205E+00   -1.4117E-02
   2.2218E+00   -1.4121E-02
   2.2231E+00   -1.4125E-02
   2.2244E+00   -1.4125E-02
   2.2256E+00   -1.4122E-02
   2.2269E+00   -1.4118E-02
   2.2282E+00   -1.4117E-02
   2.2295E+00   -1.4120E-02
   2.2308E+00   -1.4124E-02
   2.2321E+00   -1.4125E-02
   2.2334E+00   -1.4123E-02
   2.2347E+00   -1.4119E-02
   2.2360E+00   -1.4116E-02
   2.2373E+00   -1.4118E-02
   2.2386E+00   -1.4123E-02
   2.2399E+00   -1.4125E-02
   2.2411E+00   -1.4124E-02
   2.2424E+00   -1.4120E-02
   2.2437E+00   -1.4117E-02
   2.2450E+00   -1.4117E-02
   2.2463E+00   -1.4121E-02
   2.2476E+00   -1.4125E-02
   2.2489E+00   -1.4125E-02
   2.2502E+00   -1.4121E-02
   2.2515E+00   -1.4118E-02
   2.2528E+00   -1.4117E-02
   2.2541E+00   -1.4120E-02
   2.2553E+00   -1.4124E-02
   2.2566E+00   -1.4126E-02
   2.2579E+00   -1.4123E-02
   2.2592E+00   -1.4119E-02
   2.2605E+00   -1.4117E-02
   2.2618E+00   -1.4119E-02
   2.2631E+00   -1.4123E-02
   2.2644E+00   -1.4126E-02
   2.2657E+00   -1.4124E-02
   2.2670E+00   -1.4120E-02
   2.2683E+00   -1.4117E-02
   2.2695E+00   -1.4118E-02
   2.2708E+00   -1.4122E-02
   2.2721E+00   -1.4125E-02
   2.2734E+00   -1.4125E-02
   2.2747E+00   -1.4121E-02
   2.2760E+00   -1.4118E-02
   2.2773E+00   -1.4117E-02
   2.2786E+00   -1.4120E-02
   2.2799E+00   -1.4124E-02
   2.2812E+00   -1.4126E-02
   2.2825E+00   -1.4123E-02
   2.2837E+00   -1.4118E-02
   2.2850E+00   -1.4117E-02
   2.2863E+00   -1.4119E-02
   2.2876E+00   -1.4123E-02
   2.2889E+00   -1.4126E-02
   2.2902E+00   -1.4124E-02
   2.2915E+00   -1.4119E-02
   2.2928E+00   -1.4117E-02
   2.2941E+00   -1.4118E-02
   2.2954E+00   -1.4122E-02
   2.2967E+00   -1.4125E-02
   2.2979E+00   -1.4124E-02
   2.2992E+00   -1.4121E-02
   2.3005E+00   -1.4117E-02
   2.3018E+00   -1.4117E-02
   2.3031E+00   -1.4120E-02
   2.3044E+00   -1.4124E-02
   2.3057E+00   -1.4125E-02
   2.3070E+00   -1.4122E-02
   2.3083E+00   -1.4117E-02
   2.3096E+00   -1.4116E-02
   2.3109E+00   -1.4118E-02
   2.3121E+00   -1.4123E-02
   2.3134E+00   -1.4125E-02
   2.3147E+00   -1.4123E-02
   2.3160E+00   -1.4118E-02
   2.3173E+00   -1.4116E-02
   2.3186E+00   -1.4117E-02
   2.3199E+00   -1.4121E-02
   2.3212E+00   -1.4124E-02
   2.3225E+00   -1.4123E-02
   2.3238E+00   -1.4119E-02
   2.3251E+00   -1.4116E-02
   2.3263E+00   -1.4116E-02
   2.3276E+00   -1.4120E-02
   2.3289E+00   -1.4123E-02
   2.3302E+00   -1.4124E-02
   2.3315E+00   -1.4121E-02
   2.3328E+00   -1.4117E-02
   2.3341E+00   -1.4115E-02
   2.3354E+00   -1.4118E-02
   2.3367E+00   -1.4122E-02
   2.3380E+00   -1.4124E-02
   2.3393E+00   -1.4122E-02
   2.3405E+00   -1.4118E-02
   2.3418E+00   -1.4115E-02
   2.3431E+00   -1.4117E-02
   2.3444E+00   -1.4121E-02
   2.3457E+00   -1.4124E-02
   2.3470E+00   -1.4123E-02
   2.3483E+00   -1.4119E-02
   2.3496E+00   -1.4116E-02
   2.3509E+00   -1.4116E-02
   2.3522E+00   -1.4120E-02
   2.3535E+00   -1.4124E-02
   2.3547E+00   -1.4124E-02
   2.3560E+00   -1.4121E-02
   2.3573E+00   -1.4117E-02
   2.3586E+00   -1.4116E-02
   2.3599E+00   -1.4119E-02
   2.3612E+00   -1.4123E-02
   2.3625E+00   -1.4125E-02
   2.3638E+00   -1.4123E-02
   2.3651E+00   -1.4118E-02
   2.3664E+00   -1.4116E-02
   2.3677E+00   -1.4118E-02
   2.3689E+00   -1.4122E-02
   2.3702E+00   -1.4125E-02
   2.3715E+00   -1.4124E-02
   2.3728E+00   -1.4120E-02
   2.3741E+00   -1.4117E-02
   2.3754E+00   -1.4117E-02
   2.3767E+00   -1.4121E-02
   2.3780E+00   -1.4125E-02
   2.3793E+00   -1.4125E-02
   2.3806E+00   -1.4122E-02
   2.3819E+00   -1.4118E-02
   2.3831E+00   -1.4117E-02
   2.3844E+00   -1.4120E-02
   2.3857E+00   -1.4124E-02
   2.3870E+00   -1.4126E-02
   2.3883E+00   -1.4124E-02
   2.3896E+00   -1.4120E-02
   2.3909E+00   -1.4117E-02
   2.3922E+00   -1.4119E-02
   2.3935E+00   -1.4123E-02
   2.3948E+00   -1.4126E-02
   2.3961E+00   -1.4125E-02
   2.3973E+00   -1.4122E-02
   2.3986E+00   -1.4118E-02
   2.3999E+00   -1.4118E-02
   2.4012E+00   -1.4121E-02
   2.4025E+00   -1.4125E-02
   2.4038E+00   -1.4126E-02
   2.4051E+00   -1.4123E-02
   2.4064E+00   -1.4119E-02
   2.4077E+00   -1.4118E-02
   2.4090E+00   -1.4120E-02
   2.4103E+00   -1.4124E-02
   2.4116E+00   -1.4126E-02
   2.4128E+00   -1.4124E-02
   2.4141E+00   -1.4121E-02
   2.4154E+00   -1.4118E-02
   2.4167E+00   -1.4119E-02
   2.4180E+00   -1.4123E-02
   2.4193E+00   -1.4126E-02
   2.4206E+00   -1.4125E-02
   2.4219E+00   -1.4122E-02
   2.4232E+00   -1.4119E-02
   2.4245E+00   -1.4119E-02
   2.4258E+00   -1.4122E-02
   2.4270E+00   -1.4125E-02
   2.4283E+00   -1.4126E-02
   2.4296E+00   -1.4124E-02
   2.4309E+00   -1.4120E-02
   2.4322E+00   -1.4119E-02
   2.4335E+00   -1.4121E-02
   2.4348E+00   -1.4124E-02
   2.4361E+00   -1.4126E-02
   2.4374E+00   -1.4125E-02
   2.4387E+00   -1.4122E-02
   2.4400E+00   -1.4119E-02
   2.4412E+00   -1.4120E-02
   2.4425E+00   -1.4123E-02
   2.4438E+00   -1.4126E-02
   2.4451E+00   -1.4126E-02
   2.4464E+00   -1.4123E-02
   2.4477E+00   -1.4120E-02
   2.4490E+00   -1.4120E-02
   2.4503E+00   -1.4122E-02
   2.4516E+00   -1.4126E-02
   2.4529E+00   -1.4127E-02
   2.4542E+00   -1.4125E-02
   2.4554E+00   -1.4121E-02
   2.4567E+00   -1.4120E-02
   2.4580E+00   -1.4121E-02
   2.4593E+00   -1.4125E-02
   2.4606E+00   -1.4127E-02
   2.4619E+00   -1.4126E-02
   2.4632E+00   -1.4122E-02
   2.4645E+00   -1.4120E-02
   2.4658E+00   -1.4121E-02
   2.4671E+00   -1.4123E-02
   2.4684E+00   -1.4126E-02
   2.4696E+00   -1.4126E-02
   2.4709E+00   -1.4124E-02
   2.4722E+00   -1.4121E-02
   2.4735E+00   -1.4120E-02
   2.4748E+00   -1.4122E-02
   2.4761E+00   -1.4125E-02
   2.4774E+00   -1.4126E-02
   2.4787E+00   -1.4124E-02
   2.4800E+00   -1.4121E-02
   2.4813E+00   -1.4120E-02
   2.4826E+00   -1.4121E-02
   2.4838E+00   -1.4124E-02
   2.4851E+00   -1.4126E-02
   2.4864E+00   -1.4125E-02
   2.4877E+00   -1.4122E-02
   2.4890E+00   -1.4120E-02
   2.4903E+00   -1.4120E-02
   2.4916E+00   -1.4122E-02
   2.4929E+00   -1.4125E-02
   2.4942E+00   -1.4125E-02
   2.4955E+00   -1.4123E-02
   2.4968E+00   -1.4120E-02
   2.4980E+00   -1.4119E-02
   2.4993E+00   -1.4121E-02
   2.5006E+00   -1.4124E-02
   2.5019E+00   -1.4125E-02
   2.5032E+00   -1.4123E-02
   2.5045E+00   -1.4120E-02
   2.5058E+00   -1.4118E-02
   2.5071E+00   -1.4119E-02
   2.5084E+00   -1.4122E-02
   2.5097E+00   -1.4124E-02
   2.5110E+00   -1.4123E-02
   2.5122E+00   -1.4120E-02
   2.5135E+00   -1.4118E-02
   2.5148E+00   -1.4118E-02
   2.5161E+00   -1.4120E-02
   2.5174E+00   -1.4123E-02
   2.5187E+00   -1.4123E-02
   2.5200E+00   -1.4121E-02
   2.5213E+00   -1.4118E-02
   2.5226E+00   -1.4117E-02
   2.5239E+00   -1.4119E-02
   2.5252E+00   -1.4121E-02
   2.5264E+00   -1.4122E-02
   2.5277E+00   -1.4121E-02
   2.5290E+00   -1.4118E-02
   2.5303E+00   -1.4116E-02
   2.5316E+00   -1.4117E-02
   2.5329E+00   -1.4120E-02
   2.5342E+00   -1.4122E-02
   2.5355E+00   -1.4121E-02
   2.5368E+00   -1.4119E-02
   2.5381E+00   -1.4116E-02
   2.5394E+00   -1.4116E-02
   2.5406E+00   -1.4119E-02
   2.5419E+00   -1.4121E-02
   2.5432E+00   -1.4122E-02
   2.5445E+00   -1.4119E-02
   2.5458E+00   -1.4117E-02
   2.5471E+00   -1.4116E-02
   2.5484E+00   -1.4118E-02
   2.5497E+00   -1.4121E-02
   2.5510E+00   -1.4122E-02
   2.5523E+00   -1.4120E-02
   2.5536E+00   -1.4118E-02
   2.5548E+00   -1.4116E-02
   2.5561E+00   -1.4117E-02
   2.5574E+00   -1.4120E-02
   2.5587E+00   -1.4122E-02
   2.5600E+00   -1.4121E-02
   2.5613E+00   -1.4119E-02
   2.5626E+00   -1.4117E-02
   2.5639E+00   -1.4117E-02
   2.5652E+00   -1.4119E-02
   2.5665E+00   -1.4122E-02
   2.5678E+00   -1.4122E-02
   2.5691E+00   -1.4120E-02
   2.5703E+00   -1.4118E-02
   2.5716E+00   -1.4117E-02
   2.5729E+00   -1.4119E-02
   2.5742E+00   -1.4122E-02
   2.5755E+00   -1.4123E-02
   2.5768E+00   -1.4122E-02
   2.5781E+00   -1.4119E-02
   2.5794E+00   -1.4118E-02
   2.5807E+00   -1.4119E-02
   2.5820E+00   -1.4122E-02
   2.5833E+00   -1.4124E-02
   2.5845E+00   -1.4124E-02
   2.5858E+00   -1.4121E-02
   2.5871E+00   -1.4119E-02
   2.5884E+00   -1.4120E-02
   2.5897E+00   -1.4122E-02
   2.5910E+00   -1.4125E-02
   2.5923E+00   -1.4125E-02
   2.5936E+00   -1.4123E-02
   2.5949E+00   -1.4121E-02
   2.5962E+00   -1.4120E-02
   2.5975E+00   -1.4122E-02
   2.5987E+00   -1.4125E-02
   2.6000E+00   -1.4127E-02
   2.6013E+00   -1.4125E-02
   2.6026E+00   -1.4123E-02
   2.6039E+00   -1.4121E-02
   2.6052E+00   -1.4123E-02
   2.6065E+00   -1.4126E-02
   2.6078E+00   -1.4128E-02
   2.6091E+00   -1.4127E-02
   2.6104E+00   -1.4125E-02
   2.6117E+00   -1.4123E-02
   2.6129E+00   -1.4123E-02
   2.6142E+00   -1.4125E-02
   2.6155E+00   -1.4128E-02
   2.6168E+00   -1.4128E-02
   2.6181E+00   -1.4126E-02
   2.6194E+00   -1.4124E-02
   2.6207E+00   -1.4123E-02
   2.6220E+00   -1.4125E-02
   2.6233E+00   -1.4128E-02
   2.6246E+00   -1.4129E-02
   2.6259E+00   -1.4128E-02
   2.6271E+00   -1.4125E-02
   2.6284E+00   -1.4124E-02
   2.6297E+00   -1.4125E-02
   2.6310E+00   -1.4128E-02
   2.6323E+00   -1.4130E-02
   2.6336E+00   -1.4129E-02
   2.6349E+00   -1.4127E-02
   2.6362E+00   -1.4124E-02
   2.6375E+00   -1.4125E-02
   2.6388E+00   -1.4127E-02
   2.6401E+00   -1.4130E-02
   2.6413E+00   -1.4130E-02
   2.6426E+00   -1.4128E-02
   2.6439E+00   -1.4125E-02
   2.6452E+00   -1.4125E-02
   2.6465E+00   -1.4127E-02
   2.6478E+00   -1.4129E-02
   2.6491E+00   -1.4131E-02
   2.6504E+00   -1.4129E-02
   2.6517E+00   -1.4126E-02
   2.6530E+00   -1.4125E-02
   2.6543E+00   -1.4126E-02
   2.6555E+00   -1.4129E-02
   2.6568E+00   -1.4131E-02
   2.6581E+00   -1.4130E-02
   2.6594E+00   -1.4127E-02
   2.6607E+00   -1.4125E-02
   2.6620E+00   -1.4126E-02
   2.6633E+00   -1.4128E-02
   2.6646E+00   -1.4130E-02
   2.6659E+00   -1.4131E-02
   2.6672E+00   -1.4128E-02
   2.6685E+00   -1.4126E-02
   2.6697E+00   -1.4125E-02
   2.6710E+00   -1.4127E-02
   2.6723E+00   -1.4130E-02
   2.6736E+00   -1.4131E-02
   2.6749E+00   -1.4129E-02
   2.6762E+00   -1.4127E-02
   2.6775E+00   -1.4125E-02
   2.6788E+00   -1.4127E-02
   2.6801E+00   -1.4129E-02
   2.6814E+00   -1.4131E-02
   2.6827E+00   -1.4130E-02
   2.6839E+00   -1.4128E-02
   2.6852E+00   -1.4126E-02
   2.6865E+00   -1.4126E-02
   2.6878E+00   -1.4129E-02
   2.6891E+00   -1.4131E-02
   2.6904E+00   -1.4131E-02
   2.6917E+00   -1.4129E-02
   2.6930E+00   -1.4127E-02
   2.6943E+00   -1.4126E-02
   2.6956E+00   -1.4128E-02
   2.6969E+00   -1.4131E-02
   2.6981E+00   -1.4132E-02
   2.6994E+00   -1.4130E-02
   2.7007E+00   -1.4128E-02
   2.7020E+00   -1.4126E-02
   2.7033E+00   -1.4128E-02
   2.7046E+00   -1.4130E-02
   2.7059E+00   -1.4132E-02
   2.7072E+00   -1.4132E-02
   2.7085E+00   -1.4129E-02
   2.7098E+00   -1.4127E-02
   2.7111E+00   -1.4127E-02
   2.7123E+00   -1.4130E-02
   2.7136E+00   -1.4132E-02
   2.7149E+00   -1.4133E-02
   2.7162E+00   -1.4131E-02
   2.7175E+00   -1.4128E-02
   2.7188E+00   -1.4128E-02
   2.7201E+00   -1.4130E-02
   2.7214E+00   -1.4132E-02
   2.7227E+00   -1.4134E-02
   2.7240E+00   -1.4132E-02
   2.7253E+00   -1.4130E-02
   2.7265E+00   -1.4128E-02
   2.7278E+00   -1.4129E-02
   2.7291E+00   -1.4132E-02
   2.7304E+00   -1.4134E-02
   2.7317E+00   -1.4133E-02
   2.7330E+00   -1.4131E-02
   2.7343E+00   -1.4129E-02
   2.7356E+00   -1.4129E-02
   2.7369E+00   -1.4132E-02
   2.7382E+00   -1.4134E-02
   2.7395E+00   -1.4134E-02
   2.7408E+00   -1.4132E-02
   2.7420E+00   -1.4130E-02
   2.7433E+00   -1.4129E-02
   2.7446E+00   -1.4131E-02
   2.7459E+00   -1.4134E-02
   2.7472E+00   -1.4135E-02
   2.7485E+00   -1.4134E-02
   2.7498E+00   -1.4131E-02
   2.7511E+00   -1.4130E-02
   2.7524E+00   -1.4131E-02
   2.7537E+00   -1.4134E-02
   2.7550E+00   -1.4135E-02
   2.7562E+00   -1.4135E-02
   2.7575E+00   -1.4133E-02
   2.7588E+00   -1.4131E-02
   2.7601E+00   -1.4131E-02
   2.7614E+00   -1.4133E-02
   2.7627E+00   -1.4135E-02
   2.7640E+00   -1.4136E-02
   2.7653E+00   -1.4134E-02
   2.7666E+00   -1.4132E-02
   2.7679E+00   -1.4131E-02
   2.7692E+00   -1.4133E-02
   2.7704E+00   -1.4135E-02
   2.7717E+00   -1.4136E-02
   2.7730E+00   -1.4135E-02
   2.7743E+00   -1.4133E-02
   2.7756E+00   -1.4132E-02
   2.7769E+00   -1.4133E-02
   2.7782E+00   -1.4135E-02
   2.7795E+00   -1.4137E-02
   2.7808E+00   -1.4137E-02
   2.7821E+00   -1.4134E-02
   2.7834E+00   -1.4133E-02
   2.7846E+00   -1.4133E-02
   2.7859E+00   -1.4135E-02
   2.7872E+00   -1.4137E-02
   2.7885E+00   -1.4138E-02
   2.7898E+00   -1.4136E-02
   2.7911E+00   -1.4134E-02
   2.7924E+00   -1.4134E-02
   2.7937E+00   -1.4135E-02
   2.7950E+00   -1.4138E-02
   2.7963E+00   -1.4139E-02
   2.7976E+00   -1.4138E-02
   2.7988E+00   -1.4136E-02
   2.8001E+00   -1.4135E-02
   2.8014E+00   -1.4136E-02
   2.8027E+00   -1.4138E-02
   2.8040E+00   -1.4140E-02
   2.8053E+00   -1.4140E-02
   2.8066E+00   -1.4138E-02
   2.8079E+00   -1.4136E-02
   2.8092E+00   -1.4137E-02
   2.8105E+00   -1.4139E-02
   2.8118E+00   -1.4141E-02
   2.8130E+00   -1.4142E-02
   2.8143E+00   -1.4140E-02
   2.8156E+00   -1.4138E-02
   2.8169E+00   -1.4138E-02
   2.8182E+00   -1.4140E-02
   2.8195E+00   -1.4142E-02
   2.8208E+00   -1.4143E-02
   2.8221E+00   -1.4142E-02
   2.8234E+00   -1.4140E-02
   2.8247E+00   -1.4139E-02
   2.8260E+00   -1.4141E-02
   2.8272E+00   -1.4143E-02
   2.8285E+00   -1.4145E-02
   2.8298E+00   -1.4144E-02
   2.8311E+00   -1.4142E-02
   2.8324E+00   -1.4141E-02
   2.8337E+00   -1.4141E-02
   2.8350E+00   -1.4144E-02
   2.8363E+00   -1.4145E-02
   2.8376E+00   -1.4146E-02
   2.8389E+00   -1.4144E-02
   2.8402E+00   -1.4142E-02
   2.8414E+00   -1.4142E-02
   2.8427E+00   -1.4144E-02
   2.8440E+00   -1.4146E-02
   2.8453E+00   -1.4147E-02
   2.8466E+00   -1.4145E-02
   2.8479E+00   -1.4144E-02
   2.8492E+00   -1.4143E-02
   2.8505E+00   -1.4144E-02
   2.8518E+00   -1.4146E-02
   2.8531E+00   -1.4147E-02
   2.8544E+00   -1.4147E-02
   2.8556E+00   -1.4145E-02
   2.8569E+00   -1.4144E-02
   2.8582E+00   -1.4144E-02
   2.8595E+00   -1.4146E-02
   2.8608E+00   -1.4147E-02
   2.8621E+00   -1.4148E-02
   2.8634E+00   -1.4146E-02
   2.8647E+00   -1.4144E-02
   2.8660E+00   -1.4144E-02
   2.8673E+00   -1.4146E-02
   2.8686E+00   -1.4147E-02
   2.8698E+00   -1.4148E-02
   2.8711E+00   -1.4147E-02
   2.8724E+00   -1.4145E-02
   2.8737E+00   -1.4145E-02
   2.8750E+00   -1.4145E-02
   2.8763E+00   -1.4147E-02
   2.8776E+00   -1.4149E-02
   2.8789E+00   -1.4148E-02
   2.8802E+00   -1.4147E-02
   2.8815E+00   -1.4145E-02
   2.8828E+00   -1.4146E-02
   2.8840E+00   -1.4147E-02
   2.8853E+00   -1.4149E-02
   2.8866E+00   -1.4149E-02
   2.8879E+00   -1.4148E-02
   2.8892E+00   -1.4146E-02
   2.8905E+00   -1.4146E-02
   2.8918E+00   -1.4147E-02
   2.8931E+00   -1.4149E-02
   2.8944E+00   -1.4150E-02
   2.8957E+00   -1.4149E-02
   2.8970E+00   -1.4147E-02
   2.8983E+00   -1.4146E-02
   2.8995E+00   -1.4147E-02
   2.9008E+00   -1.4149E-02
   2.9021E+00   -1.4150E-02
   2.9034E+00   -1.4150E-02
   2.9047E+00   -1.4149E-02
   2.9060E+00   -1.4147E-02
   2.9073E+00   -1.4148E-02
   2.9086E+00   -1.4150E-02
   2.9099E+00   -1.4151E-02
   2.9112E+00   -1.4151E-02
   2.9125E+00   -1.4150E-02
   2.9137E+00   -1.4149E-02
   2.9150E+00   -1.4148E-02
   2.9163E+00   -1.4150E-02
   2.9176E+00   -1.4152E-02
   2.9189E+00   -1.4152E-02
   2.9202E+00   -1.4151E-02
   2.9215E+00   -1.4150E-02
   2.9228E+00   -1.4149E-02
   2.9241E+00   -1.4150E-02
   2.9254E+00   -1.4152E-02
   2.9267E+00   -1.4153E-02
   2.9279E+00   -1.4153E-02
   2.9292E+00   -1.4151E-02
   2.9305E+00   -1.4150E-02
   2.9318E+00   -1.4150E-02
   2.9331E+00   -1.4152E-02
   2.9344E+00   -1.4154E-02
   2.9357E+00   -1.4154E-02
   2.9370E+00   -1.4152E-02
   2.9383E+00   -1.4151E-02
   2.9396E+00   -1.4151E-02
   2.9409E+00   -1.4152E-02
   2.9421E+00   -1.4154E-02
   2.9434E+00   -1.4154E-02
   2.9447E+00   -1.4153E-02
   2.9460E+00   -1.4152E-02
   2.9473E+00   -1.4151E-02
   2.9486E+00   -1.4152E-02
   2.9499E+00   -1.4154E-02
   2.9512E+00   -1.4155E-02
   2.9525E+00   -1.4154E-02
   2.9538E+00   -1.4152E-02
   2.9551E+00   -1.4151E-02
   2.9563E+00   -1.4152E-02
   2.9576E+00   -1.4154E-02
   2.9589E+00   -1.4155E-02
   2.9602E+00   -1.4155E-02
   2.9615E+00   -1.4153E-02
   2.9628E+00   -1.4152E-02
   2.9641E+00   -1.4152E-02
   2.9654E+00   -1.4154E-02
   2.9667E+00   -1.4155E-02
   2.9680E+00   -1.4156E-02
   2.9693E+00   -1.4154E-02
   2.9705E+00   -1.4153E-02
   2.9718E+00   -1.4152E-02
   2.9731E+00   -1.4154E-02
   2.9744E+00   -1.4155E-02
   2.9757E+00   -1.4156E-02
   2.9770E+00   -1.4156E-02
   2.9783E+00   -1.4154E-02
   2.9796E+00   -1.4153E-02
   2.9809E+00   -1.4154E-02
   2.9822E+00   -1.4156E-02
   2.9835E+00   -1.4157E-02
   2.9847E+00   -1.4157E-02
   2.9860E+00   -1.4155E-02
   2.9873E+00   -1.4154E-02
   2.9886E+00   -1.4155E-02
   2.9899E+00   -1.4156E-02
   2.9912E+00   -1.4158E-02
   2.9925E+00   -1.4158E-02
   2.9938E+00   -1.4157E-02
   2.9951E+00   -1.4156E-02
   2.9964E+00   -1.4155E-02
   2.9977E+00   -1.4157E-02
   2.9989E+00   -1.4159E-02
   3.0000E+00   -1.4159E-02
