Scalar STRAINXY under Modal for nodeset
189
   8.3926E-01
  0.0000E+00
  0.0000E+00
  0.0000E+00
  0.0000E+00
  0.0000E+00
  0.0000E+00
  0.0000E+00
  0.0000E+00
  0.0000E+00
 -3.6277E-02
  9.2891E-05
 -3.6277E-02
  9.2891E-05
  3.6463E-02
  9.2891E-05
 -3.6277E-02
  9.2891E-05
 -3.6277E-02
  6.9869E-02
 -4.9667E-04
  6.9869E-02
 -4.9667E-04
 -7.0862E-02
 -4.9667E-04
  6.9869E-02
 -4.9667E-04
  6.9869E-02
 -7.3836E-02
  6.1230E-04
 -7.3836E-02
  6.1230E-04
  7.5061E-02
  6.1230E-04
 -7.3836E-02
  6.1230E-04
 -7.3836E-02
  4.1544E-02
 -2.8010E-04
  4.1544E-02
 -2.8010E-04
 -4.2104E-02
 -2.8010E-04
  4.1544E-02
 -2.8010E-04
  4.1544E-02
  9.2103E-03
 -2.9536E-04
  9.2103E-03
 -2.9536E-04
 -9.8011E-03
 -2.9536E-04
  9.2103E-03
 -2.9536E-04
  9.2103E-03
 -4.7918E-02
  7.3273E-04
 -4.7918E-02
  7.3273E-04
  4.9383E-02
  7.3273E-04
 -4.7918E-02
  7.3273E-04
 -4.7918E-02
  5.1278E-02
 -7.3687E-04
  5.1278E-02
 -7.3687E-04
 -5.2752E-02
 -7.3687E-04
  5.1278E-02
 -7.3687E-04
  5.1278E-02
 -1.8414E-02
  2.9392E-04
 -1.8414E-02
  2.9392E-04
  1.9002E-02
  2.9392E-04
 -1.8414E-02
  2.9392E-04
 -1.8414E-02
 -2.8439E-02
  3.1905E-04
 -2.8439E-02
  3.1905E-04
  2.9077E-02
  3.1905E-04
 -2.8439E-02
  3.1905E-04
 -2.8439E-02
  5.8204E-02
 -7.1342E-04
  5.8204E-02
 -7.1342E-04
 -5.9631E-02
 -7.1342E-04
  5.8204E-02
 -7.1342E-04
  5.8204E-02
 -5.0976E-02
  6.4074E-04
 -5.0976E-02
  6.4074E-04
  5.2258E-02
  6.4074E-04
 -5.0976E-02
  6.4074E-04
 -5.0976E-02
  1.0817E-02
 -1.5388E-04
  1.0817E-02
 -1.5388E-04
 -1.1124E-02
 -1.5388E-04
  1.0817E-02
 -1.5388E-04
  1.0817E-02
  3.6928E-02
 -4.2656E-04
  3.6928E-02
 -4.2656E-04
 -3.7782E-02
 -4.2656E-04
  3.6928E-02
 -4.2656E-04
  3.6928E-02
 -6.2068E-02
  7.1876E-04
 -6.2068E-02
  7.1876E-04
  6.3506E-02
  7.1876E-04
 -6.2068E-02
  7.1876E-04
 -6.2068E-02
  4.9144E-02
 -5.2540E-04
  4.9144E-02
 -5.2540E-04
 -5.0195E-02
 -5.2540E-04
  4.9144E-02
 -5.2540E-04
  4.9144E-02
 -7.4985E-03
 -4.0794E-05
 -7.4985E-03
 -4.0794E-05
  7.4169E-03
 -4.0794E-05
 -7.4985E-03
 -4.0794E-05
 -7.4985E-03
 -3.4661E-02
  6.3477E-04
 -3.4661E-02
  6.3477E-04
  3.5931E-02
  6.3477E-04
 -3.4661E-02
  6.3477E-04
 -3.4661E-02
  4.8353E-02
 -9.1568E-04
  4.8353E-02
 -9.1568E-04
 -5.0184E-02
 -9.1568E-04
  4.8353E-02
 -9.1568E-04
  4.8353E-02
 -2.2332E-02
  8.0732E-04
 -2.2332E-02
  8.0732E-04
  2.3946E-02
  8.0732E-04
 -2.2332E-02
  8.0732E-04
 -2.2332E-02
 -3.0030E-02
 -6.7010E-04
 -3.0030E-02
 -6.7010E-04
  2.8690E-02
 -6.7010E-04
 -3.0030E-02
 -6.7010E-04
 -3.0030E-02
   8.4470E-01
  0.0000E+00
  0.0000E+00
  0.0000E+00
  0.0000E+00
  0.0000E+00
  0.0000E+00
  0.0000E+00
  0.0000E+00
  0.0000E+00
  2.2985E-02
  1.1793E-04
  2.2985E-02
  1.1793E-04
 -2.2750E-02
  1.1793E-04
  2.2985E-02
  1.1793E-04
  2.2985E-02
 -5.5693E-02
  2.1275E-04
 -5.5693E-02
  2.1275E-04
  5.6118E-02
  2.1275E-04
 -5.5693E-02
  2.1275E-04
 -5.5693E-02
  8.0229E-02
 -5.4067E-04
  8.0229E-02
 -5.4067E-04
 -8.1310E-02
 -5.4067E-04
  8.0229E-02
 -5.4067E-04
  8.0229E-02
 -8.2756E-02
  6.2865E-04
 -8.2756E-02
  6.2865E-04
  8.4013E-02
  6.2865E-04
 -8.2756E-02
  6.2865E-04
 -8.2756E-02
  5.9744E-02
 -4.1334E-04
  5.9744E-02
 -4.1334E-04
 -6.0570E-02
 -4.1334E-04
  5.9744E-02
 -4.1334E-04
  5.9744E-02
 -1.9511E-02
 -1.2899E-05
 -1.9511E-02
 -1.2899E-05
  1.9485E-02
 -1.2899E-05
 -1.9511E-02
 -1.2899E-05
 -1.9511E-02
 -2.1554E-02
  4.5789E-04
 -2.1554E-02
  4.5789E-04
  2.2470E-02
  4.5789E-04
 -2.1554E-02
  4.5789E-04
 -2.1554E-02
  4.6362E-02
 -7.1993E-04
  4.6362E-02
 -7.1993E-04
 -4.7802E-02
 -7.1993E-04
  4.6362E-02
 -7.1993E-04
  4.6362E-02
 -4.4807E-02
  6.7919E-04
 -4.4807E-02
  6.7919E-04
  4.6166E-02
  6.7919E-04
 -4.4807E-02
  6.7919E-04
 -4.4807E-02
  1.8312E-02
 -3.5156E-04
  1.8312E-02
 -3.5156E-04
 -1.9016E-02
 -3.5156E-04
  1.8312E-02
 -3.5156E-04
  1.8312E-02
  2.0773E-02
 -1.1840E-04
  2.0773E-02
 -1.1840E-04
 -2.1010E-02
 -1.1840E-04
  2.0773E-02
 -1.1840E-04
  2.0773E-02
 -5.4664E-02
  5.2202E-04
 -5.4664E-02
  5.2202E-04
  5.5708E-02
  5.2202E-04
 -5.4664E-02
  5.2202E-04
 -5.4664E-02
  6.8066E-02
 -6.7961E-04
  6.8066E-02
 -6.7961E-04
 -6.9425E-02
 -6.7961E-04
  6.8066E-02
 -6.7961E-04
  6.8066E-02
 -5.4991E-02
  5.2064E-04
 -5.4991E-02
  5.2064E-04
  5.6032E-02
  5.2064E-04
 -5.4991E-02
  5.2064E-04
 -5.4991E-02
  2.1435E-02
 -1.1490E-04
  2.1435E-02
 -1.1490E-04
 -2.1665E-02
 -1.1490E-04
  2.1435E-02
 -1.1490E-04
  2.1435E-02
  1.7291E-02
 -3.5961E-04
  1.7291E-02
 -3.5961E-04
 -1.8010E-02
 -3.5961E-04
  1.7291E-02
 -3.5961E-04
  1.7291E-02
 -4.3380E-02
  6.9911E-04
 -4.3380E-02
  6.9911E-04
  4.4779E-02
  6.9911E-04
 -4.3380E-02
  6.9911E-04
 -4.3380E-02
  4.4443E-02
 -7.7427E-04
  4.4443E-02
 -7.7427E-04
 -4.5992E-02
 -7.7427E-04
  4.4443E-02
 -7.7427E-04
  4.4443E-02
 -1.8966E-02
  6.1693E-04
 -1.8966E-02
  6.1693E-04
  2.0200E-02
  6.1693E-04
 -1.8966E-02
  6.1693E-04
 -1.8966E-02
 -2.3176E-02
 -4.9649E-04
 -2.3176E-02
 -4.9649E-04
  2.2183E-02
 -4.9649E-04
 -2.3176E-02
 -4.9649E-04
 -2.3176E-02
   8.4722E-01
  0.0000E+00
  0.0000E+00
  0.0000E+00
  0.0000E+00
  0.0000E+00
  0.0000E+00
  0.0000E+00
  0.0000E+00
  0.0000E+00
 -5.2024E-05
  1.4295E-04
 -5.2024E-05
  1.4295E-04
  3.3793E-04
  1.4295E-04
 -5.2024E-05
  1.4295E-04
 -5.2024E-05
 -5.8453E-03
 -1.5329E-04
 -5.8453E-03
 -1.5329E-04
  5.5387E-03
 -1.5329E-04
 -5.8453E-03
 -1.5329E-04
 -5.8453E-03
  1.7111E-02
  8.3536E-05
  1.7111E-02
  8.3536E-05
 -1.6944E-02
  8.3536E-05
  1.7111E-02
  8.3536E-05
  1.7111E-02
 -3.1273E-02
  2.5269E-05
 -3.1273E-02
  2.5269E-05
  3.1324E-02
  2.5269E-05
 -3.1273E-02
  2.5269E-05
 -3.1273E-02
  4.4830E-02
 -1.3115E-04
  4.4830E-02
 -1.3115E-04
 -4.5092E-02
 -1.3115E-04
  4.4830E-02
 -1.3115E-04
  4.4830E-02
 -5.4434E-02
  1.9702E-04
 -5.4434E-02
  1.9702E-04
  5.4828E-02
  1.9702E-04
 -5.4434E-02
  1.9702E-04
 -5.4434E-02
  5.8021E-02
 -2.0046E-04
  5.8021E-02
 -2.0046E-04
 -5.8422E-02
 -2.0046E-04
  5.8021E-02
 -2.0046E-04
  5.8021E-02
 -5.5494E-02
  1.4046E-04
 -5.5494E-02
  1.4046E-04
  5.5775E-02
  1.4046E-04
 -5.5494E-02
  1.4046E-04
 -5.5494E-02
  4.8758E-02
 -3.7456E-05
  4.8758E-02
 -3.7456E-05
 -4.8833E-02
 -3.7456E-05
  4.8758E-02
 -3.7456E-05
  4.8758E-02
 -4.1070E-02
 -7.3610E-05
 -4.1070E-02
 -7.3610E-05
  4.0923E-02
 -7.3610E-05
 -4.1070E-02
 -7.3610E-05
 -4.1070E-02
  3.5942E-02
  1.5510E-04
  3.5942E-02
  1.5510E-04
 -3.5632E-02
  1.5510E-04
  3.5942E-02
  1.5510E-04
  3.5942E-02
 -3.5952E-02
 -1.7934E-04
 -3.5952E-02
 -1.7934E-04
  3.5593E-02
 -1.7934E-04
 -3.5952E-02
 -1.7934E-04
 -3.5952E-02
  4.1875E-02
  1.3793E-04
  4.1875E-02
  1.3793E-04
 -4.1599E-02
  1.3793E-04
  4.1875E-02
  1.3793E-04
  4.1875E-02
 -5.2418E-02
 -4.4557E-05
 -5.2418E-02
 -4.4557E-05
  5.2329E-02
 -4.4557E-05
 -5.2418E-02
 -4.4557E-05
 -5.2418E-02
  6.4653E-02
 -6.9691E-05
  6.4653E-02
 -6.9691E-05
 -6.4792E-02
 -6.9691E-05
  6.4653E-02
 -6.9691E-05
  6.4653E-02
 -7.4997E-02
  1.6698E-04
 -7.4997E-02
  1.6698E-04
  7.5331E-02
  1.6698E-04
 -7.4997E-02
  1.6698E-04
 -7.4997E-02
  8.0417E-02
 -2.1615E-04
  8.0417E-02
 -2.1615E-04
 -8.0849E-02
 -2.1615E-04
  8.0417E-02
 -2.1615E-04
  8.0417E-02
 -7.9444E-02
  2.0528E-04
 -7.9444E-02
  2.0528E-04
  7.9854E-02
  2.0528E-04
 -7.9444E-02
  2.0528E-04
 -7.9444E-02
  7.2658E-02
 -1.5232E-04
  7.2658E-02
 -1.5232E-04
 -7.2963E-02
 -1.5232E-04
  7.2658E-02
 -1.5232E-04
  7.2658E-02
 -6.2462E-02
  1.1973E-04
 -6.2462E-02
  1.1973E-04
  6.2701E-02
  1.1973E-04
 -6.2462E-02
  1.1973E-04
 -6.2462E-02
   8.4812E-01
  0.0000E+00
  0.0000E+00
  0.0000E+00
  0.0000E+00
  0.0000E+00
  0.0000E+00
  0.0000E+00
  0.0000E+00
  0.0000E+00
  6.8432E-03
  2.1784E-04
  6.8432E-03
  2.1784E-04
 -6.4075E-03
  2.1784E-04
  6.8432E-03
  2.1784E-04
  6.8432E-03
 -2.4813E-02
 -1.1355E-04
 -2.4813E-02
 -1.1355E-04
  2.4586E-02
 -1.1355E-04
 -2.4813E-02
 -1.1355E-04
 -2.4813E-02
  4.8408E-02
 -1.2233E-04
  4.8408E-02
 -1.2233E-04
 -4.8653E-02
 -1.2233E-04
  4.8408E-02
 -1.2233E-04
  4.8408E-02
 -6.9967E-02
  3.6929E-04
 -6.9967E-02
  3.6929E-04
  7.0706E-02
  3.6929E-04
 -6.9967E-02
  3.6929E-04
 -6.9967E-02
  8.2006E-02
 -5.3759E-04
  8.2006E-02
 -5.3759E-04
 -8.3081E-02
 -5.3759E-04
  8.2006E-02
 -5.3759E-04
  8.2006E-02
 -7.9445E-02
  5.7054E-04
 -7.9445E-02
  5.7054E-04
  8.0586E-02
  5.7054E-04
 -7.9445E-02
  5.7054E-04
 -7.9445E-02
  6.1132E-02
 -4.5342E-04
  6.1132E-02
 -4.5342E-04
 -6.2039E-02
 -4.5342E-04
  6.1132E-02
 -4.5342E-04
  6.1132E-02
 -3.0234E-02
  2.1547E-04
 -3.0234E-02
  2.1547E-04
  3.0665E-02
  2.1547E-04
 -3.0234E-02
  2.1547E-04
 -3.0234E-02
 -6.6096E-03
  7.9241E-05
 -6.6096E-03
  7.9241E-05
  6.7681E-03
  7.9241E-05
 -6.6096E-03
  7.9241E-05
 -6.6096E-03
  4.1131E-02
 -3.5031E-04
  4.1131E-02
 -3.5031E-04
 -4.1831E-02
 -3.5031E-04
  4.1131E-02
 -3.5031E-04
  4.1131E-02
 -6.5743E-02
  5.2414E-04
 -6.5743E-02
  5.2414E-04
  6.6791E-02
  5.2414E-04
 -6.5743E-02
  5.2414E-04
 -6.5743E-02
  7.5655E-02
 -5.5500E-04
  7.5655E-02
 -5.5500E-04
 -7.6765E-02
 -5.5500E-04
  7.5655E-02
 -5.5500E-04
  7.5655E-02
 -7.0182E-02
  4.3809E-04
 -7.0182E-02
  4.3809E-04
  7.1058E-02
  4.3809E-04
 -7.0182E-02
  4.3809E-04
 -7.0182E-02
  5.2875E-02
 -2.1071E-04
  5.2875E-02
 -2.1071E-04
 -5.3296E-02
 -2.1071E-04
  5.2875E-02
 -2.1071E-04
  5.2875E-02
 -3.0442E-02
 -5.8745E-05
 -3.0442E-02
 -5.8745E-05
  3.0324E-02
 -5.8745E-05
 -3.0442E-02
 -5.8745E-05
 -3.0442E-02
  1.0762E-02
  2.9104E-04
  1.0762E-02
  2.9104E-04
 -1.0179E-02
  2.9104E-04
  1.0762E-02
  2.9104E-04
  1.0762E-02
 -5.7500E-04
 -4.2058E-04
 -5.7500E-04
 -4.2058E-04
 -2.6616E-04
 -4.2058E-04
 -5.7500E-04
 -4.2058E-04
 -5.7500E-04
  3.5183E-03
  4.1923E-04
  3.5183E-03
  4.1923E-04
 -2.6798E-03
  4.1923E-04
  3.5183E-03
  4.1923E-04
  3.5183E-03
 -1.9076E-02
 -3.1967E-04
 -1.9076E-02
 -3.1967E-04
  1.8436E-02
 -3.1967E-04
 -1.9076E-02
 -3.1967E-04
 -1.9076E-02
  4.2786E-02
  2.5399E-04
  4.2786E-02
  2.5399E-04
 -4.2278E-02
  2.5399E-04
  4.2786E-02
  2.5399E-04
  4.2786E-02
   8.4870E-01
  0.0000E+00
  0.0000E+00
  0.0000E+00
  0.0000E+00
  0.0000E+00
  0.0000E+00
  0.0000E+00
  0.0000E+00
  0.0000E+00
 -5.0863E-03
  8.7759E-05
 -5.0863E-03
  8.7759E-05
  5.2618E-03
  8.7759E-05
 -5.0863E-03
  8.7759E-05
 -5.0863E-03
  8.1780E-03
 -1.8334E-04
  8.1780E-03
 -1.8334E-04
 -8.5447E-03
 -1.8334E-04
  8.1780E-03
 -1.8334E-04
  8.1780E-03
 -6.0081E-03
  2.3313E-04
 -6.0081E-03
  2.3313E-04
  6.4744E-03
  2.3313E-04
 -6.0081E-03
  2.3313E-04
 -6.0081E-03
 -3.2214E-03
 -2.1039E-04
 -3.2214E-03
 -2.1039E-04
  2.8006E-03
 -2.1039E-04
 -3.2214E-03
 -2.1039E-04
 -3.2214E-03
  1.9249E-02
  1.1221E-04
  1.9249E-02
  1.1221E-04
 -1.9025E-02
  1.1221E-04
  1.9249E-02
  1.1221E-04
  1.9249E-02
 -3.9707E-02
  4.2638E-05
 -3.9707E-02
  4.2638E-05
  3.9792E-02
  4.2638E-05
 -3.9707E-02
  4.2638E-05
 -3.9707E-02
  6.0623E-02
 -2.1914E-04
  6.0623E-02
 -2.1914E-04
 -6.1062E-02
 -2.1914E-04
  6.0623E-02
 -2.1914E-04
  6.0623E-02
 -7.7360E-02
  3.7498E-04
 -7.7360E-02
  3.7498E-04
  7.8109E-02
  3.7498E-04
 -7.7360E-02
  3.7498E-04
 -7.7360E-02
  8.5740E-02
 -4.7116E-04
  8.5740E-02
 -4.7116E-04
 -8.6682E-02
 -4.7116E-04
  8.5740E-02
 -4.7116E-04
  8.5740E-02
 -8.3097E-02
  4.8179E-04
 -8.3097E-02
  4.8179E-04
  8.4061E-02
  4.8179E-04
 -8.3097E-02
  4.8179E-04
 -8.3097E-02
  6.8975E-02
 -4.0073E-04
  6.8975E-02
 -4.0073E-04
 -6.9777E-02
 -4.0073E-04
  6.8975E-02
 -4.0073E-04
  6.8975E-02
 -4.5298E-02
  2.4325E-04
 -4.5298E-02
  2.4325E-04
  4.5785E-02
  2.4325E-04
 -4.5298E-02
  2.4325E-04
 -4.5298E-02
  1.5977E-02
 -4.2541E-05
  1.5977E-02
 -4.2541E-05
 -1.6063E-02
 -4.2541E-05
  1.5977E-02
 -4.2541E-05
  1.5977E-02
  1.3964E-02
 -1.5837E-04
  1.3964E-02
 -1.5837E-04
 -1.4281E-02
 -1.5837E-04
  1.3964E-02
 -1.5837E-04
  1.3964E-02
 -3.9527E-02
  3.1708E-04
 -3.9527E-02
  3.1708E-04
  4.0161E-02
  3.1708E-04
 -3.9527E-02
  3.1708E-04
 -3.9527E-02
  5.6857E-02
 -4.0227E-04
  5.6857E-02
 -4.0227E-04
 -5.7661E-02
 -4.0227E-04
  5.6857E-02
 -4.0227E-04
  5.6857E-02
 -6.4073E-02
  4.0198E-04
 -6.4073E-02
  4.0198E-04
  6.4877E-02
  4.0198E-04
 -6.4073E-02
  4.0198E-04
 -6.4073E-02
  6.1607E-02
 -3.2861E-04
  6.1607E-02
 -3.2861E-04
 -6.2265E-02
 -3.2861E-04
  6.1607E-02
 -3.2861E-04
  6.1607E-02
 -5.1965E-02
  2.2331E-04
 -5.1965E-02
  2.2331E-04
  5.2411E-02
  2.2331E-04
 -5.1965E-02
  2.2331E-04
 -5.1965E-02
  3.8959E-02
 -1.6977E-04
  3.8959E-02
 -1.6977E-04
 -3.9299E-02
 -1.6977E-04
  3.8959E-02
 -1.6977E-04
  3.8959E-02
   8.5515E-01
  0.0000E+00
  0.0000E+00
  0.0000E+00
  0.0000E+00
  0.0000E+00
  0.0000E+00
  0.0000E+00
  0.0000E+00
  0.0000E+00
  9.5907E-05
 -6.8936E-06
  9.5907E-05
 -6.8936E-06
 -1.0969E-04
 -6.8936E-06
  9.5907E-05
 -6.8936E-06
  9.5907E-05
  3.5320E-05
  9.3965E-06
  3.5320E-05
  9.3965E-06
 -1.6527E-05
  9.3965E-06
  3.5320E-05
  9.3965E-06
  3.5320E-05
 -4.7342E-04
 -7.5729E-06
 -4.7342E-04
 -7.5729E-06
  4.5827E-04
 -7.5729E-06
 -4.7342E-04
 -7.5729E-06
 -4.7342E-04
  1.2480E-03
  5.5969E-07
  1.2480E-03
  5.5969E-07
 -1.2469E-03
  5.5969E-07
  1.2480E-03
  5.5969E-07
  1.2480E-03
 -2.3069E-03
  1.2517E-05
 -2.3069E-03
  1.2517E-05
  2.3319E-03
  1.2517E-05
 -2.3069E-03
  1.2517E-05
 -2.3069E-03
  3.4746E-03
 -3.1747E-05
  3.4746E-03
 -3.1747E-05
 -3.5380E-03
 -3.1747E-05
  3.4746E-03
 -3.1747E-05
  3.4746E-03
 -4.4106E-03
  5.5517E-05
 -4.4106E-03
  5.5517E-05
  4.5217E-03
  5.5517E-05
 -4.4106E-03
  5.5517E-05
 -4.4106E-03
  4.5866E-03
 -7.9493E-05
  4.5866E-03
 -7.9493E-05
 -4.7456E-03
 -7.9493E-05
  4.5866E-03
 -7.9493E-05
  4.5866E-03
 -3.3058E-03
  9.5746E-05
 -3.3058E-03
  9.5746E-05
  3.4973E-03
  9.5746E-05
 -3.3058E-03
  9.5746E-05
 -3.3058E-03
 -2.0274E-04
 -9.2407E-05
 -2.0274E-04
 -9.2407E-05
  1.7923E-05
 -9.2407E-05
 -2.0274E-04
 -9.2407E-05
 -2.0274E-04
  6.5848E-03
  5.4413E-05
  6.5848E-03
  5.4413E-05
 -6.4760E-03
  5.4413E-05
  6.5848E-03
  5.4413E-05
  6.5848E-03
 -1.6038E-02
  3.4026E-05
 -1.6038E-02
  3.4026E-05
  1.6106E-02
  3.4026E-05
 -1.6038E-02
  3.4026E-05
 -1.6038E-02
  2.7872E-02
 -1.8466E-04
  2.7872E-02
 -1.8466E-04
 -2.8241E-02
 -1.8466E-04
  2.7872E-02
 -1.8466E-04
  2.7872E-02
 -4.0003E-02
  3.9797E-04
 -4.0003E-02
  3.9797E-04
  4.0799E-02
  3.9797E-04
 -4.0003E-02
  3.9797E-04
 -4.0003E-02
  4.8514E-02
 -6.5415E-04
  4.8514E-02
 -6.5415E-04
 -4.9822E-02
 -6.5415E-04
  4.8514E-02
 -6.5415E-04
  4.8514E-02
 -4.7456E-02
  9.0467E-04
 -4.7456E-02
  9.0467E-04
  4.9265E-02
  9.0467E-04
 -4.7456E-02
  9.0467E-04
 -4.7456E-02
  2.9201E-02
 -1.0704E-03
  2.9201E-02
 -1.0704E-03
 -3.1342E-02
 -1.0704E-03
  2.9201E-02
 -1.0704E-03
  2.9201E-02
  1.4370E-02
  1.0602E-03
  1.4370E-02
  1.0602E-03
 -1.2250E-02
  1.0602E-03
  1.4370E-02
  1.0602E-03
  1.4370E-02
 -8.9567E-02
 -8.4559E-04
 -8.9567E-02
 -8.4559E-04
  8.7875E-02
 -8.4559E-04
 -8.9567E-02
 -8.4559E-04
 -8.9567E-02
  1.9744E-01
  6.9115E-04
  1.9744E-01
  6.9115E-04
 -1.9606E-01
  6.9115E-04
  1.9744E-01
  6.9115E-04
  1.9744E-01
   0.0000E+00
  0.0000E+00
  0.0000E+00
  0.0000E+00
  0.0000E+00
  0.0000E+00
  0.0000E+00
  0.0000E+00
  0.0000E+00
  0.0000E+00
  0.0000E+00
  0.0000E+00
  0.0000E+00
  0.0000E+00
  0.0000E+00
  0.0000E+00
  0.0000E+00
  0.0000E+00
  0.0000E+00
  0.0000E+00
  0.0000E+00
  0.0000E+00
  0.0000E+00
  0.0000E+00
  0.0000E+00
  0.0000E+00
  0.0000E+00
  0.0000E+00
  0.0000E+00
  0.0000E+00
  0.0000E+00
  0.0000E+00
  0.0000E+00
  0.0000E+00
  0.0000E+00
  0.0000E+00
  0.0000E+00
  0.0000E+00
  0.0000E+00
  0.0000E+00
  0.0000E+00
  0.0000E+00
  0.0000E+00
  0.0000E+00
  0.0000E+00
  0.0000E+00
  0.0000E+00
  0.0000E+00
  0.0000E+00
  0.0000E+00
  0.0000E+00
  0.0000E+00
  0.0000E+00
  0.0000E+00
  0.0000E+00
  0.0000E+00
  0.0000E+00
  0.0000E+00
  0.0000E+00
  0.0000E+00
  0.0000E+00
  0.0000E+00
  0.0000E+00
  0.0000E+00
  0.0000E+00
  0.0000E+00
  0.0000E+00
  0.0000E+00
  0.0000E+00
  0.0000E+00
  0.0000E+00
  0.0000E+00
  0.0000E+00
  0.0000E+00
  0.0000E+00
  0.0000E+00
  0.0000E+00
  0.0000E+00
  0.0000E+00
  0.0000E+00
  0.0000E+00
  0.0000E+00
  0.0000E+00
  0.0000E+00
  0.0000E+00
  0.0000E+00
  0.0000E+00
  0.0000E+00
  0.0000E+00
  0.0000E+00
  0.0000E+00
  0.0000E+00
  0.0000E+00
  0.0000E+00
  0.0000E+00
  0.0000E+00
  0.0000E+00
  0.0000E+00
  0.0000E+00
  0.0000E+00
  0.0000E+00
  0.0000E+00
  0.0000E+00
  0.0000E+00
  0.0000E+00
  0.0000E+00
  0.0000E+00
  0.0000E+00
  0.0000E+00
  0.0000E+00
  0.0000E+00
  0.0000E+00
  0.0000E+00
  0.0000E+00
  0.0000E+00
  0.0000E+00
  0.0000E+00
  0.0000E+00
  0.0000E+00
  0.0000E+00
  0.0000E+00
  0.0000E+00
  0.0000E+00
  0.0000E+00
  0.0000E+00
  0.0000E+00
  0.0000E+00
  0.0000E+00
  0.0000E+00
  0.0000E+00
  0.0000E+00
  0.0000E+00
  0.0000E+00
  0.0000E+00
  0.0000E+00
  0.0000E+00
  0.0000E+00
  0.0000E+00
  0.0000E+00
  0.0000E+00
  0.0000E+00
  0.0000E+00
  0.0000E+00
  0.0000E+00
  0.0000E+00
  0.0000E+00
  0.0000E+00
  0.0000E+00
  0.0000E+00
  0.0000E+00
  0.0000E+00
  0.0000E+00
  0.0000E+00
  0.0000E+00
  0.0000E+00
  0.0000E+00
  0.0000E+00
  0.0000E+00
  0.0000E+00
  0.0000E+00
  0.0000E+00
  0.0000E+00
  0.0000E+00
  0.0000E+00
  0.0000E+00
  0.0000E+00
  0.0000E+00
  0.0000E+00
  0.0000E+00
  0.0000E+00
  0.0000E+00
  0.0000E+00
  0.0000E+00
  0.0000E+00
  0.0000E+00
  0.0000E+00
  0.0000E+00
  0.0000E+00
  0.0000E+00
  0.0000E+00
  0.0000E+00
  0.0000E+00
  0.0000E+00
  0.0000E+00
  0.0000E+00
  0.0000E+00
  0.0000E+00
  0.0000E+00
  0.0000E+00
  0.0000E+00
   0.0000E+00
  0.0000E+00
  0.0000E+00
  0.0000E+00
  0.0000E+00
  0.0000E+00
  0.0000E+00
  0.0000E+00
  0.0000E+00
  0.0000E+00
  0.0000E+00
  0.0000E+00
  0.0000E+00
  0.0000E+00
  0.0000E+00
  0.0000E+00
  0.0000E+00
  0.0000E+00
  0.0000E+00
  0.0000E+00
  0.0000E+00
  0.0000E+00
  0.0000E+00
  0.0000E+00
  0.0000E+00
  0.0000E+00
  0.0000E+00
  0.0000E+00
  0.0000E+00
  0.0000E+00
  0.0000E+00
  0.0000E+00
  0.0000E+00
  0.0000E+00
  0.0000E+00
  0.0000E+00
  0.0000E+00
  0.0000E+00
  0.0000E+00
  0.0000E+00
  0.0000E+00
  0.0000E+00
  0.0000E+00
  0.0000E+00
  0.0000E+00
  0.0000E+00
  0.0000E+00
  0.0000E+00
  0.0000E+00
  0.0000E+00
  0.0000E+00
  0.0000E+00
  0.0000E+00
  0.0000E+00
  0.0000E+00
  0.0000E+00
  0.0000E+00
  0.0000E+00
  0.0000E+00
  0.0000E+00
  0.0000E+00
  0.0000E+00
  0.0000E+00
  0.0000E+00
  0.0000E+00
  0.0000E+00
  0.0000E+00
  0.0000E+00
  0.0000E+00
  0.0000E+00
  0.0000E+00
  0.0000E+00
  0.0000E+00
  0.0000E+00
  0.0000E+00
  0.0000E+00
  0.0000E+00
  0.0000E+00
  0.0000E+00
  0.0000E+00
  0.0000E+00
  0.0000E+00
  0.0000E+00
  0.0000E+00
  0.0000E+00
  0.0000E+00
  0.0000E+00
  0.0000E+00
  0.0000E+00
  0.0000E+00
  0.0000E+00
  0.0000E+00
  0.0000E+00
  0.0000E+00
  0.0000E+00
  0.0000E+00
  0.0000E+00
  0.0000E+00
  0.0000E+00
  0.0000E+00
  0.0000E+00
  0.0000E+00
  0.0000E+00
  0.0000E+00
  0.0000E+00
  0.0000E+00
  0.0000E+00
  0.0000E+00
  0.0000E+00
  0.0000E+00
  0.0000E+00
  0.0000E+00
  0.0000E+00
  0.0000E+00
  0.0000E+00
  0.0000E+00
  0.0000E+00
  0.0000E+00
  0.0000E+00
  0.0000E+00
  0.0000E+00
  0.0000E+00
  0.0000E+00
  0.0000E+00
  0.0000E+00
  0.0000E+00
  0.0000E+00
  0.0000E+00
  0.0000E+00
  0.0000E+00
  0.0000E+00
  0.0000E+00
  0.0000E+00
  0.0000E+00
  0.0000E+00
  0.0000E+00
  0.0000E+00
  0.0000E+00
  0.0000E+00
  0.0000E+00
  0.0000E+00
  0.0000E+00
  0.0000E+00
  0.0000E+00
  0.0000E+00
  0.0000E+00
  0.0000E+00
  0.0000E+00
  0.0000E+00
  0.0000E+00
  0.0000E+00
  0.0000E+00
  0.0000E+00
  0.0000E+00
  0.0000E+00
  0.0000E+00
  0.0000E+00
  0.0000E+00
  0.0000E+00
  0.0000E+00
  0.0000E+00
  0.0000E+00
  0.0000E+00
  0.0000E+00
  0.0000E+00
  0.0000E+00
  0.0000E+00
  0.0000E+00
  0.0000E+00
  0.0000E+00
  0.0000E+00
  0.0000E+00
  0.0000E+00
  0.0000E+00
  0.0000E+00
  0.0000E+00
  0.0000E+00
  0.0000E+00
  0.0000E+00
  0.0000E+00
  0.0000E+00
  0.0000E+00
  0.0000E+00
  0.0000E+00
  0.0000E+00
  0.0000E+00
  0.0000E+00
  0.0000E+00
  0.0000E+00
  0.0000E+00
   0.0000E+00
  0.0000E+00
  0.0000E+00
  0.0000E+00
  0.0000E+00
  0.0000E+00
  0.0000E+00
  0.0000E+00
  0.0000E+00
  0.0000E+00
  0.0000E+00
  0.0000E+00
  0.0000E+00
  0.0000E+00
  0.0000E+00
  0.0000E+00
  0.0000E+00
  0.0000E+00
  0.0000E+00
  0.0000E+00
  0.0000E+00
  0.0000E+00
  0.0000E+00
  0.0000E+00
  0.0000E+00
  0.0000E+00
  0.0000E+00
  0.0000E+00
  0.0000E+00
  0.0000E+00
  0.0000E+00
  0.0000E+00
  0.0000E+00
  0.0000E+00
  0.0000E+00
  0.0000E+00
  0.0000E+00
  0.0000E+00
  0.0000E+00
  0.0000E+00
  0.0000E+00
  0.0000E+00
  0.0000E+00
  0.0000E+00
  0.0000E+00
  0.0000E+00
  0.0000E+00
  0.0000E+00
  0.0000E+00
  0.0000E+00
  0.0000E+00
  0.0000E+00
  0.0000E+00
  0.0000E+00
  0.0000E+00
  0.0000E+00
  0.0000E+00
  0.0000E+00
  0.0000E+00
  0.0000E+00
  0.0000E+00
  0.0000E+00
  0.0000E+00
  0.0000E+00
  0.0000E+00
  0.0000E+00
  0.0000E+00
  0.0000E+00
  0.0000E+00
  0.0000E+00
  0.0000E+00
  0.0000E+00
  0.0000E+00
  0.0000E+00
  0.0000E+00
  0.0000E+00
  0.0000E+00
  0.0000E+00
  0.0000E+00
  0.0000E+00
  0.0000E+00
  0.0000E+00
  0.0000E+00
  0.0000E+00
  0.0000E+00
  0.0000E+00
  0.0000E+00
  0.0000E+00
  0.0000E+00
  0.0000E+00
  0.0000E+00
  0.0000E+00
  0.0000E+00
  0.0000E+00
  0.0000E+00
  0.0000E+00
  0.0000E+00
  0.0000E+00
  0.0000E+00
  0.0000E+00
  0.0000E+00
  0.0000E+00
  0.0000E+00
  0.0000E+00
  0.0000E+00
  0.0000E+00
  0.0000E+00
  0.0000E+00
  0.0000E+00
  0.0000E+00
  0.0000E+00
  0.0000E+00
  0.0000E+00
  0.0000E+00
  0.0000E+00
  0.0000E+00
  0.0000E+00
  0.0000E+00
  0.0000E+00
  0.0000E+00
  0.0000E+00
  0.0000E+00
  0.0000E+00
  0.0000E+00
  0.0000E+00
  0.0000E+00
  0.0000E+00
  0.0000E+00
  0.0000E+00
  0.0000E+00
  0.0000E+00
  0.0000E+00
  0.0000E+00
  0.0000E+00
  0.0000E+00
  0.0000E+00
  0.0000E+00
  0.0000E+00
  0.0000E+00
  0.0000E+00
  0.0000E+00
  0.0000E+00
  0.0000E+00
  0.0000E+00
  0.0000E+00
  0.0000E+00
  0.0000E+00
  0.0000E+00
  0.0000E+00
  0.0000E+00
  0.0000E+00
  0.0000E+00
  0.0000E+00
  0.0000E+00
  0.0000E+00
  0.0000E+00
  0.0000E+00
  0.0000E+00
  0.0000E+00
  0.0000E+00
  0.0000E+00
  0.0000E+00
  0.0000E+00
  0.0000E+00
  0.0000E+00
  0.0000E+00
  0.0000E+00
  0.0000E+00
  0.0000E+00
  0.0000E+00
  0.0000E+00
  0.0000E+00
  0.0000E+00
  0.0000E+00
  0.0000E+00
  0.0000E+00
  0.0000E+00
  0.0000E+00
  0.0000E+00
  0.0000E+00
  0.0000E+00
  0.0000E+00
  0.0000E+00
  0.0000E+00
  0.0000E+00
  0.0000E+00
  0.0000E+00
  0.0000E+00
  0.0000E+00
  0.0000E+00
   0.0000E+00
  0.0000E+00
  0.0000E+00
  0.0000E+00
  0.0000E+00
  0.0000E+00
  0.0000E+00
  0.0000E+00
  0.0000E+00
  0.0000E+00
  0.0000E+00
  0.0000E+00
  0.0000E+00
  0.0000E+00
  0.0000E+00
  0.0000E+00
  0.0000E+00
  0.0000E+00
  0.0000E+00
  0.0000E+00
  0.0000E+00
  0.0000E+00
  0.0000E+00
  0.0000E+00
  0.0000E+00
  0.0000E+00
  0.0000E+00
  0.0000E+00
  0.0000E+00
  0.0000E+00
  0.0000E+00
  0.0000E+00
  0.0000E+00
  0.0000E+00
  0.0000E+00
  0.0000E+00
  0.0000E+00
  0.0000E+00
  0.0000E+00
  0.0000E+00
  0.0000E+00
  0.0000E+00
  0.0000E+00
  0.0000E+00
  0.0000E+00
  0.0000E+00
  0.0000E+00
  0.0000E+00
  0.0000E+00
  0.0000E+00
  0.0000E+00
  0.0000E+00
  0.0000E+00
  0.0000E+00
  0.0000E+00
  0.0000E+00
  0.0000E+00
  0.0000E+00
  0.0000E+00
  0.0000E+00
  0.0000E+00
  0.0000E+00
  0.0000E+00
  0.0000E+00
  0.0000E+00
  0.0000E+00
  0.0000E+00
  0.0000E+00
  0.0000E+00
  0.0000E+00
  0.0000E+00
  0.0000E+00
  0.0000E+00
  0.0000E+00
  0.0000E+00
  0.0000E+00
  0.0000E+00
  0.0000E+00
  0.0000E+00
  0.0000E+00
  0.0000E+00
  0.0000E+00
  0.0000E+00
  0.0000E+00
  0.0000E+00
  0.0000E+00
  0.0000E+00
  0.0000E+00
  0.0000E+00
  0.0000E+00
  0.0000E+00
  0.0000E+00
  0.0000E+00
  0.0000E+00
  0.0000E+00
  0.0000E+00
  0.0000E+00
  0.0000E+00
  0.0000E+00
  0.0000E+00
  0.0000E+00
  0.0000E+00
  0.0000E+00
  0.0000E+00
  0.0000E+00
  0.0000E+00
  0.0000E+00
  0.0000E+00
  0.0000E+00
  0.0000E+00
  0.0000E+00
  0.0000E+00
  0.0000E+00
  0.0000E+00
  0.0000E+00
  0.0000E+00
  0.0000E+00
  0.0000E+00
  0.0000E+00
  0.0000E+00
  0.0000E+00
  0.0000E+00
  0.0000E+00
  0.0000E+00
  0.0000E+00
  0.0000E+00
  0.0000E+00
  0.0000E+00
  0.0000E+00
  0.0000E+00
  0.0000E+00
  0.0000E+00
  0.0000E+00
  0.0000E+00
  0.0000E+00
  0.0000E+00
  0.0000E+00
  0.0000E+00
  0.0000E+00
  0.0000E+00
  0.0000E+00
  0.0000E+00
  0.0000E+00
  0.0000E+00
  0.0000E+00
  0.0000E+00
  0.0000E+00
  0.0000E+00
  0.0000E+00
  0.0000E+00
  0.0000E+00
  0.0000E+00
  0.0000E+00
  0.0000E+00
  0.0000E+00
  0.0000E+00
  0.0000E+00
  0.0000E+00
  0.0000E+00
  0.0000E+00
  0.0000E+00
  0.0000E+00
  0.0000E+00
  0.0000E+00
  0.0000E+00
  0.0000E+00
  0.0000E+00
  0.0000E+00
  0.0000E+00
  0.0000E+00
  0.0000E+00
  0.0000E+00
  0.0000E+00
  0.0000E+00
  0.0000E+00
  0.0000E+00
  0.0000E+00
  0.0000E+00
  0.0000E+00
  0.0000E+00
  0.0000E+00
  0.0000E+00
  0.0000E+00
  0.0000E+00
  0.0000E+00
  0.0000E+00
  0.0000E+00
  0.0000E+00
  0.0000E+00
  0.0000E+00
   0.0000E+00
  0.0000E+00
  0.0000E+00
  0.0000E+00
  0.0000E+00
  0.0000E+00
  0.0000E+00
  0.0000E+00
  0.0000E+00
  0.0000E+00
  0.0000E+00
  0.0000E+00
  0.0000E+00
  0.0000E+00
  0.0000E+00
  0.0000E+00
  0.0000E+00
  0.0000E+00
  0.0000E+00
  0.0000E+00
  0.0000E+00
  0.0000E+00
  0.0000E+00
  0.0000E+00
  0.0000E+00
  0.0000E+00
  0.0000E+00
  0.0000E+00
  0.0000E+00
  0.0000E+00
  0.0000E+00
  0.0000E+00
  0.0000E+00
  0.0000E+00
  0.0000E+00
  0.0000E+00
  0.0000E+00
  0.0000E+00
  0.0000E+00
  0.0000E+00
  0.0000E+00
  0.0000E+00
  0.0000E+00
  0.0000E+00
  0.0000E+00
  0.0000E+00
  0.0000E+00
  0.0000E+00
  0.0000E+00
  0.0000E+00
  0.0000E+00
  0.0000E+00
  0.0000E+00
  0.0000E+00
  0.0000E+00
  0.0000E+00
  0.0000E+00
  0.0000E+00
  0.0000E+00
  0.0000E+00
  0.0000E+00
  0.0000E+00
  0.0000E+00
  0.0000E+00
  0.0000E+00
  0.0000E+00
  0.0000E+00
  0.0000E+00
  0.0000E+00
  0.0000E+00
  0.0000E+00
  0.0000E+00
  0.0000E+00
  0.0000E+00
  0.0000E+00
  0.0000E+00
  0.0000E+00
  0.0000E+00
  0.0000E+00
  0.0000E+00
  0.0000E+00
  0.0000E+00
  0.0000E+00
  0.0000E+00
  0.0000E+00
  0.0000E+00
  0.0000E+00
  0.0000E+00
  0.0000E+00
  0.0000E+00
  0.0000E+00
  0.0000E+00
  0.0000E+00
  0.0000E+00
  0.0000E+00
  0.0000E+00
  0.0000E+00
  0.0000E+00
  0.0000E+00
  0.0000E+00
  0.0000E+00
  0.0000E+00
  0.0000E+00
  0.0000E+00
  0.0000E+00
  0.0000E+00
  0.0000E+00
  0.0000E+00
  0.0000E+00
  0.0000E+00
  0.0000E+00
  0.0000E+00
  0.0000E+00
  0.0000E+00
  0.0000E+00
  0.0000E+00
  0.0000E+00
  0.0000E+00
  0.0000E+00
  0.0000E+00
  0.0000E+00
  0.0000E+00
  0.0000E+00
  0.0000E+00
  0.0000E+00
  0.0000E+00
  0.0000E+00
  0.0000E+00
  0.0000E+00
  0.0000E+00
  0.0000E+00
  0.0000E+00
  0.0000E+00
  0.0000E+00
  0.0000E+00
  0.0000E+00
  0.0000E+00
  0.0000E+00
  0.0000E+00
  0.0000E+00
  0.0000E+00
  0.0000E+00
  0.0000E+00
  0.0000E+00
  0.0000E+00
  0.0000E+00
  0.0000E+00
  0.0000E+00
  0.0000E+00
  0.0000E+00
  0.0000E+00
  0.0000E+00
  0.0000E+00
  0.0000E+00
  0.0000E+00
  0.0000E+00
  0.0000E+00
  0.0000E+00
  0.0000E+00
  0.0000E+00
  0.0000E+00
  0.0000E+00
  0.0000E+00
  0.0000E+00
  0.0000E+00
  0.0000E+00
  0.0000E+00
  0.0000E+00
  0.0000E+00
  0.0000E+00
  0.0000E+00
  0.0000E+00
  0.0000E+00
  0.0000E+00
  0.0000E+00
  0.0000E+00
  0.0000E+00
  0.0000E+00
  0.0000E+00
  0.0000E+00
  0.0000E+00
  0.0000E+00
  0.0000E+00
  0.0000E+00
  0.0000E+00
  0.0000E+00
  0.0000E+00
  0.0000E+00
  0.0000E+00
  0.0000E+00
   0.0000E+00
  0.0000E+00
  0.0000E+00
  0.0000E+00
  0.0000E+00
  0.0000E+00
  0.0000E+00
  0.0000E+00
  0.0000E+00
  0.0000E+00
  0.0000E+00
  0.0000E+00
  0.0000E+00
  0.0000E+00
  0.0000E+00
  0.0000E+00
  0.0000E+00
  0.0000E+00
  0.0000E+00
  0.0000E+00
  0.0000E+00
  0.0000E+00
  0.0000E+00
  0.0000E+00
  0.0000E+00
  0.0000E+00
  0.0000E+00
  0.0000E+00
  0.0000E+00
  0.0000E+00
  0.0000E+00
  0.0000E+00
  0.0000E+00
  0.0000E+00
  0.0000E+00
  0.0000E+00
  0.0000E+00
  0.0000E+00
  0.0000E+00
  0.0000E+00
  0.0000E+00
  0.0000E+00
  0.0000E+00
  0.0000E+00
  0.0000E+00
  0.0000E+00
  0.0000E+00
  0.0000E+00
  0.0000E+00
  0.0000E+00
  0.0000E+00
  0.0000E+00
  0.0000E+00
  0.0000E+00
  0.0000E+00
  0.0000E+00
  0.0000E+00
  0.0000E+00
  0.0000E+00
  0.0000E+00
  0.0000E+00
  0.0000E+00
  0.0000E+00
  0.0000E+00
  0.0000E+00
  0.0000E+00
  0.0000E+00
  0.0000E+00
  0.0000E+00
  0.0000E+00
  0.0000E+00
  0.0000E+00
  0.0000E+00
  0.0000E+00
  0.0000E+00
  0.0000E+00
  0.0000E+00
  0.0000E+00
  0.0000E+00
  0.0000E+00
  0.0000E+00
  0.0000E+00
  0.0000E+00
  0.0000E+00
  0.0000E+00
  0.0000E+00
  0.0000E+00
  0.0000E+00
  0.0000E+00
  0.0000E+00
  0.0000E+00
  0.0000E+00
  0.0000E+00
  0.0000E+00
  0.0000E+00
  0.0000E+00
  0.0000E+00
  0.0000E+00
  0.0000E+00
  0.0000E+00
  0.0000E+00
  0.0000E+00
  0.0000E+00
  0.0000E+00
  0.0000E+00
  0.0000E+00
  0.0000E+00
  0.0000E+00
  0.0000E+00
  0.0000E+00
  0.0000E+00
  0.0000E+00
  0.0000E+00
  0.0000E+00
  0.0000E+00
  0.0000E+00
  0.0000E+00
  0.0000E+00
  0.0000E+00
  0.0000E+00
  0.0000E+00
  0.0000E+00
  0.0000E+00
  0.0000E+00
  0.0000E+00
  0.0000E+00
  0.0000E+00
  0.0000E+00
  0.0000E+00
  0.0000E+00
  0.0000E+00
  0.0000E+00
  0.0000E+00
  0.0000E+00
  0.0000E+00
  0.0000E+00
  0.0000E+00
  0.0000E+00
  0.0000E+00
  0.0000E+00
  0.0000E+00
  0.0000E+00
  0.0000E+00
  0.0000E+00
  0.0000E+00
  0.0000E+00
  0.0000E+00
  0.0000E+00
  0.0000E+00
  0.0000E+00
  0.0000E+00
  0.0000E+00
  0.0000E+00
  0.0000E+00
  0.0000E+00
  0.0000E+00
  0.0000E+00
  0.0000E+00
  0.0000E+00
  0.0000E+00
  0.0000E+00
  0.0000E+00
  0.0000E+00
  0.0000E+00
  0.0000E+00
  0.0000E+00
  0.0000E+00
  0.0000E+00
  0.0000E+00
  0.0000E+00
  0.0000E+00
  0.0000E+00
  0.0000E+00
  0.0000E+00
  0.0000E+00
  0.0000E+00
  0.0000E+00
  0.0000E+00
  0.0000E+00
  0.0000E+00
  0.0000E+00
  0.0000E+00
  0.0000E+00
  0.0000E+00
  0.0000E+00
  0.0000E+00
  0.0000E+00
  0.0000E+00
  0.0000E+00
  0.0000E+00
