Scalar STRAINXY under Modal for nodeset
189
   4.9932E-01
  0.0000E+00
  0.0000E+00
  0.0000E+00
  0.0000E+00
  0.0000E+00
  0.0000E+00
  0.0000E+00
  0.0000E+00
  0.0000E+00
  9.5881E-03
  1.7823E-02
  1.0575E-02
  2.9729E-03
 -1.2116E-03
  2.5303E-04
 -1.9933E-02
 -1.5807E-02
  1.5099E-02
 -7.5377E-03
 -1.7971E-02
 -1.8588E-02
 -3.4533E-03
 -1.7256E-03
  2.8196E-03
  2.4198E-02
  1.6763E-02
  5.1461E-03
  6.4153E-03
  7.6289E-03
 -4.4631E-03
 -4.9085E-03
  3.5840E-03
  4.1418E-03
 -1.2238E-02
 -8.3014E-03
 -6.9284E-03
  8.4207E-03
  5.5123E-03
 -2.0132E-02
  1.9782E-02
  3.9991E-04
 -1.9184E-02
  2.7277E-02
 -1.8933E-03
 -8.7321E-03
 -1.1954E-02
  1.4650E-03
  3.9188E-02
 -1.3261E-02
  3.7030E-04
  1.5166E-02
 -2.0694E-02
  4.5117E-03
  7.7412E-03
 -9.4184E-03
  4.2586E-03
  2.1990E-03
  1.3726E-02
 -5.3643E-03
 -2.5896E-02
  2.6648E-02
 -1.2227E-02
 -3.8249E-02
 -4.9464E-02
 -2.4112E-03
  4.6841E-02
 -1.4578E-02
  1.3350E-05
  1.9770E-02
  4.0586E-02
  8.9006E-03
 -1.4654E-02
  1.3653E-02
 -2.8165E-03
 -2.1646E-03
  1.8866E-02
  2.5474E-03
 -1.7546E-02
  1.8693E-02
  5.4239E-03
 -3.2516E-02
 -6.6461E-03
  6.7724E-03
 -5.7158E-03
 -5.9029E-03
  1.0409E-03
  4.0556E-03
 -1.9757E-02
 -1.2019E-02
  1.3768E-02
  1.1729E-02
  4.9459E-03
  3.3230E-03
  3.7434E-03
  6.5284E-04
 -4.2089E-04
  2.2073E-02
 -2.0886E-03
 -2.7377E-02
 -2.2595E-03
 -5.3830E-03
 -2.0182E-03
 -1.1156E-02
  1.4965E-03
  1.0535E-02
 -1.7121E-02
  5.9568E-03
  1.5318E-02
  1.8661E-02
  9.8053E-03
 -2.1769E-02
  8.1558E-03
  3.9434E-03
 -6.1324E-03
 -6.4672E-03
 -4.9665E-03
  7.5266E-03
  1.2184E-02
 -8.9885E-03
 -3.0081E-02
 -1.4360E-03
 -5.0683E-03
 -5.1699E-03
 -1.7753E-02
  2.9516E-03
  3.0638E-02
  1.2029E-02
 -4.6552E-03
 -7.8326E-03
  4.4879E-03
 -2.5592E-03
  2.5800E-04
 -6.8458E-03
  8.2164E-03
  2.9500E-02
  2.1778E-02
  1.8969E-02
  2.4289E-02
 -1.0374E-03
  7.8545E-04
  3.8274E-03
 -2.4430E-02
 -2.0472E-02
 -2.2207E-02
  7.7037E-03
 -1.1642E-02
 -2.4847E-02
  2.1408E-03
  2.5488E-03
 -9.4776E-04
 -1.1007E-02
  8.2823E-03
  1.3622E-02
 -3.9381E-03
 -1.9407E-03
 -1.4635E-02
  5.1301E-03
 -3.0513E-03
 -4.8879E-03
  1.7616E-02
 -1.4328E-03
  6.8995E-03
 -1.9974E-02
  7.5976E-03
  3.3875E-02
 -6.0622E-03
 -5.0456E-04
  7.2264E-03
  1.0966E-02
 -3.4476E-03
 -1.2220E-02
 -1.4404E-02
 -7.0200E-03
 -7.0191E-03
 -9.1990E-03
  4.1216E-03
  3.3940E-03
  3.9876E-03
  9.2336E-03
 -6.2334E-03
  2.3814E-03
  6.3137E-03
  1.4659E-02
  1.1838E-02
  4.3630E-03
  3.8020E-03
  1.4511E-02
 -1.9752E-02
 -4.4600E-02
   4.9970E-01
  0.0000E+00
  0.0000E+00
  0.0000E+00
  0.0000E+00
  0.0000E+00
  0.0000E+00
  0.0000E+00
  0.0000E+00
  0.0000E+00
  4.0191E-02
  1.9422E-02
  3.7378E-04
  3.2780E-02
  9.1912E-04
 -2.8152E-02
  2.4903E-02
 -2.2619E-02
 -6.6281E-02
 -5.6568E-02
 -2.3831E-02
  1.1587E-02
 -3.8703E-02
  1.0476E-03
  4.0190E-02
 -1.7021E-02
  2.2408E-02
  5.7940E-02
  4.3484E-02
  1.9925E-02
 -8.4073E-03
  3.2885E-02
 -3.0499E-03
 -3.3414E-02
  7.7512E-03
 -1.9297E-02
 -3.0428E-02
 -3.9132E-02
 -8.5196E-03
  1.5837E-02
 -1.9100E-02
  1.1607E-03
  2.0310E-02
  2.6270E-03
  1.2940E-02
  2.7287E-02
  6.5045E-03
 -6.5603E-03
 -1.7036E-02
 -3.2787E-03
  2.3898E-04
  1.0338E-03
 -9.0981E-03
  6.9589E-03
  1.4981E-02
  8.3828E-02
  2.4743E-02
 -2.7465E-02
  3.3999E-02
 -8.9026E-04
 -3.2878E-02
 -1.4090E-02
 -2.6167E-02
 -3.9319E-02
 -6.1824E-02
 -2.7423E-02
  1.8671E-02
 -4.0758E-02
 -1.3434E-03
  4.4967E-02
 -9.7593E-03
  2.7018E-02
  6.5894E-02
  6.8753E-03
  1.3362E-02
  7.1308E-03
  2.9492E-02
  7.8447E-04
 -3.0377E-02
  2.3157E-02
 -1.5149E-02
 -4.5645E-02
 -2.4945E-02
 -7.4077E-03
  1.7734E-02
 -1.5413E-02
  8.3337E-04
  1.7256E-02
 -5.8689E-03
  7.7677E-03
  1.4153E-02
  9.8130E-03
 -1.9146E-04
  7.1063E-03
  7.5027E-03
  3.0378E-04
 -2.4325E-03
  2.5236E-02
  1.2231E-03
 -3.1167E-02
  2.3304E-02
  9.3096E-03
 -1.4679E-02
  1.4762E-02
  2.2199E-05
 -1.8444E-02
 -3.0466E-03
 -1.0631E-02
 -1.5673E-02
 -6.0438E-02
 -1.6998E-02
  1.9832E-02
 -2.8670E-02
 -4.8497E-04
  2.5716E-02
 -2.7639E-03
  2.1909E-02
  4.9226E-02
  1.5334E-02
  1.5795E-02
  7.5811E-03
  1.9898E-02
  1.7043E-03
 -1.8921E-02
  1.0933E-02
 -1.4536E-02
 -3.6193E-02
  1.3677E-02
 -6.7695E-03
 -2.4333E-02
 -9.8701E-03
  1.6809E-03
  1.2693E-02
 -2.5569E-02
  5.3170E-03
  3.2242E-02
  4.2321E-02
  4.7269E-03
 -2.3449E-02
  5.5885E-03
 -1.5047E-03
 -6.1232E-03
 -2.3005E-02
 -2.7933E-03
  1.2949E-02
 -1.5652E-02
  8.4027E-03
  2.0622E-02
  1.7540E-02
 -1.2821E-03
 -1.9154E-02
  4.2517E-02
 -5.9741E-03
 -4.0728E-02
 -8.8596E-02
 -2.2420E-02
  3.1840E-02
 -4.0364E-02
  2.5112E-03
  4.1241E-02
 -1.1066E-02
  2.0330E-02
  5.5352E-02
  7.2400E-02
  2.1886E-02
 -1.4948E-02
  4.2337E-02
 -1.5417E-03
 -3.7643E-02
  1.4667E-02
 -2.1560E-02
 -5.5911E-02
 -2.6320E-02
 -6.8576E-03
  1.3436E-02
 -2.0952E-02
 -2.5886E-03
  1.4398E-02
  4.3644E-04
  6.1327E-03
  8.2436E-03
  1.2617E-02
 -9.1630E-03
 -1.5759E-02
  1.5916E-03
  3.3227E-03
  6.6372E-03
 -3.5389E-03
  6.4162E-03
  4.3541E-03
   5.0014E-01
  0.0000E+00
  0.0000E+00
  0.0000E+00
  0.0000E+00
  0.0000E+00
  0.0000E+00
  0.0000E+00
  0.0000E+00
  0.0000E+00
 -1.9848E-02
 -5.8636E-03
  7.4895E-03
  2.1282E-03
  1.1312E-04
 -1.2881E-03
  2.1267E-02
  7.7869E-03
 -3.8340E-03
  4.8656E-03
  9.7351E-03
  1.6707E-02
 -9.3385E-04
 -1.4628E-03
  8.7128E-04
 -2.6981E-03
 -8.9300E-03
 -1.1538E-02
 -3.4995E-03
 -9.9882E-03
 -1.5109E-02
  3.6545E-03
  1.9846E-03
 -6.0403E-03
  3.7096E-03
  7.7000E-03
 -2.3876E-03
  6.9810E-03
  6.2755E-03
  7.2390E-03
 -5.7208E-04
 -7.0250E-04
  2.5982E-03
 -7.4085E-03
 -4.2856E-03
  4.0306E-03
  6.3756E-03
  1.6577E-04
 -4.8949E-03
 -9.7442E-04
  1.1357E-04
  2.0371E-03
 -1.1144E-02
  1.0868E-03
  1.3839E-02
  8.0357E-03
 -8.0646E-03
 -2.6828E-02
  3.2483E-03
  4.9618E-05
 -6.9263E-03
  3.0307E-04
  6.2239E-03
  7.2539E-03
  1.0819E-02
  1.1091E-02
  1.1324E-02
 -7.4358E-03
 -1.0250E-03
  7.0522E-03
 -1.9485E-02
 -7.8720E-03
  7.1114E-03
  7.3939E-03
 -5.5759E-03
 -1.3206E-02
  3.5877E-03
  9.7661E-04
 -3.6842E-03
  2.8631E-03
  9.1961E-03
  6.0899E-03
 -3.5305E-03
  4.7084E-03
  1.5282E-03
 -4.1169E-03
  8.7030E-04
  6.5760E-04
 -7.6046E-03
 -5.8615E-03
 -3.0991E-03
 -3.5572E-03
 -3.0131E-03
 -5.1988E-03
 -4.2447E-04
 -2.9882E-04
  7.2973E-04
  3.6002E-03
  3.6734E-03
  8.2822E-03
  6.0443E-03
  1.1080E-03
  5.4533E-03
  7.3496E-03
  2.6184E-04
 -4.1441E-03
  5.2118E-03
 -2.7234E-04
 -9.6745E-03
 -1.9353E-02
  2.1118E-03
  2.1640E-02
 -7.1013E-03
  2.5350E-04
  5.8304E-03
 -3.6538E-03
 -7.4031E-03
 -1.2772E-02
 -9.8903E-03
 -7.5325E-03
  9.1333E-04
  8.0314E-03
 -4.8224E-04
 -4.5191E-03
  2.0751E-02
  6.7323E-03
 -4.4214E-03
  9.0399E-03
  6.0881E-03
  7.8899E-03
  2.2511E-03
 -1.1947E-03
  3.7217E-04
 -9.5499E-04
 -6.0154E-03
 -5.8042E-03
 -7.3594E-03
 -5.3180E-03
 -7.5526E-03
 -1.8966E-03
  9.9146E-04
  4.4660E-04
 -1.4398E-03
  1.6374E-03
  2.1247E-03
  7.5560E-03
 -3.3152E-03
 -9.0759E-03
  6.1773E-03
  3.9124E-04
 -3.9438E-03
  5.0694E-03
  3.9745E-03
  6.7125E-04
  1.8693E-03
  1.0196E-02
  2.0482E-02
 -5.3372E-03
  2.5066E-05
  7.1014E-03
 -1.1122E-02
 -8.2093E-03
 -3.8282E-03
 -5.2934E-03
 -8.9745E-03
 -1.7700E-02
  1.3780E-03
  2.5817E-05
 -5.9181E-03
  4.4375E-03
  5.5203E-03
  2.4635E-03
  1.6300E-02
  7.8863E-03
  3.8646E-04
  2.3605E-03
  2.9930E-03
  4.3653E-03
 -8.5778E-03
 -1.7457E-03
  5.6518E-03
 -2.7880E-03
 -4.7650E-03
 -7.6874E-03
 -4.2172E-03
 -6.9361E-03
 -2.9697E-03
  1.5737E-02
 -1.3451E-03
 -4.1111E-03
   5.0110E-01
  0.0000E+00
  0.0000E+00
  0.0000E+00
  0.0000E+00
  0.0000E+00
  0.0000E+00
  0.0000E+00
  0.0000E+00
  0.0000E+00
  4.9780E-02
  1.0748E-02
 -2.5287E-02
  1.8944E-02
 -2.7692E-04
 -1.8005E-02
 -1.0973E-02
 -1.1539E-02
 -1.2116E-02
 -2.5215E-02
 -1.2076E-02
  2.5461E-03
 -2.3158E-02
 -1.4848E-04
  2.5423E-02
 -1.2579E-02
  1.2232E-02
  4.0683E-02
  1.0974E-02
  5.8698E-03
 -5.5232E-03
  1.9486E-02
 -1.5193E-04
 -2.1151E-02
  1.5970E-02
 -6.4966E-03
 -2.5396E-02
 -3.8218E-02
 -2.6692E-03
  3.2840E-02
 -1.4224E-02
  2.4936E-04
  1.4380E-02
  9.1170E-03
  4.9992E-03
  2.3577E-04
 -1.9912E-02
  8.0107E-06
  2.5457E-02
  1.7219E-04
 -9.5504E-04
 -2.5854E-04
  2.8036E-02
  9.7923E-04
 -2.7960E-02
  7.5555E-03
  9.7536E-03
  1.3767E-02
  1.7623E-02
  4.5974E-05
 -1.8411E-02
  2.9154E-02
 -1.0610E-02
 -5.3950E-02
 -4.0599E-02
 -1.3046E-02
  1.5687E-02
 -2.3424E-02
 -1.0879E-03
  2.3887E-02
 -1.7806E-03
  1.2421E-02
  3.0722E-02
  2.8326E-02
  7.0573E-03
 -1.9418E-02
  1.7896E-02
  3.1357E-04
 -1.6705E-02
 -3.9002E-03
 -6.4636E-03
 -2.6930E-03
  1.5220E-02
 -4.6202E-03
 -2.1619E-02
 -1.1249E-02
  2.3867E-04
  1.1318E-02
 -3.7989E-02
  3.5746E-03
  4.1481E-02
  3.9478E-02
  1.3453E-03
 -2.9649E-02
  2.8740E-03
 -4.1252E-04
 -2.2998E-03
 -2.3155E-02
 -1.0912E-03
  1.6633E-02
  4.0418E-02
  6.5809E-03
 -2.8401E-02
  1.2457E-02
  1.5430E-04
 -1.2818E-02
 -1.5380E-02
 -5.8275E-03
  3.5298E-03
 -4.0039E-02
 -1.1950E-02
  1.1594E-02
 -2.3595E-02
 -1.9879E-05
  2.2030E-02
 -9.7267E-03
  1.2559E-02
  3.6338E-02
 -6.1105E-03
  8.8269E-03
  1.8277E-02
  1.7950E-02
  3.8756E-04
 -1.7898E-02
  3.2765E-02
 -8.0974E-03
 -4.4920E-02
 -4.1918E-02
 -4.0196E-03
  3.9466E-02
 -1.0355E-02
 -1.9881E-04
  1.0836E-02
  2.7751E-02
  3.7294E-03
 -2.4122E-02
 -1.3132E-02
  1.9084E-03
  2.1518E-02
  3.5748E-03
 -3.1885E-04
 -4.1812E-03
  2.5772E-02
 -2.0796E-03
 -3.4438E-02
  2.3937E-03
  7.0769E-03
  7.8186E-03
  1.1213E-02
 -1.5897E-04
 -1.1016E-02
  1.5668E-02
 -6.0577E-03
 -2.2812E-02
 -3.2976E-02
 -1.5547E-02
 -7.2110E-04
 -2.4086E-02
 -1.0419E-04
  2.4053E-02
 -1.9295E-02
  1.4893E-02
  5.2034E-02
  5.3909E-02
  1.2310E-02
 -3.1706E-02
  2.2741E-02
 -1.4644E-05
 -2.2117E-02
 -1.2757E-02
 -1.2527E-02
 -8.5734E-03
  8.0533E-03
 -5.6692E-03
 -1.2735E-02
 -1.1298E-02
 -9.2760E-04
  1.1423E-02
 -2.1046E-02
  5.3170E-03
  2.8984E-02
 -4.2844E-03
  1.2050E-04
  1.3217E-02
  6.3245E-04
  1.8144E-04
 -8.0423E-04
  1.7904E-02
 -1.0719E-03
 -2.9809E-02
   5.0193E-01
  0.0000E+00
  0.0000E+00
  0.0000E+00
  0.0000E+00
  0.0000E+00
  0.0000E+00
  0.0000E+00
  0.0000E+00
  0.0000E+00
 -1.5451E-02
 -4.4336E-02
 -8.3346E-02
  2.8457E-02
 -2.5641E-04
 -2.8752E-02
  7.8055E-02
  4.3638E-02
  1.9781E-02
  1.7364E-02
  5.5033E-02
  8.5449E-02
 -3.6704E-02
  5.1306E-04
  3.6360E-02
 -8.7561E-02
 -5.5450E-02
 -1.8824E-02
 -8.4182E-03
 -3.7944E-02
 -4.0524E-02
  2.4450E-02
 -5.3294E-04
 -2.3159E-02
  4.3025E-02
  3.9016E-02
  1.2775E-02
  9.5758E-03
  2.4259E-02
  3.3450E-02
 -1.3968E-02
  3.1639E-04
  1.3122E-02
 -3.5804E-02
 -2.4897E-02
 -1.1454E-02
 -4.3263E-03
  1.4459E-03
 -1.1967E-02
 -1.3978E-03
  2.0066E-04
  1.3240E-03
  1.3917E-02
 -1.5203E-03
  1.2776E-03
 -1.9678E-02
 -4.0317E-02
 -6.2442E-02
  2.6450E-02
 -6.9374E-04
 -2.5944E-02
  7.0590E-02
  4.0595E-02
  1.5873E-02
  1.8536E-02
  5.6168E-02
  9.7919E-02
 -3.5754E-02
  4.6444E-04
  3.5639E-02
 -9.2932E-02
 -5.6837E-02
 -2.6949E-02
 -1.2390E-02
 -3.9335E-02
 -4.3845E-02
  2.6479E-02
 -3.4170E-05
 -2.6976E-02
  4.9982E-02
  3.8513E-02
  3.7521E-03
  5.7770E-03
  2.1076E-02
  2.5767E-02
 -1.2680E-02
 -4.2497E-04
  1.4175E-02
 -2.2397E-02
 -2.0446E-02
 -3.1975E-03
 -2.9525E-03
 -2.2717E-03
 -1.9845E-02
  2.7901E-03
  4.0573E-04
 -2.7365E-03
  2.0534E-02
  2.3632E-03
  9.3132E-04
 -1.6207E-02
 -3.4196E-02
 -4.7607E-02
  1.6101E-02
 -1.8200E-04
 -1.7797E-02
  4.4714E-02
  3.3079E-02
  1.4204E-02
  3.4484E-02
  6.0620E-02
  9.5632E-02
 -3.2307E-02
  3.4197E-04
  3.4019E-02
 -1.0116E-01
 -5.7705E-02
 -2.1071E-02
 -1.4112E-02
 -4.6563E-02
 -6.5865E-02
  2.6337E-02
 -2.3180E-04
 -2.8325E-02
  5.9131E-02
  4.5361E-02
  1.5394E-02
  2.1756E-04
  2.1675E-02
  1.9693E-02
 -1.6251E-02
  2.6260E-04
  1.5737E-02
 -2.1085E-02
 -2.1263E-02
 -7.9974E-05
  2.3261E-03
 -2.5579E-03
 -1.6871E-02
  5.2543E-03
 -4.3023E-04
 -3.9973E-03
  1.6884E-02
  3.9301E-03
  4.6393E-03
 -8.1824E-03
 -2.7419E-02
 -3.0894E-02
  1.3756E-02
  2.0455E-04
 -1.4609E-02
  2.4804E-02
  2.6301E-02
  9.5126E-03
  2.7269E-02
  5.8648E-02
  9.4744E-02
 -3.5269E-02
 -2.0286E-04
  3.4450E-02
 -1.0159E-01
 -5.9492E-02
 -2.2939E-02
 -2.0692E-02
 -5.3193E-02
 -7.7604E-02
  3.4052E-02
  4.9207E-05
 -3.2132E-02
  8.5508E-02
  5.5487E-02
  2.1019E-02
 -1.8184E-03
  2.1119E-02
  2.3265E-02
 -1.7851E-02
 -1.0650E-03
  1.4359E-02
 -2.2470E-02
 -2.4132E-02
 -7.7282E-03
 -3.7341E-03
  7.2961E-03
 -2.2995E-02
  6.9066E-04
  3.7754E-03
  4.6598E-03
  2.1954E-02
 -5.5169E-03
  3.9330E-03
   5.0322E-01
  0.0000E+00
  0.0000E+00
  0.0000E+00
  0.0000E+00
  0.0000E+00
  0.0000E+00
  0.0000E+00
  0.0000E+00
  0.0000E+00
 -7.3545E-03
  1.4318E-03
  2.1773E-03
 -9.5913E-03
  1.0814E-03
  1.2341E-02
 -2.3664E-02
 -1.4393E-03
  2.9999E-02
  2.5869E-02
  3.2845E-03
 -1.9616E-02
  1.2880E-02
  1.3448E-04
 -1.3389E-02
  6.6872E-03
 -6.5936E-03
 -2.1115E-02
 -1.9731E-03
 -6.8724E-03
 -1.1561E-03
 -6.0281E-03
 -6.7887E-04
  7.7174E-03
  1.6416E-03
  9.4570E-03
  1.2751E-02
 -8.8981E-03
  6.2042E-03
  1.1431E-02
  5.2993E-03
  1.3196E-03
 -5.5551E-03
  1.0335E-02
 -3.3797E-03
 -1.3009E-02
 -1.9385E-02
 -3.7431E-03
  9.2702E-03
 -7.9539E-04
 -8.3124E-04
 -6.2880E-04
  8.4684E-03
  4.1555E-03
  2.9476E-03
 -7.7979E-04
  1.5890E-03
  1.7431E-03
 -9.5909E-03
 -5.2505E-04
  1.0764E-02
 -1.6693E-02
 -1.5334E-03
  2.0288E-02
  4.4142E-02
  9.6081E-03
 -1.9781E-02
  2.0118E-02
 -1.1373E-03
 -1.8836E-02
  1.0887E-02
 -1.2257E-02
 -3.3435E-02
 -3.0707E-02
 -1.2544E-02
  6.6875E-03
 -8.5242E-03
  2.3565E-03
  1.1564E-02
  6.7537E-03
  1.1817E-02
  1.2463E-02
  1.3366E-02
  7.6230E-03
  2.9455E-04
 -3.9821E-04
 -1.0087E-03
  3.3270E-03
 -2.3510E-02
 -9.2472E-03
  1.6493E-02
 -1.1163E-03
 -9.2385E-04
  2.2055E-03
  4.4787E-03
  1.9825E-04
 -2.1845E-03
  1.6764E-02
  2.6526E-03
 -1.0601E-02
 -3.8484E-02
 -1.4423E-02
  5.0647E-04
 -2.1851E-02
  7.2696E-04
  1.5942E-02
 -1.5964E-06
  1.2749E-02
  1.9903E-02
  6.1931E-02
  2.5942E-02
 -3.8500E-03
  3.5453E-02
 -1.4470E-04
 -3.4155E-02
  1.5079E-02
 -1.8774E-02
 -5.5647E-02
 -5.3401E-02
 -1.9756E-02
  1.4179E-02
 -2.9355E-02
  4.2805E-04
  2.4690E-02
 -6.4420E-03
  2.0615E-02
  3.6339E-02
  6.9224E-03
  9.6264E-03
 -5.7666E-03
  5.5766E-03
  1.3397E-03
 -7.0813E-03
 -1.3962E-02
 -7.1977E-03
  9.2958E-03
  3.1228E-02
  2.4514E-03
 -1.6035E-02
  9.0468E-03
 -2.4165E-03
 -6.7814E-03
 -8.0150E-03
 -4.6054E-04
  1.1000E-02
 -5.6545E-02
 -1.1022E-02
  3.1364E-02
 -1.7308E-02
  1.2379E-03
  1.6870E-02
  2.5784E-02
  9.9041E-03
 -8.6672E-03
  3.4578E-02
  1.9709E-02
 -4.4578E-03
  2.8497E-02
  5.1211E-04
 -3.0885E-02
  1.8230E-02
 -2.1540E-02
 -5.8835E-02
 -1.6834E-02
 -1.9085E-02
  1.5703E-03
 -2.4090E-02
 -8.8460E-04
  3.0876E-02
 -8.8968E-03
  2.6814E-02
  5.6727E-02
  1.1458E-02
  6.2425E-03
 -1.6315E-02
  2.8438E-03
 -3.8254E-03
 -1.1255E-02
 -1.7063E-02
 -1.9104E-02
 -5.3232E-03
 -1.7183E-02
  1.0193E-02
  6.7844E-04
  9.2568E-03
  8.6372E-03
 -7.7229E-03
  6.3137E-03
  6.7847E-03
  1.2665E-02
   5.0340E-01
  0.0000E+00
  0.0000E+00
  0.0000E+00
  0.0000E+00
  0.0000E+00
  0.0000E+00
  0.0000E+00
  0.0000E+00
  0.0000E+00
 -3.2834E-02
 -4.9226E-03
  1.3969E-02
 -1.8075E-02
 -1.1743E-04
  1.8858E-02
 -1.0083E-02
  4.9240E-03
  3.0986E-02
  3.5299E-02
  7.5241E-03
 -1.8907E-02
  1.9718E-02
 -4.7531E-04
 -1.8603E-02
  1.1073E-02
 -1.4085E-02
 -3.6453E-02
 -3.2431E-02
 -1.1844E-02
  1.3258E-02
 -1.6229E-02
  4.0091E-04
  1.9901E-02
  1.1106E-02
  1.7510E-02
  2.5138E-02
  1.2571E-02
  1.4533E-02
  4.3442E-03
  1.7749E-02
  1.3779E-03
 -2.1036E-02
  1.8415E-02
 -1.1925E-02
 -4.2201E-02
 -1.5833E-02
 -5.1693E-03
  3.9679E-03
 -1.1171E-02
 -8.0434E-04
  8.7828E-03
 -1.0632E-02
  3.3351E-03
  1.7272E-02
 -1.5258E-03
 -1.0498E-03
 -6.2080E-04
 -3.7556E-03
 -1.8691E-03
  6.3470E-03
 -1.0540E-02
  3.2061E-03
  2.9658E-02
  2.6938E-02
  8.4742E-03
 -1.6698E-03
  1.4667E-02
 -1.7169E-03
 -1.6071E-02
  1.1093E-02
 -1.1733E-02
 -3.8818E-02
 -2.6021E-02
 -1.2445E-02
 -2.0660E-03
 -8.4413E-03
  4.1820E-03
  1.1017E-02
  3.3157E-03
  1.2855E-02
  1.4015E-02
  2.9635E-02
  5.9788E-03
 -1.2537E-02
  9.1460E-03
 -2.1094E-03
 -5.4097E-03
 -2.1625E-02
 -6.5208E-03
  1.9353E-02
 -3.4083E-03
  2.7859E-03
  7.1233E-03
 -6.0638E-03
  1.0244E-03
  4.4535E-03
 -3.9940E-04
 -1.3621E-03
 -7.7863E-03
 -3.7615E-02
 -1.5985E-02
 -3.3457E-03
 -1.7193E-02
  1.1974E-03
  1.3232E-02
  1.7399E-03
  1.5047E-02
  2.4633E-02
  5.8394E-02
  2.1703E-02
 -2.2747E-03
  2.9230E-02
 -2.3089E-03
 -2.3624E-02
  1.7395E-02
 -1.6565E-02
 -4.2792E-02
 -5.4687E-02
 -1.7722E-02
  1.2322E-02
 -2.3286E-02
  1.6381E-03
  1.8704E-02
  3.3981E-03
  1.5418E-02
  1.8642E-02
 -3.0010E-03
  6.4325E-03
 -4.3383E-04
  8.6694E-03
  8.2011E-04
 -1.0903E-02
  4.7812E-03
 -5.9147E-03
 -8.0592E-03
  2.0099E-02
  4.9475E-03
  3.2996E-03
 -1.6807E-03
 -1.6159E-03
  8.1842E-03
 -1.4344E-02
 -8.4150E-04
  1.8629E-02
 -1.6663E-02
 -8.2403E-03
  4.8006E-04
 -5.9480E-03
  1.3284E-03
  4.2388E-03
 -4.6551E-04
  5.2866E-03
  2.0093E-03
  2.6832E-02
  1.3148E-02
 -1.1842E-02
  2.0253E-02
 -6.3135E-04
 -2.5486E-02
  8.6637E-03
 -1.5599E-02
 -3.6498E-02
 -1.4864E-02
 -1.3053E-02
  9.9450E-03
 -1.5717E-02
 -1.6865E-04
  2.3944E-02
  1.5955E-03
  2.4614E-02
  4.3576E-02
  1.4059E-02
  6.4727E-05
 -2.7477E-02
  1.6630E-03
 -3.7226E-03
 -1.2548E-02
 -1.8798E-02
 -1.4653E-02
 -3.8386E-03
 -7.7261E-03
  8.4345E-04
  3.5986E-03
  1.8874E-02
  1.5205E-02
  1.3938E-02
 -1.3664E-02
 -5.6926E-03
  1.2896E-02
   5.0433E-01
  0.0000E+00
  0.0000E+00
  0.0000E+00
  0.0000E+00
  0.0000E+00
  0.0000E+00
  0.0000E+00
  0.0000E+00
  0.0000E+00
 -2.3401E-02
 -2.4146E-02
 -1.9219E-02
 -1.9584E-02
  2.5636E-03
  2.1438E-02
 -1.4508E-02
  2.5163E-02
  5.2620E-02
  5.9133E-02
  2.4893E-02
 -5.0353E-03
  3.1116E-02
  2.9100E-03
 -3.0023E-02
 -1.9996E-02
 -2.2841E-02
 -3.9450E-02
 -1.0918E-03
 -1.2320E-03
  2.5279E-02
 -5.2125E-03
 -4.8150E-03
  3.4141E-03
  8.3665E-03
 -2.3110E-03
 -2.3976E-02
 -4.0222E-02
 -6.9297E-03
  3.0867E-02
 -8.7671E-03
 -1.1384E-03
  1.1618E-02
  2.7866E-02
  7.4608E-03
 -7.1929E-03
 -3.1954E-02
 -3.4732E-03
  2.0539E-03
  5.8454E-03
  3.4655E-03
 -7.3897E-03
  1.4197E-02
  4.5831E-03
  9.7267E-04
  1.8856E-02
 -4.2070E-03
 -5.3638E-03
 -1.2065E-02
  4.6097E-04
  1.3616E-02
 -1.9487E-02
  8.6482E-03
  1.6137E-02
  4.0807E-02
  1.2353E-02
 -1.7255E-03
  1.8462E-02
 -2.1048E-03
 -1.7713E-02
  3.1152E-03
 -1.1835E-02
 -3.1244E-02
 -3.6406E-02
 -8.2481E-03
  1.8017E-02
 -2.4536E-02
 -2.4471E-03
  2.1181E-02
 -9.7802E-03
  2.5036E-03
  1.9759E-02
  2.2251E-03
  9.0771E-04
 -2.3418E-03
  1.4718E-02
  2.4653E-03
 -1.1364E-02
  2.4009E-02
  3.4577E-03
 -1.8314E-02
 -4.3286E-03
 -8.0679E-03
 -1.4496E-02
 -5.3208E-04
 -7.5867E-04
  1.6593E-03
 -1.2513E-02
  6.2371E-03
  3.2965E-02
  4.1903E-02
  1.4504E-02
  1.3092E-03
  8.4319E-03
  3.0209E-04
 -6.9541E-03
 -2.2815E-02
 -1.4038E-02
 -1.7719E-02
 -2.1078E-02
 -1.0098E-02
  9.0770E-04
  1.7441E-03
 -2.3413E-03
 -7.4080E-03
  1.2664E-02
  6.1845E-03
 -2.2835E-03
 -1.5863E-02
  8.7875E-03
  2.8486E-02
 -1.0283E-02
  4.0876E-03
  1.7800E-02
 -6.1037E-03
 -2.6710E-03
  4.3979E-03
  4.7678E-02
  1.2629E-03
 -3.9019E-02
  1.4082E-02
  1.3722E-04
 -1.4582E-02
 -2.1022E-02
 -6.1573E-03
  1.0260E-03
  4.3058E-03
 -5.2539E-03
 -1.6154E-02
 -2.3005E-03
 -5.2899E-04
  1.7938E-03
 -9.7301E-03
  7.6808E-03
  2.7534E-02
 -3.0265E-02
  9.8337E-04
  3.0743E-02
 -2.5743E-04
 -3.4524E-03
 -1.6405E-03
  4.6712E-02
 -2.9301E-03
 -4.1070E-02
 -3.3654E-02
 -2.2518E-03
  2.6750E-02
 -7.4730E-03
  6.4127E-03
  1.6877E-02
 -1.1030E-03
  5.6049E-03
  7.8705E-03
  1.0947E-02
  5.6392E-03
 -3.1109E-03
  2.3763E-03
 -3.5882E-03
 -5.8731E-03
 -1.2211E-02
 -1.9004E-02
 -1.4995E-02
 -1.3266E-02
  6.2715E-03
  3.5637E-02
  5.8048E-03
  2.4341E-03
  5.1460E-04
  2.8797E-02
  7.6019E-03
 -2.0519E-02
  1.9615E-02
 -4.5266E-03
 -3.3802E-02
 -1.6236E-02
 -1.3002E-02
 -2.3806E-02
  3.7196E-03
  1.8258E-02
  9.8522E-03
   5.0439E-01
  0.0000E+00
  0.0000E+00
  0.0000E+00
  0.0000E+00
  0.0000E+00
  0.0000E+00
  0.0000E+00
  0.0000E+00
  0.0000E+00
 -4.5178E-02
 -7.2854E-03
  3.0774E-02
 -7.9193E-03
  3.8351E-04
  8.3304E-03
  2.7605E-02
  6.8057E-03
 -1.4872E-02
  1.1429E-02
  8.2682E-03
  4.2328E-03
  1.0631E-02
  6.2645E-04
 -1.1389E-02
  6.6511E-03
 -7.4222E-03
 -2.4642E-02
  3.2050E-02
 -2.7737E-03
 -3.1463E-02
 -4.6825E-03
 -9.4909E-04
  4.9842E-03
 -3.5189E-02
  2.1940E-03
  3.7842E-02
  3.8437E-02
  5.0823E-04
 -3.7190E-02
  1.4510E-03
  4.6514E-05
 -5.6119E-04
 -3.7055E-02
 -1.0395E-03
  3.6339E-02
  9.9495E-03
 -1.3089E-03
 -1.8225E-02
  6.8506E-04
  5.8411E-04
 -1.0454E-03
 -1.6458E-02
  1.1100E-03
  2.1279E-02
 -7.7426E-03
 -2.3790E-03
  6.5948E-03
 -5.0077E-03
  4.4782E-05
  5.8297E-03
  1.2345E-03
  2.9081E-03
  2.4363E-03
 -8.8987E-03
  4.8821E-03
  2.1073E-02
  8.1703E-03
  8.6698E-05
 -7.8719E-03
  2.6717E-02
 -4.8079E-03
 -3.8492E-02
 -4.4485E-02
 -3.2097E-03
  3.8319E-02
 -6.5139E-03
 -5.1241E-04
  5.3928E-03
  3.3781E-02
  2.2091E-03
 -2.9809E-02
 -2.2926E-02
  1.5036E-03
  2.5000E-02
  2.1917E-03
  3.5299E-04
 -1.7491E-03
  2.5081E-02
 -1.7136E-04
 -2.5017E-02
  8.0574E-03
 -2.1542E-03
 -1.3747E-02
  1.6661E-03
  1.4505E-04
 -1.1587E-03
 -1.0151E-02
  1.4783E-03
  1.4923E-02
  4.3030E-02
  7.2749E-04
 -3.8336E-02
 -3.0808E-03
 -5.7477E-05
  3.2853E-03
 -4.7305E-02
 -1.2521E-03
  4.2201E-02
  4.3748E-02
  1.3457E-03
 -4.0128E-02
  7.4533E-03
 -1.0041E-04
 -7.8894E-03
 -2.9106E-02
 -1.3159E-03
  2.5075E-02
 -8.2185E-03
 -1.4155E-03
  5.2342E-03
 -6.9086E-03
  4.5471E-04
  7.8441E-03
 -6.0579E-03
  1.4671E-03
  9.1978E-03
 -1.2864E-02
  1.0655E-03
  1.4360E-02
  4.4572E-03
  1.8246E-04
 -4.0562E-03
  1.7823E-02
 -1.8725E-03
 -2.0862E-02
 -2.7161E-02
 -7.3815E-04
  2.4981E-02
 -1.3453E-04
 -6.4657E-05
  1.3687E-04
  2.6079E-02
  1.4332E-03
 -2.2245E-02
 -3.8629E-02
 -1.4642E-03
  3.5945E-02
 -2.5288E-03
 -3.3033E-04
  1.7005E-03
  3.8316E-02
  1.0812E-03
 -3.6733E-02
 -8.3131E-03
  3.6187E-03
  1.4961E-02
  4.4406E-03
  8.0608E-04
 -2.9921E-03
  1.4422E-02
 -3.2303E-03
 -2.0621E-02
  1.8811E-02
 -2.2118E-03
 -2.3383E-02
 -4.7886E-03
 -4.6690E-04
  4.7884E-03
 -2.9716E-02
  6.3675E-04
  3.3005E-02
  3.0387E-02
  2.1268E-03
 -2.7253E-02
  2.0749E-03
  3.3157E-04
 -2.6289E-03
 -2.8565E-02
 -2.9550E-04
  2.6659E-02
 -1.8268E-02
  7.2972E-04
  1.5505E-02
 -4.1608E-04
 -1.0070E-03
 -4.5389E-03
  2.2944E-02
  2.9178E-03
 -1.8769E-02
   5.0535E-01
  0.0000E+00
  0.0000E+00
  0.0000E+00
  0.0000E+00
  0.0000E+00
  0.0000E+00
  0.0000E+00
  0.0000E+00
  0.0000E+00
  5.6666E-03
  1.1254E-05
  5.1497E-03
 -3.9673E-03
  8.8730E-04
  3.5700E-03
 -1.2002E-02
 -3.3365E-04
 -3.8025E-03
 -1.8300E-02
  4.4739E-03
 -1.9832E-02
  3.8329E-03
  1.7358E-03
 -5.4720E-03
  1.7176E-02
 -4.8748E-03
  9.9333E-03
 -3.2359E-02
 -3.6103E-02
 -3.8549E-02
  3.5331E-03
 -2.6562E-03
 -9.2816E-04
  5.0189E-02
  3.7696E-02
  3.9739E-02
  5.6360E-02
  4.8635E-02
  6.7726E-02
 -7.0374E-03
  7.6729E-05
  6.2562E-03
 -7.1244E-02
 -5.0645E-02
 -5.8733E-02
 -9.8738E-03
 -2.1261E-02
 -8.0239E-03
  3.8175E-03
  1.4397E-03
 -4.7848E-03
  6.9290E-03
  2.0626E-02
  2.0064E-03
 -6.7568E-03
  5.0516E-03
 -2.6678E-03
 -3.6135E-03
 -6.5431E-04
  6.3151E-03
  8.7752E-03
 -1.6398E-03
  1.5493E-02
 -1.3704E-02
 -6.3382E-03
 -3.3532E-02
  5.4580E-03
  8.1341E-04
 -6.4204E-03
  2.4973E-02
  5.2003E-03
  1.4810E-02
 -1.8887E-02
 -2.2533E-02
 -8.7740E-03
 -4.3875E-03
 -1.0193E-03
  1.9337E-03
  8.8434E-03
  1.9375E-02
  1.1671E-02
  6.7000E-02
  5.6200E-02
  7.8808E-02
  1.9881E-03
 -1.5144E-05
  1.6327E-03
 -5.9114E-02
 -5.2221E-02
 -7.1434E-02
 -3.4892E-02
 -4.1633E-02
 -4.5769E-02
  2.1643E-03
  5.9038E-04
 -3.2789E-03
  3.0763E-02
  4.0164E-02
  4.2370E-02
  9.6934E-05
  1.1844E-02
 -1.5344E-02
 -5.3530E-04
 -3.1584E-04
 -1.0972E-03
  9.9584E-04
 -1.3625E-02
  8.6872E-03
 -1.1059E-02
 -7.9326E-03
 -1.4779E-02
  3.5186E-03
 -7.1601E-04
 -1.7025E-03
  1.9744E-02
  1.1223E-02
  1.9172E-02
  2.7525E-03
 -3.3130E-03
  2.3561E-02
 -3.5571E-03
  9.3059E-04
  2.4614E-03
 -9.8316E-03
  2.5323E-03
 -2.3957E-02
  4.8598E-02
  4.3392E-02
  5.5162E-02
 -2.9304E-03
 -2.2400E-05
  1.3204E-03
 -5.6946E-02
 -4.5025E-02
 -5.3209E-02
 -4.7235E-02
 -4.8571E-02
 -6.6687E-02
  6.7776E-03
 -6.0523E-04
 -4.0240E-03
  6.3201E-02
  5.2643E-02
  6.6793E-02
 -7.3196E-03
  1.6049E-02
  1.1994E-03
 -5.9345E-03
 -3.7388E-04
  2.8895E-03
  4.1351E-04
 -1.8898E-02
 -4.5856E-03
  6.7898E-04
 -6.3192E-03
  2.9846E-03
 -3.3699E-04
  1.6591E-03
  1.9728E-03
 -5.9981E-03
  6.4952E-03
 -6.7829E-04
  2.9101E-02
  9.4341E-03
  2.6930E-02
  2.2039E-03
 -5.8123E-04
  6.1669E-04
 -2.8000E-02
 -8.5701E-03
 -1.8336E-02
  1.3365E-02
  2.3939E-02
  2.8256E-02
 -4.8363E-03
 -1.1766E-03
  8.3913E-04
 -2.5227E-02
 -2.7043E-02
 -2.5890E-02
 -5.7693E-02
 -4.9367E-02
 -7.8722E-02
  1.4527E-03
  3.6529E-03
 -6.9477E-03
  7.3405E-02
  6.1333E-02
  6.1340E-02
   5.0624E-01
  0.0000E+00
  0.0000E+00
  0.0000E+00
  0.0000E+00
  0.0000E+00
  0.0000E+00
  0.0000E+00
  0.0000E+00
  0.0000E+00
 -1.3544E-02
 -6.7564E-04
  1.5541E-02
 -3.2643E-03
 -9.2606E-04
  3.4119E-03
 -3.5003E-03
 -8.5905E-04
  2.4335E-03
  2.3149E-02
  6.9987E-04
 -2.0958E-02
 -2.2776E-03
 -2.0270E-04
  2.9693E-03
  1.7043E-02
  1.8982E-03
 -1.1843E-02
  4.4027E-02
  1.2113E-03
 -4.9083E-02
  3.4724E-02
  1.2040E-03
 -3.7824E-02
  2.9780E-02
 -3.1265E-03
 -3.9572E-02
 -5.4957E-02
 -2.2949E-03
  5.2812E-02
 -4.7268E-02
  3.1889E-04
  4.8379E-02
 -6.4938E-02
  3.8165E-03
  7.1071E-02
  1.1480E-02
  2.9298E-03
 -4.5237E-03
  1.9758E-02
 -1.3484E-03
 -1.9573E-02
  6.4699E-03
 -1.8442E-03
 -5.4913E-03
 -5.1907E-03
 -2.2905E-03
 -3.9724E-03
 -5.9099E-03
  4.8748E-04
  3.3827E-03
  1.3932E-02
 -4.9693E-05
 -1.6454E-02
  2.3524E-02
  1.7009E-03
 -2.0679E-02
  6.3839E-03
  3.3243E-04
 -5.7142E-03
  2.0797E-02
  7.5617E-04
 -1.8719E-02
  1.9225E-02
  4.0644E-03
 -1.3919E-02
  2.1819E-02
 -1.2332E-04
 -2.4094E-02
  1.1934E-02
 -1.7274E-03
 -1.6623E-02
 -7.3517E-02
 -3.8094E-03
  5.9902E-02
 -5.6247E-02
  1.0507E-03
  5.3071E-02
 -7.0158E-02
  4.1191E-03
  7.3837E-02
  3.9435E-02
  2.2878E-03
 -3.4424E-02
  3.9490E-02
 -4.4475E-04
 -3.8002E-02
  3.3684E-02
 -1.6365E-03
 -3.2639E-02
  4.9899E-03
 -6.6076E-04
 -1.7634E-03
 -1.0528E-02
  1.8388E-05
  1.0766E-02
  1.4976E-02
  5.9740E-04
 -1.7926E-02
  4.9399E-03
 -1.4596E-03
 -9.4078E-03
  7.2914E-03
  1.5250E-03
 -8.8758E-03
  1.7946E-02
  1.4532E-04
 -2.5375E-02
 -6.2391E-03
  7.4599E-04
  1.0388E-02
  7.1132E-03
 -7.5010E-04
 -4.7961E-03
 -1.5360E-02
 -1.2261E-03
  1.7886E-02
 -5.7699E-02
 -6.1068E-03
  4.6845E-02
 -4.4506E-02
 -6.8192E-04
  4.6263E-02
 -4.7295E-02
  4.5132E-03
  6.1203E-02
  5.8436E-02
  2.9129E-03
 -5.6405E-02
  4.8335E-02
  1.2992E-03
 -5.0545E-02
  5.2899E-02
 -4.7891E-03
 -6.8299E-02
  1.1749E-02
 -2.9153E-04
 -7.0156E-03
 -1.6497E-02
 -1.3618E-04
  1.6086E-02
 -7.3528E-03
  2.2840E-03
  6.3273E-03
  7.6599E-03
  2.7231E-03
  4.0262E-05
  6.2971E-03
 -4.3427E-04
 -5.3143E-03
 -8.3349E-03
 -1.3943E-03
  6.9949E-03
 -3.8947E-02
 -2.8940E-03
  2.1403E-02
 -7.4168E-03
  5.8168E-04
  4.2232E-03
 -2.0059E-02
 -3.8076E-04
  2.2339E-02
 -2.3294E-02
 -2.3102E-04
  2.4463E-02
 -2.6366E-02
  2.8816E-04
  2.7782E-02
 -1.7041E-02
  5.6261E-03
  2.8340E-02
  7.5909E-02
  5.6400E-03
 -6.2629E-02
  5.5455E-02
 -2.7959E-03
 -5.7154E-02
  6.2847E-02
 -9.4317E-03
 -7.5923E-02
   5.0785E-01
  0.0000E+00
  0.0000E+00
  0.0000E+00
  0.0000E+00
  0.0000E+00
  0.0000E+00
  0.0000E+00
  0.0000E+00
  0.0000E+00
 -1.2362E-02
 -2.7367E-03
 -1.1824E-02
 -7.9109E-03
  1.9914E-03
  1.1547E-02
 -1.2894E-02
  1.0154E-03
  3.2944E-02
 -2.4782E-02
 -8.0631E-03
  1.7189E-02
  4.8914E-03
 -4.7247E-04
 -1.2711E-02
  3.5675E-02
 -9.3819E-04
 -5.9833E-02
  1.6865E-03
  2.4347E-02
  5.7486E-02
  3.0024E-03
 -8.3309E-04
  6.9613E-03
  3.2640E-02
 -1.3091E-02
 -4.6040E-02
 -4.2566E-02
 -9.4244E-03
 -6.5385E-03
  4.3343E-03
  1.1958E-03
 -9.3339E-03
  4.6784E-02
  8.0330E-03
 -1.5245E-02
 -7.4716E-03
  5.8694E-03
  2.4212E-02
 -1.0489E-02
  3.8359E-03
  8.6786E-03
 -4.5312E-02
 -1.0726E-02
 -1.0572E-04
  2.7999E-02
 -1.1505E-02
 -3.3262E-02
  1.7770E-02
 -1.0266E-02
 -1.3082E-02
  2.3903E-02
  1.4229E-02
  3.7246E-02
  2.4887E-02
  9.8284E-03
 -3.0434E-03
 -1.5224E-02
  1.7962E-04
  1.1519E-02
 -4.6081E-02
 -7.1747E-03
  2.1417E-02
  2.4575E-02
 -5.2487E-03
 -2.1012E-02
  1.2231E-02
  2.8652E-03
 -2.2680E-02
 -1.0251E-02
  4.5773E-03
 -2.7014E-02
 -4.3236E-02
  4.3375E-03
  4.8946E-02
  1.5382E-03
 -2.6915E-03
  1.0582E-02
  5.1242E-02
  3.7849E-03
 -5.7004E-03
 -1.4218E-02
 -3.9416E-04
 -1.1086E-02
  3.3270E-03
  4.0714E-03
 -6.7984E-03
  1.9887E-02
 -7.1362E-03
 -3.2871E-02
  3.3552E-02
  1.7480E-03
 -1.1054E-02
 -8.0637E-03
  2.6432E-03
  6.4389E-03
 -4.8243E-02
 -3.6009E-03
  8.2178E-03
  7.8267E-03
  3.7362E-03
 -6.3661E-03
  2.4634E-03
 -1.4450E-03
  6.0310E-03
  1.1492E-02
  7.3286E-03
  3.1946E-02
  3.5931E-03
 -1.1832E-03
 -2.0290E-02
  8.4216E-03
  3.5628E-04
 -1.4597E-02
 -5.4674E-03
 -1.2542E-02
 -1.9061E-02
 -1.0286E-02
 -8.7472E-03
  1.4277E-02
 -6.0406E-03
 -2.3050E-03
  8.1576E-03
 -1.4716E-03
  6.0008E-03
  5.4419E-03
 -1.1568E-02
  1.3930E-02
  4.1582E-02
  7.9063E-03
  1.2700E-03
  3.1989E-03
  3.1961E-02
 -1.7085E-03
 -2.0402E-02
  1.7375E-02
 -5.1089E-03
 -2.7097E-02
 -3.1802E-03
  2.1275E-03
 -4.4507E-03
 -2.5803E-02
 -5.5262E-03
 -9.5181E-03
 -2.5671E-02
 -7.2255E-03
 -4.2169E-04
  1.5104E-03
  8.7396E-05
 -3.8219E-04
  1.9674E-02
  4.9287E-03
  3.7324E-03
  1.4357E-02
  2.6083E-02
  3.1640E-02
  4.1332E-03
 -2.2015E-03
  1.8643E-03
 -1.4091E-02
 -1.3851E-02
  1.3359E-02
 -2.3827E-03
 -1.5645E-02
 -3.2598E-02
 -1.7992E-02
  4.6548E-03
  6.5855E-03
 -2.9015E-02
  1.0674E-02
  1.2623E-02
  1.1459E-02
 -6.2569E-03
 -1.2908E-02
  2.3730E-02
  1.8306E-02
  7.4019E-03
  2.0370E-02
 -6.3480E-03
 -5.5090E-02
