Scalar STRAINXX under Modal for nodeset
189
   4.9576E-01
  0.0000E+00
  0.0000E+00
  0.0000E+00
  0.0000E+00
  0.0000E+00
  0.0000E+00
  0.0000E+00
  0.0000E+00
  0.0000E+00
 -1.3635E-03
  3.6481E-03
 -1.3635E-03
 -1.3635E-03
  3.6481E-03
 -1.3635E-03
 -1.3635E-03
  3.6481E-03
 -1.3635E-03
 -5.7574E-04
  1.1380E-03
 -5.7574E-04
 -5.7574E-04
  1.1380E-03
 -5.7574E-04
 -5.7574E-04
  1.1380E-03
 -5.7574E-04
 -8.7108E-04
  5.4212E-03
 -8.7108E-04
 -8.7108E-04
  5.4212E-03
 -8.7108E-04
 -8.7108E-04
  5.4212E-03
 -8.7108E-04
 -1.0285E-02
 -1.1571E-03
 -1.0285E-02
 -1.0285E-02
 -1.1571E-03
 -1.0285E-02
 -1.0285E-02
 -1.1571E-03
 -1.0285E-02
  4.8706E-03
  5.0420E-03
  4.8706E-03
  4.8706E-03
  5.0420E-03
  4.8706E-03
  4.8706E-03
  5.0420E-03
  4.8706E-03
  9.3870E-04
 -7.1866E-03
  9.3870E-04
  9.3870E-04
 -7.1866E-03
  9.3870E-04
  9.3870E-04
 -7.1866E-03
  9.3870E-04
  6.1032E-03
  2.7350E-03
  6.1032E-03
  6.1032E-03
  2.7350E-03
  6.1032E-03
  6.1032E-03
  2.7350E-03
  6.1032E-03
 -3.0794E-03
 -5.9873E-03
 -3.0794E-03
 -3.0794E-03
 -5.9873E-03
 -3.0794E-03
 -3.0794E-03
 -5.9873E-03
 -3.0794E-03
  4.2266E-03
 -5.1394E-03
  4.2266E-03
  4.2266E-03
 -5.1394E-03
  4.2266E-03
  4.2266E-03
 -5.1394E-03
  4.2266E-03
  1.0420E-02
 -1.4483E-03
  1.0420E-02
  1.0420E-02
 -1.4483E-03
  1.0420E-02
  1.0420E-02
 -1.4483E-03
  1.0420E-02
  1.0746E-03
 -7.0019E-03
  1.0746E-03
  1.0746E-03
 -7.0019E-03
  1.0746E-03
  1.0746E-03
 -7.0019E-03
  1.0746E-03
  2.3764E-03
  4.2073E-04
  2.3764E-03
  2.3764E-03
  4.2073E-04
  2.3764E-03
  2.3764E-03
  4.2073E-04
  2.3764E-03
 -3.8969E-03
 -5.4518E-03
 -3.8969E-03
 -3.8969E-03
 -5.4518E-03
 -3.8969E-03
 -3.8969E-03
 -5.4518E-03
 -3.8969E-03
  8.9180E-03
  5.2647E-03
  8.9180E-03
  8.9180E-03
  5.2647E-03
  8.9180E-03
  8.9180E-03
  5.2647E-03
  8.9180E-03
 -4.2564E-03
 -3.7742E-03
 -4.2564E-03
 -4.2564E-03
 -3.7742E-03
 -4.2564E-03
 -4.2564E-03
 -3.7742E-03
 -4.2564E-03
 -4.9067E-03
  6.0439E-03
 -4.9067E-03
 -4.9067E-03
  6.0439E-03
 -4.9067E-03
 -4.9067E-03
  6.0439E-03
 -4.9067E-03
 -5.1847E-03
  4.0550E-03
 -5.1847E-03
 -5.1847E-03
  4.0550E-03
 -5.1847E-03
 -5.1847E-03
  4.0550E-03
 -5.1847E-03
 -1.0812E-03
  3.8068E-04
 -1.0812E-03
 -1.0812E-03
  3.8068E-04
 -1.0812E-03
 -1.0812E-03
  3.8068E-04
 -1.0812E-03
  3.2453E-03
  5.9311E-03
  3.2453E-03
  3.2453E-03
  5.9311E-03
  3.2453E-03
  3.2453E-03
  5.9311E-03
  3.2453E-03
 -3.6424E-03
 -7.6434E-03
 -3.6424E-03
 -3.6424E-03
 -7.6434E-03
 -3.6424E-03
 -3.6424E-03
 -7.6434E-03
 -3.6424E-03
   4.9754E-01
  0.0000E+00
  0.0000E+00
  0.0000E+00
  0.0000E+00
  0.0000E+00
  0.0000E+00
  0.0000E+00
  0.0000E+00
  0.0000E+00
  6.0327E-03
 -4.3480E-03
  6.0327E-03
  6.0327E-03
 -4.3480E-03
  6.0327E-03
  6.0327E-03
 -4.3480E-03
  6.0327E-03
  3.3075E-03
 -4.6041E-03
  3.3075E-03
  3.3075E-03
 -4.6041E-03
  3.3075E-03
  3.3075E-03
 -4.6041E-03
  3.3075E-03
  7.0200E-04
 -6.6275E-04
  7.0200E-04
  7.0200E-04
 -6.6275E-04
  7.0200E-04
  7.0200E-04
 -6.6275E-04
  7.0200E-04
 -2.3872E-03
  3.7159E-04
 -2.3872E-03
 -2.3872E-03
  3.7159E-04
 -2.3872E-03
 -2.3872E-03
  3.7159E-04
 -2.3872E-03
 -1.5629E-03
  5.2556E-03
 -1.5629E-03
 -1.5629E-03
  5.2556E-03
 -1.5629E-03
 -1.5629E-03
  5.2556E-03
 -1.5629E-03
 -6.6175E-03
  5.2752E-03
 -6.6175E-03
 -6.6175E-03
  5.2752E-03
 -6.6175E-03
 -6.6175E-03
  5.2752E-03
 -6.6175E-03
 -7.2067E-03
  6.7654E-03
 -7.2067E-03
 -7.2067E-03
  6.7654E-03
 -7.2067E-03
 -7.2067E-03
  6.7654E-03
 -7.2067E-03
 -5.0223E-03
  4.4904E-03
 -5.0223E-03
 -5.0223E-03
  4.4904E-03
 -5.0223E-03
 -5.0223E-03
  4.4904E-03
 -5.0223E-03
 -4.2448E-04
  1.9928E-03
 -4.2448E-04
 -4.2448E-04
  1.9928E-03
 -4.2448E-04
 -4.2448E-04
  1.9928E-03
 -4.2448E-04
  1.7934E-03
 -7.6432E-04
  1.7934E-03
  1.7934E-03
 -7.6432E-04
  1.7934E-03
  1.7934E-03
 -7.6432E-04
  1.7934E-03
  1.5636E-03
 -4.8531E-03
  1.5636E-03
  1.5636E-03
 -4.8531E-03
  1.5636E-03
  1.5636E-03
 -4.8531E-03
  1.5636E-03
  6.4492E-03
 -4.8533E-03
  6.4492E-03
  6.4492E-03
 -4.8533E-03
  6.4492E-03
  6.4492E-03
 -4.8533E-03
  6.4492E-03
  6.8224E-03
 -7.3951E-03
  6.8224E-03
  6.8224E-03
 -7.3951E-03
  6.8224E-03
  6.8224E-03
 -7.3951E-03
  6.8224E-03
  6.0089E-03
 -4.0852E-03
  6.0089E-03
  6.0089E-03
 -4.0852E-03
  6.0089E-03
  6.0089E-03
 -4.0852E-03
  6.0089E-03
  4.4668E-06
 -2.8440E-03
  4.4668E-06
  4.4668E-06
 -2.8440E-03
  4.4668E-06
  4.4668E-06
 -2.8440E-03
  4.4668E-06
 -9.0521E-04
  1.1409E-03
 -9.0521E-04
 -9.0521E-04
  1.1409E-03
 -9.0521E-04
 -9.0521E-04
  1.1409E-03
 -9.0521E-04
 -1.8982E-03
  3.5763E-03
 -1.8982E-03
 -1.8982E-03
  3.5763E-03
 -1.8982E-03
 -1.8982E-03
  3.5763E-03
 -1.8982E-03
 -4.8258E-03
  4.8300E-03
 -4.8258E-03
 -4.8258E-03
  4.8300E-03
 -4.8258E-03
 -4.8258E-03
  4.8300E-03
 -4.8258E-03
 -4.5251E-03
  4.6184E-03
 -4.5251E-03
 -4.5251E-03
  4.6184E-03
 -4.5251E-03
 -4.5251E-03
  4.6184E-03
 -4.5251E-03
  2.2646E-03
 -4.0413E-03
  2.2646E-03
  2.2646E-03
 -4.0413E-03
  2.2646E-03
  2.2646E-03
 -4.0413E-03
  2.2646E-03
   4.9937E-01
  0.0000E+00
  0.0000E+00
  0.0000E+00
  0.0000E+00
  0.0000E+00
  0.0000E+00
  0.0000E+00
  0.0000E+00
  0.0000E+00
 -1.1248E-02
  7.7983E-03
 -1.1248E-02
 -1.1248E-02
  7.7983E-03
 -1.1248E-02
 -1.1248E-02
  7.7983E-03
 -1.1248E-02
  2.1788E-02
 -1.3378E-02
  2.1788E-02
  2.1788E-02
 -1.3378E-02
  2.1788E-02
  2.1788E-02
 -1.3378E-02
  2.1788E-02
 -4.1148E-03
  4.2364E-03
 -4.1148E-03
 -4.1148E-03
  4.2364E-03
 -4.1148E-03
 -4.1148E-03
  4.2364E-03
 -4.1148E-03
 -1.0178E-02
  3.9289E-03
 -1.0178E-02
 -1.0178E-02
  3.9289E-03
 -1.0178E-02
 -1.0178E-02
  3.9289E-03
 -1.0178E-02
 -2.6810E-03
  6.7237E-04
 -2.6810E-03
 -2.6810E-03
  6.7237E-04
 -2.6810E-03
 -2.6810E-03
  6.7237E-04
 -2.6810E-03
  8.5979E-03
 -1.8698E-03
  8.5979E-03
  8.5979E-03
 -1.8698E-03
  8.5979E-03
  8.5979E-03
 -1.8698E-03
  8.5979E-03
  1.1546E-02
 -9.3378E-03
  1.1546E-02
  1.1546E-02
 -9.3378E-03
  1.1546E-02
  1.1546E-02
 -9.3378E-03
  1.1546E-02
 -2.0786E-02
  1.4963E-02
 -2.0786E-02
 -2.0786E-02
  1.4963E-02
 -2.0786E-02
 -2.0786E-02
  1.4963E-02
 -2.0786E-02
  3.9693E-03
 -7.5766E-03
  3.9693E-03
  3.9693E-03
 -7.5766E-03
  3.9693E-03
  3.9693E-03
 -7.5766E-03
  3.9693E-03
  5.0214E-04
  5.6068E-03
  5.0214E-04
  5.0214E-04
  5.6068E-03
  5.0214E-04
  5.0214E-04
  5.6068E-03
  5.0214E-04
  1.7623E-02
 -1.3967E-02
  1.7623E-02
  1.7623E-02
 -1.3967E-02
  1.7623E-02
  1.7623E-02
 -1.3967E-02
  1.7623E-02
 -1.8642E-02
  1.3545E-02
 -1.8642E-02
 -1.8642E-02
  1.3545E-02
 -1.8642E-02
 -1.8642E-02
  1.3545E-02
 -1.8642E-02
 -2.7530E-03
 -1.8428E-03
 -2.7530E-03
 -2.7530E-03
 -1.8428E-03
 -2.7530E-03
 -2.7530E-03
 -1.8428E-03
 -2.7530E-03
  5.8921E-03
 -1.4496E-03
  5.8921E-03
  5.8921E-03
 -1.4496E-03
  5.8921E-03
  5.8921E-03
 -1.4496E-03
  5.8921E-03
  1.0099E-02
 -4.1712E-03
  1.0099E-02
  1.0099E-02
 -4.1712E-03
  1.0099E-02
  1.0099E-02
 -4.1712E-03
  1.0099E-02
 -5.0864E-03
 -6.0574E-04
 -5.0864E-03
 -5.0864E-03
 -6.0574E-04
 -5.0864E-03
 -5.0864E-03
 -6.0574E-04
 -5.0864E-03
 -1.6171E-02
  1.3583E-02
 -1.6171E-02
 -1.6171E-02
  1.3583E-02
 -1.6171E-02
 -1.6171E-02
  1.3583E-02
 -1.6171E-02
  1.3203E-02
 -1.5617E-02
  1.3203E-02
  1.3203E-02
 -1.5617E-02
  1.3203E-02
  1.3203E-02
 -1.5617E-02
  1.3203E-02
  5.4553E-03
  1.1694E-02
  5.4553E-03
  5.4553E-03
  1.1694E-02
  5.4553E-03
  5.4553E-03
  1.1694E-02
  5.4553E-03
 -1.9202E-03
 -2.1918E-02
 -1.9202E-03
 -1.9202E-03
 -2.1918E-02
 -1.9202E-03
 -1.9202E-03
 -2.1918E-02
 -1.9202E-03
   5.0054E-01
  0.0000E+00
  0.0000E+00
  0.0000E+00
  0.0000E+00
  0.0000E+00
  0.0000E+00
  0.0000E+00
  0.0000E+00
  0.0000E+00
 -4.6857E-03
  7.2835E-03
 -4.6857E-03
 -4.6857E-03
  7.2835E-03
 -4.6857E-03
 -4.6857E-03
  7.2835E-03
 -4.6857E-03
 -3.7712E-03
  1.3826E-03
 -3.7712E-03
 -3.7712E-03
  1.3826E-03
 -3.7712E-03
 -3.7712E-03
  1.3826E-03
 -3.7712E-03
  3.7275E-03
  5.3132E-04
  3.7275E-03
  3.7275E-03
  5.3132E-04
  3.7275E-03
  3.7275E-03
  5.3132E-04
  3.7275E-03
  2.1544E-03
 -7.6507E-03
  2.1544E-03
  2.1544E-03
 -7.6507E-03
  2.1544E-03
  2.1544E-03
 -7.6507E-03
  2.1544E-03
  1.0104E-02
 -5.9932E-03
  1.0104E-02
  1.0104E-02
 -5.9932E-03
  1.0104E-02
  1.0104E-02
 -5.9932E-03
  1.0104E-02
  5.1777E-03
 -9.9094E-03
  5.1777E-03
  5.1777E-03
 -9.9094E-03
  5.1777E-03
  5.1777E-03
 -9.9094E-03
  5.1777E-03
  4.3523E-03
  9.5944E-04
  4.3523E-03
  4.3523E-03
  9.5944E-04
  4.3523E-03
  4.3523E-03
  9.5944E-04
  4.3523E-03
 -5.7141E-03
  1.9679E-03
 -5.7141E-03
 -5.7141E-03
  1.9679E-03
 -5.7141E-03
 -5.7141E-03
  1.9679E-03
 -5.7141E-03
 -7.3995E-03
  6.9483E-03
 -7.3995E-03
 -7.3995E-03
  6.9483E-03
 -7.3995E-03
 -7.3995E-03
  6.9483E-03
 -7.3995E-03
 -5.4502E-03
  9.8803E-03
 -5.4502E-03
 -5.4502E-03
  9.8803E-03
 -5.4502E-03
 -5.4502E-03
  9.8803E-03
 -5.4502E-03
 -6.0807E-03
  2.8530E-03
 -6.0807E-03
 -6.0807E-03
  2.8530E-03
 -6.0807E-03
 -6.0807E-03
  2.8530E-03
 -6.0807E-03
  1.2673E-03
  1.3150E-03
  1.2673E-03
  1.2673E-03
  1.3150E-03
  1.2673E-03
  1.2673E-03
  1.3150E-03
  1.2673E-03
  2.5347E-03
 -7.2627E-03
  2.5347E-03
  2.5347E-03
 -7.2627E-03
  2.5347E-03
  2.5347E-03
 -7.2627E-03
  2.5347E-03
  1.1703E-02
 -5.6821E-03
  1.1703E-02
  1.1703E-02
 -5.6821E-03
  1.1703E-02
  1.1703E-02
 -5.6821E-03
  1.1703E-02
  4.6285E-03
 -1.0433E-02
  4.6285E-03
  4.6285E-03
 -1.0433E-02
  4.6285E-03
  4.6285E-03
 -1.0433E-02
  4.6285E-03
  3.2518E-03
  8.9513E-05
  3.2518E-03
  3.2518E-03
  8.9513E-05
  3.2518E-03
  3.2518E-03
  8.9513E-05
  3.2518E-03
 -3.6045E-03
  1.5912E-03
 -3.6045E-03
 -3.6045E-03
  1.5912E-03
 -3.6045E-03
 -3.6045E-03
  1.5912E-03
 -3.6045E-03
 -4.7827E-03
  5.1946E-03
 -4.7827E-03
 -4.7827E-03
  5.1946E-03
 -4.7827E-03
 -4.7827E-03
  5.1946E-03
 -4.7827E-03
 -3.3204E-03
  7.2172E-03
 -3.3204E-03
 -3.3204E-03
  7.2172E-03
 -3.3204E-03
 -3.3204E-03
  7.2172E-03
 -3.3204E-03
  2.2559E-03
 -6.2220E-03
  2.2559E-03
  2.2559E-03
 -6.2220E-03
  2.2559E-03
  2.2559E-03
 -6.2220E-03
  2.2559E-03
   5.0174E-01
  0.0000E+00
  0.0000E+00
  0.0000E+00
  0.0000E+00
  0.0000E+00
  0.0000E+00
  0.0000E+00
  0.0000E+00
  0.0000E+00
 -2.0103E-02
 -1.0533E-02
  8.1054E-03
 -1.4104E-02
 -2.7102E-14
  1.4104E-02
 -8.1054E-03
  1.0533E-02
  2.0103E-02
  2.5878E-02
  7.6444E-03
 -5.9020E-03
  1.5890E-02
 -5.9418E-14
 -1.5890E-02
  5.9020E-03
 -7.6444E-03
 -2.5878E-02
 -1.8564E-02
  3.5018E-03
 -1.2310E-03
 -8.6664E-03
  1.1265E-13
  8.6664E-03
  1.2310E-03
 -3.5018E-03
  1.8564E-02
  9.2002E-03
  1.2293E-03
 -3.5741E-03
  6.3871E-03
 -5.8563E-14
 -6.3871E-03
  3.5741E-03
 -1.2293E-03
 -9.2002E-03
  3.2237E-03
 -5.0326E-03
  6.1113E-03
 -1.4438E-03
  1.6984E-13
  1.4438E-03
 -6.1113E-03
  5.0326E-03
 -3.2237E-03
 -1.8384E-02
 -6.7454E-03
  5.1308E-03
 -1.1757E-02
 -1.0864E-13
  1.1757E-02
 -5.1308E-03
  6.7454E-03
  1.8384E-02
  2.3221E-02
  8.7337E-03
 -9.9701E-03
  1.6596E-02
  1.2928E-13
 -1.6596E-02
  9.9701E-03
 -8.7337E-03
 -2.3221E-02
 -1.5334E-02
  4.1812E-03
  2.1793E-03
 -8.7568E-03
 -1.8023E-13
  8.7568E-03
 -2.1793E-03
 -4.1812E-03
  1.5334E-02
  7.3253E-03
 -3.3147E-03
 -1.4545E-03
  4.3899E-03
  4.5080E-14
 -4.3899E-03
  1.4545E-03
  3.3147E-03
 -7.3253E-03
 -4.9536E-04
 -6.6642E-03
  4.9060E-03
 -2.7007E-03
 -9.4696E-14
  2.7007E-03
 -4.9060E-03
  6.6642E-03
  4.9536E-04
 -1.1740E-02
 -1.5446E-04
  4.2137E-03
 -7.9769E-03
  8.7161E-15
  7.9769E-03
 -4.2137E-03
  1.5446E-04
  1.1740E-02
  2.1250E-02
  8.9276E-03
 -1.2237E-02
  1.6743E-02
 -1.3834E-14
 -1.6743E-02
  1.2237E-02
 -8.9276E-03
 -2.1250E-02
 -1.8741E-02
 -2.3561E-04
  3.9130E-03
 -1.1327E-02
  2.0858E-14
  1.1327E-02
 -3.9130E-03
  2.3561E-04
  1.8741E-02
  1.1502E-02
 -3.6148E-03
  2.6454E-03
  4.4284E-03
  8.3726E-15
 -4.4284E-03
 -2.6454E-03
  3.6148E-03
 -1.1502E-02
 -4.0396E-03
 -6.4869E-03
  1.9268E-03
 -2.9832E-03
  2.7952E-14
  2.9832E-03
 -1.9268E-03
  6.4869E-03
  4.0396E-03
 -9.9591E-03
  3.4718E-03
  8.3448E-04
 -5.3968E-03
 -2.8592E-14
  5.3968E-03
 -8.3448E-04
 -3.4718E-03
  9.9591E-03
  2.4269E-02
  1.0334E-02
 -9.5656E-03
  1.6917E-02
 -2.1165E-14
 -1.6917E-02
  9.5656E-03
 -1.0334E-02
 -2.4269E-02
 -2.3591E-02
 -6.5010E-03
  4.9360E-03
 -1.4264E-02
  2.1606E-14
  1.4264E-02
 -4.9360E-03
  6.5010E-03
  2.3591E-02
  9.8191E-03
 -3.3020E-03
  2.6062E-03
  3.6065E-03
  9.8771E-15
 -3.6065E-03
 -2.6062E-03
  3.3020E-03
 -9.8191E-03
  1.0977E-02
 -8.9023E-03
  9.6911E-03
  6.4305E-04
  3.6008E-14
 -6.4305E-04
 -9.6911E-03
  8.9023E-03
 -1.0977E-02
   5.0174E-01
  0.0000E+00
  0.0000E+00
  0.0000E+00
  0.0000E+00
  0.0000E+00
  0.0000E+00
  0.0000E+00
  0.0000E+00
  0.0000E+00
 -1.7148E-02
  7.0247E-03
  2.5149E-02
 -2.1149E-02
  1.2355E-13
  2.1149E-02
 -2.5149E-02
 -7.0247E-03
  1.7148E-02
  1.7165E-02
 -5.0981E-03
 -3.0487E-02
  2.3826E-02
 -7.1384E-16
 -2.3826E-02
  3.0487E-02
  5.0981E-03
 -1.7165E-02
 -6.3943E-03
 -2.3354E-03
  1.9596E-02
 -1.2995E-02
 -5.5449E-14
  1.2995E-02
 -1.9596E-02
  2.3354E-03
  6.3943E-03
  7.7012E-03
 -8.1985E-04
 -1.1453E-02
  9.5773E-03
 -7.7976E-14
 -9.5773E-03
  1.1453E-02
  8.1985E-04
 -7.7012E-03
 -5.2777E-03
  3.3563E-03
 -9.4788E-04
 -2.1649E-03
 -1.2522E-13
  2.1649E-03
  9.4788E-04
 -3.3563E-03
  5.2777E-03
 -1.3210E-02
  4.4985E-03
  2.2049E-02
 -1.7630E-02
 -7.3082E-14
  1.7630E-02
 -2.2049E-02
 -4.4985E-03
  1.3210E-02
  2.0466E-02
 -5.8245E-03
 -2.9303E-02
  2.4884E-02
 -4.3342E-15
 -2.4884E-02
  2.9303E-02
  5.8245E-03
 -2.0466E-02
 -8.7440E-03
 -2.7885E-03
  1.7517E-02
 -1.3131E-02
  1.3633E-13
  1.3131E-02
 -1.7517E-02
  2.7885E-03
  8.7440E-03
  4.6248E-03
  2.2106E-03
 -8.5401E-03
  6.5825E-03
  8.7426E-14
 -6.5825E-03
  8.5401E-03
 -2.2106E-03
 -4.6248E-03
 -5.5203E-03
  4.4444E-03
  2.5788E-03
 -4.0496E-03
  1.2857E-13
  4.0496E-03
 -2.5788E-03
 -4.4444E-03
  5.5203E-03
 -9.4514E-03
  1.0301E-04
  1.4471E-02
 -1.1961E-02
 -3.2186E-14
  1.1961E-02
 -1.4471E-02
 -1.0301E-04
  9.4514E-03
  2.2101E-02
 -5.9539E-03
 -2.8112E-02
  2.5106E-02
  1.2113E-14
 -2.5106E-02
  2.8112E-02
  5.9539E-03
 -2.2101E-02
 -1.2040E-02
  1.5713E-04
  2.1929E-02
 -1.6984E-02
 -1.0145E-13
  1.6984E-02
 -2.1929E-02
 -1.5713E-04
  1.2040E-02
  1.9227E-03
  2.4107E-03
 -1.1358E-02
  6.6402E-03
 -7.5804E-14
 -6.6402E-03
  1.1358E-02
 -2.4107E-03
 -1.9227E-03
 -3.7686E-03
  4.3261E-03
  5.1777E-03
 -4.4732E-03
 -1.0253E-13
  4.4732E-03
 -5.1777E-03
 -4.3261E-03
  3.7686E-03
 -5.0497E-03
 -2.3153E-03
  1.1135E-02
 -8.0923E-03
 -3.2543E-14
  8.0923E-03
 -1.1135E-02
  2.3153E-03
  5.0497E-03
  2.0464E-02
 -6.8919E-03
 -3.0270E-02
  2.5367E-02
  1.0147E-13
 -2.5367E-02
  3.0270E-02
  6.8919E-03
 -2.0464E-02
 -1.5167E-02
  4.3355E-03
  2.7609E-02
 -2.1388E-02
 -3.6417E-14
  2.1388E-02
 -2.7609E-02
 -4.3355E-03
  1.5167E-02
  1.2645E-03
  2.2021E-03
 -9.5510E-03
  5.4078E-03
  1.4046E-13
 -5.4078E-03
  9.5510E-03
 -2.2021E-03
 -1.2645E-03
 -5.9277E-03
  5.9370E-03
 -7.8561E-03
  9.6424E-04
 -1.6079E-13
 -9.6424E-04
  7.8561E-03
 -5.9370E-03
  5.9277E-03
   5.0355E-01
  0.0000E+00
  0.0000E+00
  0.0000E+00
  0.0000E+00
  0.0000E+00
  0.0000E+00
  0.0000E+00
  0.0000E+00
  0.0000E+00
 -1.1415E-02
  1.0318E-02
 -1.1415E-02
 -1.1415E-02
  1.0318E-02
 -1.1415E-02
 -1.1415E-02
  1.0318E-02
 -1.1415E-02
  1.9634E-02
 -1.8593E-02
  1.9634E-02
  1.9634E-02
 -1.8593E-02
  1.9634E-02
  1.9634E-02
 -1.8593E-02
  1.9634E-02
 -2.2669E-02
  2.3771E-02
 -2.2669E-02
 -2.2669E-02
  2.3771E-02
 -2.2669E-02
 -2.2669E-02
  2.3771E-02
 -2.2669E-02
  2.7472E-02
 -2.9019E-02
  2.7472E-02
  2.7472E-02
 -2.9019E-02
  2.7472E-02
  2.7472E-02
 -2.9019E-02
  2.7472E-02
 -3.4780E-02
  3.4562E-02
 -3.4780E-02
 -3.4780E-02
  3.4562E-02
 -3.4780E-02
 -3.4780E-02
  3.4562E-02
 -3.4780E-02
  3.6982E-02
 -3.6685E-02
  3.6982E-02
  3.6982E-02
 -3.6685E-02
  3.6982E-02
  3.6982E-02
 -3.6685E-02
  3.6982E-02
 -3.3423E-02
  3.5025E-02
 -3.3423E-02
 -3.3423E-02
  3.5025E-02
 -3.3423E-02
 -3.3423E-02
  3.5025E-02
 -3.3423E-02
  3.1540E-02
 -3.3123E-02
  3.1540E-02
  3.1540E-02
 -3.3123E-02
  3.1540E-02
  3.1540E-02
 -3.3123E-02
  3.1540E-02
 -3.1481E-02
  3.1105E-02
 -3.1481E-02
 -3.1481E-02
  3.1105E-02
 -3.1481E-02
 -3.1481E-02
  3.1105E-02
 -3.1481E-02
  2.6001E-02
 -2.5637E-02
  2.6001E-02
  2.6001E-02
 -2.5637E-02
  2.6001E-02
  2.6001E-02
 -2.5637E-02
  2.6001E-02
 -1.5831E-02
  1.7221E-02
 -1.5831E-02
 -1.5831E-02
  1.7221E-02
 -1.5831E-02
 -1.5831E-02
  1.7221E-02
 -1.5831E-02
  8.7383E-03
 -9.7474E-03
  8.7383E-03
  8.7383E-03
 -9.7474E-03
  8.7383E-03
  8.7383E-03
 -9.7474E-03
  8.7383E-03
 -4.1905E-03
  3.1889E-03
 -4.1905E-03
 -4.1905E-03
  3.1889E-03
 -4.1905E-03
 -4.1905E-03
  3.1889E-03
 -4.1905E-03
 -4.7280E-03
  5.4982E-03
 -4.7280E-03
 -4.7280E-03
  5.4982E-03
 -4.7280E-03
 -4.7280E-03
  5.4982E-03
 -4.7280E-03
  1.6147E-02
 -1.5170E-02
  1.6147E-02
  1.6147E-02
 -1.5170E-02
  1.6147E-02
  1.6147E-02
 -1.5170E-02
  1.6147E-02
 -2.2396E-02
  2.1920E-02
 -2.2396E-02
 -2.2396E-02
  2.1920E-02
 -2.2396E-02
 -2.2396E-02
  2.1920E-02
 -2.2396E-02
  2.5024E-02
 -2.6226E-02
  2.5024E-02
  2.5024E-02
 -2.6226E-02
  2.5024E-02
  2.5024E-02
 -2.6226E-02
  2.5024E-02
 -3.0874E-02
  3.1069E-02
 -3.0874E-02
 -3.0874E-02
  3.1069E-02
 -3.0874E-02
 -3.0874E-02
  3.1069E-02
 -3.0874E-02
  3.7394E-02
 -3.4909E-02
  3.7394E-02
  3.7394E-02
 -3.4909E-02
  3.7394E-02
  3.7394E-02
 -3.4909E-02
  3.7394E-02
 -3.7622E-02
  3.3973E-02
 -3.7622E-02
 -3.7622E-02
  3.3973E-02
 -3.7622E-02
 -3.7622E-02
  3.3973E-02
 -3.7622E-02
   5.0444E-01
  0.0000E+00
  0.0000E+00
  0.0000E+00
  0.0000E+00
  0.0000E+00
  0.0000E+00
  0.0000E+00
  0.0000E+00
  0.0000E+00
 -7.8949E-03
  7.3636E-03
 -7.8949E-03
 -7.8949E-03
  7.3636E-03
 -7.8949E-03
 -7.8949E-03
  7.3636E-03
 -7.8949E-03
 -1.9547E-03
  1.9441E-03
 -1.9547E-03
 -1.9547E-03
  1.9441E-03
 -1.9547E-03
 -1.9547E-03
  1.9441E-03
 -1.9547E-03
  7.7690E-03
 -8.3625E-03
  7.7690E-03
  7.7690E-03
 -8.3625E-03
  7.7690E-03
  7.7690E-03
 -8.3625E-03
  7.7690E-03
  1.1537E-02
 -8.1923E-03
  1.1537E-02
  1.1537E-02
 -8.1923E-03
  1.1537E-02
  1.1537E-02
 -8.1923E-03
  1.1537E-02
  2.2161E-03
 -7.8387E-03
  2.2161E-03
  2.2161E-03
 -7.8387E-03
  2.2161E-03
  2.2161E-03
 -7.8387E-03
  2.2161E-03
  8.5715E-05
  1.2634E-03
  8.5715E-05
  8.5715E-05
  1.2634E-03
  8.5715E-05
  8.5715E-05
  1.2634E-03
  8.5715E-05
 -5.6344E-03
  6.4093E-03
 -5.6344E-03
 -5.6344E-03
  6.4093E-03
 -5.6344E-03
 -5.6344E-03
  6.4093E-03
 -5.6344E-03
 -7.0603E-03
  1.1518E-02
 -7.0603E-03
 -7.0603E-03
  1.1518E-02
 -7.0603E-03
 -7.0603E-03
  1.1518E-02
 -7.0603E-03
 -8.9372E-03
  3.4266E-03
 -8.9372E-03
 -8.9372E-03
  3.4266E-03
 -8.9372E-03
 -8.9372E-03
  3.4266E-03
 -8.9372E-03
  2.9436E-03
 -1.7654E-03
  2.9436E-03
  2.9436E-03
 -1.7654E-03
  2.9436E-03
  2.9436E-03
 -1.7654E-03
  2.9436E-03
  1.1424E-02
 -8.8121E-03
  1.1424E-02
  1.1424E-02
 -8.8121E-03
  1.1424E-02
  1.1424E-02
 -8.8121E-03
  1.1424E-02
  7.8554E-03
 -1.0543E-02
  7.8554E-03
  7.8554E-03
 -1.0543E-02
  7.8554E-03
  7.8554E-03
 -1.0543E-02
  7.8554E-03
  6.9437E-04
 -1.2805E-03
  6.9437E-04
  6.9437E-04
 -1.2805E-03
  6.9437E-04
  6.9437E-04
 -1.2805E-03
  6.9437E-04
 -5.6806E-03
  4.2453E-03
 -5.6806E-03
 -5.6806E-03
  4.2453E-03
 -5.6806E-03
 -5.6806E-03
  4.2453E-03
 -5.6806E-03
 -4.5934E-03
  9.9860E-03
 -4.5934E-03
 -4.5934E-03
  9.9860E-03
 -4.5934E-03
 -4.5934E-03
  9.9860E-03
 -4.5934E-03
 -9.3236E-03
  6.7304E-03
 -9.3236E-03
 -9.3236E-03
  6.7304E-03
 -9.3236E-03
 -9.3236E-03
  6.7304E-03
 -9.3236E-03
 -2.4118E-03
  3.4224E-03
 -2.4118E-03
 -2.4118E-03
  3.4224E-03
 -2.4118E-03
 -2.4118E-03
  3.4224E-03
 -2.4118E-03
  4.8143E-03
 -8.3491E-03
  4.8143E-03
  4.8143E-03
 -8.3491E-03
  4.8143E-03
  4.8143E-03
 -8.3491E-03
  4.8143E-03
  9.7416E-03
 -5.8505E-03
  9.7416E-03
  9.7416E-03
 -5.8505E-03
  9.7416E-03
  9.7416E-03
 -5.8505E-03
  9.7416E-03
 -6.4687E-03
  4.4982E-03
 -6.4687E-03
 -6.4687E-03
  4.4982E-03
 -6.4687E-03
 -6.4687E-03
  4.4982E-03
 -6.4687E-03
   5.0610E-01
  0.0000E+00
  0.0000E+00
  0.0000E+00
  0.0000E+00
  0.0000E+00
  0.0000E+00
  0.0000E+00
  0.0000E+00
  0.0000E+00
 -3.5670E-03
  4.9677E-04
  3.0189E-03
 -3.2929E-03
 -4.7047E-14
  3.2929E-03
 -3.0189E-03
 -4.9677E-04
  3.5670E-03
  6.6774E-03
 -2.6300E-03
 -4.1743E-03
  5.4259E-03
  8.7112E-14
 -5.4259E-03
  4.1743E-03
  2.6300E-03
 -6.6774E-03
  1.7210E-02
 -1.5380E-03
 -1.8677E-02
  1.7944E-02
 -1.5302E-13
 -1.7944E-02
  1.8677E-02
  1.5380E-03
 -1.7210E-02
 -2.5348E-02
  2.9182E-03
  2.6335E-02
 -2.5841E-02
  1.1796E-13
  2.5841E-02
 -2.6335E-02
 -2.9182E-03
  2.5348E-02
  3.0466E-03
  1.6288E-03
 -5.4954E-03
  4.2710E-03
 -1.5543E-13
 -4.2710E-03
  5.4954E-03
 -1.6288E-03
 -3.0466E-03
  2.8981E-03
 -1.6752E-03
 -1.2432E-03
  2.0706E-03
  1.6292E-13
 -2.0706E-03
  1.2432E-03
  1.6752E-03
 -2.8981E-03
  8.6582E-03
 -2.5788E-03
 -7.4332E-03
  8.0457E-03
 -1.4258E-13
 -8.0457E-03
  7.4332E-03
  2.5788E-03
 -8.6582E-03
  5.4319E-03
  7.8975E-04
 -7.1713E-03
  6.3016E-03
  9.1644E-14
 -6.3016E-03
  7.1713E-03
 -7.8975E-04
 -5.4319E-03
 -2.7029E-02
  3.3975E-03
  2.8050E-02
 -2.7540E-02
 -5.7862E-14
  2.7540E-02
 -2.8050E-02
 -3.3975E-03
  2.7029E-02
  1.4180E-02
 -6.8285E-04
 -1.6619E-02
  1.5399E-02
  4.7145E-14
 -1.5399E-02
  1.6619E-02
  6.8285E-04
 -1.4180E-02
  4.0760E-03
 -2.4566E-03
 -1.0534E-03
  2.5647E-03
  6.5521E-14
 -2.5647E-03
  1.0534E-03
  2.4566E-03
 -4.0760E-03
  4.7833E-03
 -1.0036E-03
 -4.7859E-03
  4.7846E-03
 -2.0989E-14
 -4.7846E-03
  4.7859E-03
  1.0036E-03
 -4.7833E-03
 -4.2083E-03
  2.3259E-03
  1.7958E-03
 -3.0020E-03
  3.2947E-14
  3.0020E-03
 -1.7958E-03
 -2.3259E-03
  4.2083E-03
 -2.1077E-02
  2.3859E-03
  2.2884E-02
 -2.1980E-02
 -5.8294E-14
  2.1980E-02
 -2.2884E-02
 -2.3859E-03
  2.1077E-02
  2.3915E-02
 -2.7512E-03
 -2.5790E-02
  2.4853E-02
 -1.0494E-13
 -2.4853E-02
  2.5790E-02
  2.7512E-03
 -2.3915E-02
 -5.2853E-04
 -1.9916E-03
  3.4081E-03
 -1.9683E-03
  5.0740E-14
  1.9683E-03
 -3.4081E-03
  1.9916E-03
  5.2853E-04
 -1.5927E-03
  1.2315E-03
  6.6644E-04
 -1.1296E-03
 -1.0576E-13
  1.1296E-03
 -6.6644E-04
 -1.2315E-03
  1.5927E-03
 -8.1892E-03
  2.5451E-03
  5.9514E-03
 -7.0703E-03
  1.2730E-13
  7.0703E-03
 -5.9514E-03
 -2.5451E-03
  8.1892E-03
 -9.7305E-03
  1.0119E-04
  1.1859E-02
 -1.0795E-02
 -1.6099E-13
  1.0795E-02
 -1.1859E-02
 -1.0119E-04
  9.7305E-03
  2.7689E-02
 -3.0496E-03
 -2.8437E-02
  2.8063E-02
  1.5985E-13
 -2.8063E-02
  2.8437E-02
  3.0496E-03
 -2.7689E-02
   5.0610E-01
  0.0000E+00
  0.0000E+00
  0.0000E+00
  0.0000E+00
  0.0000E+00
  0.0000E+00
  0.0000E+00
  0.0000E+00
  0.0000E+00
  8.0968E-04
 -2.6054E-03
  2.0654E-03
 -6.2785E-04
 -2.3434E-13
  6.2785E-04
 -2.0654E-03
  2.6054E-03
 -8.0968E-04
 -5.5297E-03
  1.3794E-02
 -7.5987E-03
  1.0345E-03
  3.5775E-13
 -1.0345E-03
  7.5987E-03
 -1.3794E-02
  5.5297E-03
  7.2696E-03
  8.0664E-03
  4.2708E-04
  3.4212E-03
 -5.3211E-13
 -3.4212E-03
 -4.2708E-04
 -8.0664E-03
 -7.2696E-03
 -7.5158E-03
 -1.5305E-02
  2.3383E-03
 -4.9271E-03
  4.4032E-13
  4.9271E-03
 -2.3383E-03
  1.5305E-02
  7.5158E-03
  7.2361E-03
 -8.5427E-03
  5.6074E-03
  8.1434E-04
 -6.2415E-13
 -8.1434E-04
 -5.6074E-03
  8.5427E-03
 -7.2361E-03
 -3.9452E-03
  8.7858E-03
 -4.7348E-03
  3.9480E-04
  6.0880E-13
 -3.9480E-04
  4.7348E-03
 -8.7858E-03
  3.9452E-03
 -1.6785E-03
  1.3525E-02
 -4.7466E-03
  1.5340E-03
 -5.0104E-13
 -1.5340E-03
  4.7466E-03
 -1.3525E-02
  1.6785E-03
  5.7629E-03
 -4.1420E-03
  3.3599E-03
  1.2015E-03
  3.5241E-13
 -1.2015E-03
 -3.3599E-03
  4.1420E-03
 -5.7629E-03
 -7.9291E-03
 -1.7819E-02
  2.5727E-03
 -5.2509E-03
 -1.0756E-13
  5.2509E-03
 -2.5727E-03
  1.7819E-02
  7.9291E-03
  9.3345E-03
  3.5814E-03
  3.4622E-03
  2.9362E-03
  8.1129E-14
 -2.9362E-03
 -3.4622E-03
 -3.5814E-03
 -9.3345E-03
 -7.4374E-03
  1.2884E-02
 -8.4154E-03
  4.8900E-04
  2.4733E-13
 -4.8900E-04
  8.4154E-03
 -1.2884E-02
  7.4374E-03
  9.1887E-04
  5.2635E-03
 -9.0565E-04
  9.1226E-04
 -1.2555E-13
 -9.1226E-04
  9.0565E-04
 -5.2635E-03
 -9.1887E-04
  5.7543E-03
 -1.2199E-02
  6.8990E-03
 -5.7239E-04
  1.9035E-13
  5.7239E-04
 -6.8990E-03
  1.2199E-02
 -5.7543E-03
 -8.9284E-03
 -1.2513E-02
 -5.4651E-04
 -4.1909E-03
 -2.6281E-13
  4.1909E-03
  5.4651E-04
  1.2513E-02
  8.9284E-03
  9.6552E-03
  1.4429E-02
  1.7809E-04
  4.7386E-03
 -2.1800E-13
 -4.7386E-03
 -1.7809E-04
 -1.4429E-02
 -9.6552E-03
 -7.9265E-03
  1.0446E-02
 -7.1760E-03
 -3.7529E-04
  1.3952E-13
  3.7529E-04
  7.1760E-03
 -1.0446E-02
  7.9265E-03
  2.2137E-03
 -6.4590E-03
  2.6444E-03
 -2.1537E-04
 -3.2298E-13
  2.1537E-04
 -2.6444E-03
  6.4590E-03
 -2.2137E-03
  4.5202E-03
 -1.3348E-02
  7.2164E-03
 -1.3481E-03
  3.3952E-13
  1.3481E-03
 -7.2164E-03
  1.3348E-02
 -4.5202E-03
 -7.6394E-03
 -5.3073E-04
 -3.5230E-03
 -2.0582E-03
 -5.5368E-13
  2.0582E-03
  3.5230E-03
  5.3073E-04
  7.6394E-03
  7.3117E-03
  1.5995E-02
 -3.3897E-03
  5.3507E-03
  5.4215E-13
 -5.3507E-03
  3.3897E-03
 -1.5995E-02
 -7.3117E-03
   5.0874E-01
  0.0000E+00
  0.0000E+00
  0.0000E+00
  0.0000E+00
  0.0000E+00
  0.0000E+00
  0.0000E+00
  0.0000E+00
  0.0000E+00
  3.5084E-03
 -3.2234E-03
  3.5084E-03
  3.5084E-03
 -3.2234E-03
  3.5084E-03
  3.5084E-03
 -3.2234E-03
  3.5084E-03
 -6.0809E-03
  5.9798E-03
 -6.0809E-03
 -6.0809E-03
  5.9798E-03
 -6.0809E-03
 -6.0809E-03
  5.9798E-03
 -6.0809E-03
  8.2756E-03
 -8.5305E-03
  8.2756E-03
  8.2756E-03
 -8.5305E-03
  8.2756E-03
  8.2756E-03
 -8.5305E-03
  8.2756E-03
 -1.1344E-02
  1.1457E-02
 -1.1344E-02
 -1.1344E-02
  1.1457E-02
 -1.1344E-02
 -1.1344E-02
  1.1457E-02
 -1.1344E-02
  1.4687E-02
 -1.4472E-02
  1.4687E-02
  1.4687E-02
 -1.4472E-02
  1.4687E-02
  1.4687E-02
 -1.4472E-02
  1.4687E-02
 -1.7019E-02
  1.6965E-02
 -1.7019E-02
 -1.7019E-02
  1.6965E-02
 -1.7019E-02
 -1.7019E-02
  1.6965E-02
 -1.7019E-02
  1.8903E-02
 -1.9193E-02
  1.8903E-02
  1.8903E-02
 -1.9193E-02
  1.8903E-02
  1.8903E-02
 -1.9193E-02
  1.8903E-02
 -2.1593E-02
  2.1735E-02
 -2.1593E-02
 -2.1593E-02
  2.1735E-02
 -2.1593E-02
 -2.1593E-02
  2.1735E-02
 -2.1593E-02
  2.4494E-02
 -2.4304E-02
  2.4494E-02
  2.4494E-02
 -2.4304E-02
  2.4494E-02
  2.4494E-02
 -2.4304E-02
  2.4494E-02
 -2.6323E-02
  2.6293E-02
 -2.6323E-02
 -2.6323E-02
  2.6293E-02
 -2.6323E-02
 -2.6323E-02
  2.6293E-02
 -2.6323E-02
  2.7647E-02
 -2.7959E-02
  2.7647E-02
  2.7647E-02
 -2.7959E-02
  2.7647E-02
  2.7647E-02
 -2.7959E-02
  2.7647E-02
 -2.9722E-02
  2.9886E-02
 -2.9722E-02
 -2.9722E-02
  2.9886E-02
 -2.9722E-02
 -2.9722E-02
  2.9886E-02
 -2.9722E-02
  3.1959E-02
 -3.1792E-02
  3.1959E-02
  3.1959E-02
 -3.1792E-02
  3.1959E-02
  3.1959E-02
 -3.1792E-02
  3.1959E-02
 -3.3077E-02
  3.3073E-02
 -3.3077E-02
 -3.3077E-02
  3.3073E-02
 -3.3077E-02
 -3.3077E-02
  3.3073E-02
 -3.3077E-02
  3.3646E-02
 -3.3994E-02
  3.3646E-02
  3.3646E-02
 -3.3994E-02
  3.3646E-02
  3.3646E-02
 -3.3994E-02
  3.3646E-02
 -3.4927E-02
  3.5146E-02
 -3.4927E-02
 -3.4927E-02
  3.5146E-02
 -3.4927E-02
 -3.4927E-02
  3.5146E-02
 -3.4927E-02
  3.6330E-02
 -3.6258E-02
  3.6330E-02
  3.6330E-02
 -3.6258E-02
  3.6330E-02
  3.6330E-02
 -3.6258E-02
  3.6330E-02
 -3.6572E-02
  3.6748E-02
 -3.6572E-02
 -3.6572E-02
  3.6748E-02
 -3.6572E-02
 -3.6572E-02
  3.6748E-02
 -3.6572E-02
  3.6215E-02
 -3.6913E-02
  3.6215E-02
  3.6215E-02
 -3.6913E-02
  3.6215E-02
  3.6215E-02
 -3.6913E-02
  3.6215E-02
 -3.6496E-02
  3.7409E-02
 -3.6496E-02
 -3.6496E-02
  3.7409E-02
 -3.6496E-02
 -3.6496E-02
  3.7409E-02
 -3.6496E-02
   5.0910E-01
  0.0000E+00
  0.0000E+00
  0.0000E+00
  0.0000E+00
  0.0000E+00
  0.0000E+00
  0.0000E+00
  0.0000E+00
  0.0000E+00
  7.2384E-03
  1.3006E-02
  7.2384E-03
  7.2384E-03
  1.3006E-02
  7.2384E-03
  7.2384E-03
  1.3006E-02
  7.2384E-03
 -1.8991E-02
 -1.1088E-02
 -1.8991E-02
 -1.8991E-02
 -1.1088E-02
 -1.8991E-02
 -1.8991E-02
 -1.1088E-02
 -1.8991E-02
  1.4526E-02
  4.2725E-03
  1.4526E-02
  1.4526E-02
  4.2725E-03
  1.4526E-02
  1.4526E-02
  4.2725E-03
  1.4526E-02
  4.6648E-03
 -1.6353E-02
  4.6648E-03
  4.6648E-03
 -1.6353E-02
  4.6648E-03
  4.6648E-03
 -1.6353E-02
  4.6648E-03
  1.0100E-02
  1.1612E-02
  1.0100E-02
  1.0100E-02
  1.1612E-02
  1.0100E-02
  1.0100E-02
  1.1612E-02
  1.0100E-02
 -2.7031E-02
 -4.1266E-03
 -2.7031E-02
 -2.7031E-02
 -4.1266E-03
 -2.7031E-02
 -2.7031E-02
 -4.1266E-03
 -2.7031E-02
  5.7073E-03
  1.5803E-02
  5.7073E-03
  5.7073E-03
  1.5803E-02
  5.7073E-03
  5.7073E-03
  1.5803E-02
  5.7073E-03
  5.2286E-03
 -8.1821E-03
  5.2286E-03
  5.2286E-03
 -8.1821E-03
  5.2286E-03
  5.2286E-03
 -8.1821E-03
  5.2286E-03
  2.9442E-03
 -2.9337E-03
  2.9442E-03
  2.9442E-03
 -2.9337E-03
  2.9442E-03
  2.9442E-03
 -2.9337E-03
  2.9442E-03
 -4.1935E-03
 -1.7239E-03
 -4.1935E-03
 -4.1935E-03
 -1.7239E-03
 -4.1935E-03
 -4.1935E-03
 -1.7239E-03
 -4.1935E-03
  3.2492E-03
 -7.4765E-03
  3.2492E-03
  3.2492E-03
 -7.4765E-03
  3.2492E-03
  3.2492E-03
 -7.4765E-03
  3.2492E-03
  1.2247E-02
  9.0539E-03
  1.2247E-02
  1.2247E-02
  9.0539E-03
  1.2247E-02
  1.2247E-02
  9.0539E-03
  1.2247E-02
 -2.2040E-02
  3.7357E-05
 -2.2040E-02
 -2.2040E-02
  3.7357E-05
 -2.2040E-02
 -2.2040E-02
  3.7357E-05
 -2.2040E-02
 -2.1829E-05
  1.3833E-02
 -2.1829E-05
 -2.1829E-05
  1.3833E-02
 -2.1829E-05
 -2.1829E-05
  1.3833E-02
 -2.1829E-05
  3.9956E-04
 -1.7601E-02
  3.9956E-04
  3.9956E-04
 -1.7601E-02
  3.9956E-04
  3.9956E-04
 -1.7601E-02
  3.9956E-04
  2.4114E-02
  6.4533E-03
  2.4114E-02
  2.4114E-02
  6.4533E-03
  2.4114E-02
  2.4114E-02
  6.4533E-03
  2.4114E-02
 -1.7019E-02
 -1.4293E-02
 -1.7019E-02
 -1.7019E-02
 -1.4293E-02
 -1.7019E-02
 -1.7019E-02
 -1.4293E-02
 -1.7019E-02
  1.8082E-03
  1.0362E-02
  1.8082E-03
  1.8082E-03
  1.0362E-02
  1.8082E-03
  1.8082E-03
  1.0362E-02
  1.8082E-03
  1.5814E-03
 -1.1963E-03
  1.5814E-03
  1.5814E-03
 -1.1963E-03
  1.5814E-03
  1.5814E-03
 -1.1963E-03
  1.5814E-03
  8.2434E-03
 -9.5792E-05
  8.2434E-03
  8.2434E-03
 -9.5792E-05
  8.2434E-03
  8.2434E-03
 -9.5792E-05
  8.2434E-03
