Scalar STRAINXY under Modal for nodeset
189
   4.9735E-01
  0.0000E+00
  0.0000E+00
  0.0000E+00
  0.0000E+00
  0.0000E+00
  0.0000E+00
  0.0000E+00
  0.0000E+00
  0.0000E+00
  2.2176E-02
 -1.1487E-03
 -2.1651E-02
  4.9395E-03
  5.5735E-04
 -2.0442E-03
 -1.3564E-02
 -9.1519E-04
  1.2472E-02
  5.0371E-04
 -2.6979E-03
 -6.2430E-03
 -3.3253E-03
  3.0182E-04
  2.5399E-03
 -1.0149E-02
  4.3912E-03
  1.6497E-02
  1.1361E-03
  1.5950E-03
 -3.9437E-03
 -1.5026E-03
 -2.5433E-05
  1.8550E-03
 -6.7730E-04
 -1.4935E-05
  7.4514E-03
  2.6501E-03
  3.1432E-04
  2.6972E-04
 -6.3372E-03
  3.3262E-04
  7.0626E-03
 -1.1891E-02
  1.1892E-03
  1.2099E-02
  4.8632E-03
  4.6144E-03
  9.4754E-03
  4.4320E-03
  1.4170E-04
 -4.2674E-03
  3.7703E-03
 -2.8552E-03
 -1.4828E-02
 -2.6803E-02
 -1.4070E-03
  2.8072E-02
  2.1026E-03
 -5.3775E-04
 -2.9291E-03
  3.5118E-02
  6.0333E-04
 -3.7496E-02
 -3.9146E-02
 -6.8926E-03
  2.7540E-02
 -3.7983E-03
  4.0101E-04
  7.0327E-03
  2.5427E-02
  3.9971E-03
 -1.4748E-02
 -1.2271E-03
  5.1984E-03
  8.3589E-03
  3.9578E-03
  2.2248E-04
 -2.7132E-03
  5.3119E-03
 -5.1138E-03
 -1.0675E-02
 -2.0743E-02
 -7.7482E-03
  1.2361E-02
 -5.0771E-03
 -9.5483E-04
  4.6456E-03
  1.2562E-02
  6.8670E-03
 -2.9860E-03
  9.2244E-03
  7.8299E-03
  9.6953E-03
  7.0845E-03
 -2.7567E-05
 -5.6232E-03
  9.8121E-03
 -6.6283E-03
 -2.3296E-02
  1.5801E-02
 -3.8447E-03
 -2.0051E-02
  1.2879E-03
 -8.0977E-04
 -1.0311E-03
 -7.5127E-03
  1.8162E-03
  1.1459E-02
  6.2769E-03
 -4.1378E-03
 -1.8339E-02
 -8.8035E-03
  4.8515E-04
  7.5433E-03
 -2.8519E-02
  4.3856E-03
  3.6617E-02
  2.5847E-02
  3.8430E-03
 -2.2012E-02
  4.6335E-03
  1.6020E-03
 -3.3111E-03
 -1.9481E-02
 -1.5100E-03
  1.6550E-02
  1.0202E-03
 -5.4185E-03
 -6.6861E-03
 -6.0328E-03
 -5.4187E-04
  4.8213E-03
 -1.2930E-02
  3.5081E-03
  1.4520E-02
  1.1294E-02
  9.6450E-03
  1.0306E-02
  1.4014E-03
  1.6263E-03
  7.6449E-04
 -7.5947E-03
 -5.0878E-03
 -7.0642E-03
  9.9700E-03
 -7.3654E-03
 -2.6662E-02
  5.6479E-03
 -1.2973E-03
 -7.4440E-03
  4.1372E-03
  7.0951E-03
  1.3611E-02
 -1.4317E-02
  4.1933E-04
  1.3292E-02
 -1.0753E-02
  2.3391E-04
  1.0197E-02
 -6.9412E-03
  5.6756E-04
  7.8934E-03
 -2.4438E-02
 -6.7054E-05
  2.0444E-02
  6.4457E-03
  6.9609E-05
 -6.0516E-03
  3.6561E-02
  8.7638E-05
 -3.2017E-02
 -3.1224E-02
 -1.7528E-03
  2.9470E-02
 -4.1810E-03
  1.8480E-04
  3.4317E-03
  2.3184E-02
  1.6662E-03
 -2.3841E-02
  1.3336E-02
  2.7109E-03
 -1.1089E-03
 -6.7406E-04
  1.3053E-03
  3.9703E-03
 -1.8365E-02
 -5.0116E-03
  2.9083E-03
   4.9820E-01
  0.0000E+00
  0.0000E+00
  0.0000E+00
  0.0000E+00
  0.0000E+00
  0.0000E+00
  0.0000E+00
  0.0000E+00
  0.0000E+00
  1.6164E-04
  1.0024E-03
 -8.6563E-03
 -4.7174E-03
 -1.1081E-03
 -1.5866E-03
 -7.8716E-03
  3.6623E-03
  1.7520E-02
  2.8871E-02
  4.2936E-03
 -1.6789E-02
  1.1389E-03
 -3.5140E-04
 -3.6036E-04
 -1.7802E-02
 -5.9978E-03
  5.2746E-03
  1.7110E-02
  1.3494E-03
 -2.8255E-03
  2.3099E-03
 -1.0897E-03
 -2.6019E-03
 -1.5096E-02
 -2.8959E-03
  1.4939E-03
 -6.9597E-03
 -8.9583E-04
 -1.7784E-03
  5.3590E-03
 -4.1605E-04
 -6.3967E-03
  1.2824E-02
  7.3218E-04
 -4.8244E-03
 -9.0710E-03
 -4.7305E-03
 -8.2888E-03
 -6.9718E-03
  6.0809E-05
  8.0989E-03
 -3.3594E-03
  2.9555E-03
  1.9180E-02
  3.3905E-03
  1.4486E-03
 -5.8538E-03
 -8.5458E-04
 -1.1539E-03
  7.6798E-04
 -7.1376E-03
 -7.3138E-04
  1.5478E-02
  3.7060E-03
  1.0988E-02
  1.3604E-02
  1.1957E-03
  5.2196E-05
 -8.5506E-03
  9.8652E-03
 -5.2356E-03
 -3.0588E-02
 -3.2401E-02
 -4.4891E-03
  2.6506E-02
  1.6532E-03
  5.3520E-04
 -2.0047E-03
  3.1518E-02
  4.0206E-03
 -2.9405E-02
 -2.7970E-04
  1.2082E-02
  1.4577E-02
  3.7543E-03
  1.6654E-03
  3.7024E-04
  3.2420E-03
 -1.0548E-02
 -1.2882E-02
 -3.9181E-02
 -1.4654E-02
 -3.4521E-03
 -9.4094E-03
 -8.2692E-06
  5.8489E-03
  1.9762E-02
  1.2196E-02
  1.0866E-02
 -1.8100E-02
  8.2952E-03
  3.4199E-02
 -1.9172E-04
 -5.1314E-04
 -1.3313E-03
  1.4611E-02
 -5.5736E-03
 -2.6261E-02
  2.8212E-03
  1.3000E-03
  9.6233E-03
  6.5021E-03
 -1.1399E-03
 -4.0969E-03
  1.7485E-02
 -1.4518E-03
 -2.0863E-02
  9.9432E-03
 -5.6282E-03
 -2.0679E-02
  2.1447E-03
 -1.2853E-03
 -4.3710E-03
 -1.3298E-02
  1.5755E-03
  1.6616E-02
  2.9334E-02
  1.1892E-02
 -1.5649E-02
  2.8637E-03
  1.8931E-03
 -1.3350E-04
 -2.7360E-02
 -6.5781E-03
  2.2191E-02
  4.0374E-03
 -1.2748E-02
 -3.0324E-02
 -2.6125E-03
 -2.3662E-03
 -2.3398E-04
 -6.5762E-03
  6.0830E-03
  2.3304E-02
  7.9787E-03
  9.7678E-03
  1.3966E-02
 -1.7911E-03
  2.3252E-03
  5.5456E-03
 -2.0801E-02
 -9.8640E-03
 -3.1275E-03
  1.4342E-02
 -2.0365E-03
 -2.1768E-02
  7.4979E-03
 -5.0925E-04
 -6.0916E-03
  6.4579E-03
 -9.4814E-04
 -1.5200E-04
  4.4087E-04
  2.9661E-04
  4.2071E-04
 -2.1865E-03
  1.0895E-03
  2.3048E-03
 -6.4049E-03
  1.5146E-03
  5.0441E-03
 -6.6126E-05
  3.8939E-03
  1.6646E-03
 -1.2691E-03
  7.9227E-04
  2.2967E-03
 -6.1020E-03
 -4.5543E-03
  2.0686E-03
  2.2193E-02
  1.2307E-03
 -3.3505E-02
 -4.5365E-05
 -1.7895E-03
 -9.7476E-03
 -9.3572E-03
  6.1631E-03
  2.3029E-02
   5.0042E-01
  0.0000E+00
  0.0000E+00
  0.0000E+00
  0.0000E+00
  0.0000E+00
  0.0000E+00
  0.0000E+00
  0.0000E+00
  0.0000E+00
  2.1282E-03
  1.3171E-02
  2.7341E-02
  4.6699E-03
  1.2780E-03
 -3.7107E-03
  1.2787E-02
 -1.2541E-02
 -4.4189E-02
 -3.5996E-02
 -1.7313E-02
  2.8700E-03
 -7.0014E-03
 -2.3148E-04
  5.6274E-03
  2.0225E-02
  1.6052E-02
  8.5541E-03
  2.2619E-03
  9.1399E-03
  7.9184E-04
  6.9759E-03
  9.1516E-04
 -6.9394E-03
  9.8458E-03
 -7.6776E-03
 -1.3562E-02
  5.2697E-03
 -5.5209E-03
 -7.1077E-03
 -6.6450E-03
 -8.4712E-04
  4.6866E-03
 -1.4282E-02
  3.0099E-03
  1.0569E-02
  3.2780E-02
 -1.0194E-03
 -2.2801E-02
  5.0023E-04
 -9.2044E-04
 -2.5789E-03
 -2.8213E-02
  4.4436E-04
  1.6609E-02
  5.2554E-02
  9.3987E-03
 -3.6929E-02
  9.1501E-03
  2.0998E-03
 -8.4721E-03
 -3.6984E-02
 -6.6514E-03
  1.9810E-02
 -1.3506E-02
 -1.6067E-02
 -1.7884E-02
 -1.0421E-02
  6.9467E-05
  1.0225E-02
 -1.1509E-02
  1.5936E-02
  4.1968E-02
  6.6755E-03
  1.0141E-02
  7.5064E-03
  3.6143E-03
 -5.5853E-04
 -4.2544E-03
  4.2887E-03
 -9.2908E-03
 -1.5816E-02
 -3.1947E-02
 -8.7148E-03
  2.1338E-02
 -4.3713E-03
 -3.0429E-04
  5.4556E-05
  2.3129E-02
  7.6010E-03
 -2.2165E-02
 -2.3372E-03
  7.2990E-03
  3.4249E-02
  2.5384E-03
 -6.3573E-04
 -8.2826E-04
  1.0343E-02
 -5.7364E-03
 -3.3166E-02
 -1.2952E-02
 -4.9194E-04
  7.3544E-03
  4.3878E-03
  6.2376E-04
 -3.7392E-03
  2.3173E-02
  1.0939E-03
 -1.7569E-02
 -1.2406E-02
 -6.0814E-03
 -5.2962E-03
 -5.9310E-03
  1.6198E-03
  4.8095E-03
 -6.3944E-03
  5.1788E-03
  1.3569E-02
  3.9079E-02
  8.9612E-03
 -2.0203E-02
  3.4038E-03
  4.0077E-05
 -1.9289E-03
 -2.5422E-02
 -7.0597E-03
  1.3139E-02
  2.2758E-02
 -9.7740E-03
 -3.1954E-02
 -4.5137E-03
 -1.6093E-03
  2.6557E-03
 -2.7434E-02
  5.9746E-03
  3.1752E-02
  3.2307E-02
  1.5903E-03
 -2.7615E-02
  8.6904E-03
  1.1235E-04
 -7.5293E-03
 -1.7848E-02
 -1.5083E-03
  1.5192E-02
  5.7867E-03
 -8.8005E-04
 -9.8894E-03
 -3.9679E-03
 -1.3566E-03
  3.0559E-03
 -4.9418E-03
 -1.0603E-03
  8.7663E-03
 -2.3080E-02
 -1.4759E-03
  2.6146E-02
 -3.0931E-03
  7.6368E-04
  3.9390E-03
  6.8672E-03
  1.6766E-03
 -1.0894E-02
 -9.6777E-03
  5.3109E-03
  2.1232E-02
  4.5990E-03
 -4.4065E-05
 -2.9095E-03
  1.9041E-02
 -5.9332E-03
 -2.8284E-02
 -1.2242E-02
 -6.0072E-03
  9.4375E-03
 -8.9306E-04
 -1.3428E-03
 -2.0582E-03
  1.7227E-02
  5.7179E-03
 -1.5533E-02
  6.5066E-03
 -3.7778E-03
 -3.3720E-03
  5.2174E-03
  2.0720E-03
  1.2844E-03
  1.1139E-03
  2.9630E-03
 -1.1625E-03
   5.0058E-01
  0.0000E+00
  0.0000E+00
  0.0000E+00
  0.0000E+00
  0.0000E+00
  0.0000E+00
  0.0000E+00
  0.0000E+00
  0.0000E+00
  1.0034E-02
 -1.2601E-02
  7.8654E-04
  4.9024E-03
  2.2275E-03
  6.4408E-04
  1.0039E-02
  1.0694E-02
 -2.2490E-02
 -3.5767E-02
  2.1237E-03
  3.1079E-02
 -1.5130E-02
 -7.6598E-03
  8.0049E-03
 -1.6384E-02
 -1.1904E-02
  1.7902E-02
 -3.6604E-02
 -8.8791E-03
 -9.0371E-03
  1.5832E-02
  8.2392E-03
 -5.1551E-03
  3.9055E-02
  1.6796E-02
  1.0817E-02
  1.0398E-02
  1.8207E-02
  1.8619E-02
 -1.5711E-02
 -2.5516E-03
  1.1113E-02
 -9.9552E-03
 -1.4097E-02
 -9.8323E-03
  1.2141E-02
  6.5429E-04
 -4.0633E-02
  1.8232E-02
  4.2904E-03
 -1.6822E-02
  1.6798E-02
  4.7220E-03
  8.1049E-03
 -1.5701E-02
  1.0733E-02
  4.5871E-02
 -1.6490E-02
 -5.0030E-03
  1.1835E-02
 -7.4280E-03
 -1.9084E-02
 -2.8741E-02
  2.2638E-03
 -7.8550E-04
  5.4007E-03
  9.9592E-03
  3.8657E-04
 -2.9775E-04
  7.6015E-03
  1.1956E-03
  3.3307E-03
 -3.3238E-02
 -2.2124E-02
 -1.5899E-02
 -7.9724E-03
  1.4825E-03
  3.7132E-03
 -3.9130E-03
  1.7073E-02
  2.8497E-02
  9.8859E-04
  1.4603E-02
  2.2781E-02
 -2.1288E-04
 -3.5827E-03
  2.8689E-03
  1.8888E-03
 -1.3076E-02
 -2.9599E-03
 -9.6780E-03
  2.7575E-03
 -1.5949E-02
  1.9270E-02
  3.4186E-03
 -1.9882E-02
  2.7558E-02
  3.3083E-03
 -4.6979E-03
  1.9697E-02
  1.6552E-02
  4.2503E-03
 -1.1510E-02
 -3.6011E-03
  5.0261E-03
 -4.6355E-02
 -2.1968E-02
  1.3012E-02
 -1.5208E-02
 -9.3017E-03
 -1.4962E-02
  7.0106E-03
  3.1522E-03
 -1.1678E-03
  1.5113E-02
  1.3320E-02
  2.2171E-02
 -3.2854E-02
 -1.7934E-02
  5.1883E-03
 -1.2081E-04
  2.9730E-03
  4.6671E-03
  2.8104E-02
  1.3250E-02
 -1.2607E-02
  5.2301E-03
  1.3152E-02
  6.8692E-03
 -2.3172E-04
 -4.8294E-03
 -3.5639E-03
 -1.1999E-03
 -1.6659E-02
 -6.1876E-03
  1.9814E-02
  7.8952E-03
 -2.2862E-03
  6.2712E-03
  4.8737E-03
 -9.3667E-04
 -8.8438E-03
  6.9119E-03
  1.2105E-02
 -2.0508E-02
  2.2426E-03
  1.8777E-02
 -1.7000E-02
 -5.3566E-03
  9.4107E-03
  9.4610E-03
 -6.5963E-03
 -1.0190E-02
  1.6378E-02
  1.3655E-02
 -2.1524E-02
  1.5797E-02
 -1.0064E-03
 -1.8203E-02
 -9.2938E-04
 -1.3530E-02
  5.5374E-03
 -3.9239E-02
 -9.7665E-03
  7.6861E-04
 -8.9908E-03
 -3.9327E-04
  7.5426E-03
  1.2543E-03
  1.1230E-02
  3.8819E-02
 -1.0951E-02
 -7.6002E-03
  1.6961E-02
  4.6651E-03
  2.7331E-03
  6.1212E-03
 -4.0281E-03
 -4.9380E-03
 -1.6418E-02
  4.5497E-02
  2.7210E-02
  9.3601E-03
 -1.7240E-03
  3.0257E-04
 -1.5755E-02
 -2.1101E-02
  2.7274E-03
 -1.0048E-02
   5.0073E-01
  0.0000E+00
  0.0000E+00
  0.0000E+00
  0.0000E+00
  0.0000E+00
  0.0000E+00
  0.0000E+00
  0.0000E+00
  0.0000E+00
 -3.6253E-02
 -1.2562E-02
  8.1800E-03
 -6.7056E-03
  3.7621E-04
  8.4095E-03
  1.9789E-02
  1.1316E-02
  7.6938E-03
  2.1305E-02
  1.3271E-02
  9.1688E-03
  9.3962E-03
  1.0984E-04
 -9.6653E-03
 -2.7855E-03
 -1.4718E-02
 -3.1560E-02
  1.7042E-03
 -7.6876E-03
 -3.9326E-03
 -3.5613E-03
 -8.0080E-04
  5.5004E-03
 -1.5469E-03
  9.8320E-03
  1.5145E-02
  9.7859E-03
  6.6113E-03
 -1.4641E-03
 -2.3346E-03
 -4.0410E-04
  1.1497E-03
 -1.7385E-02
 -4.6338E-03
  1.2265E-02
  1.2831E-02
 -9.5452E-04
 -2.1365E-02
  1.5676E-03
 -9.4241E-06
 -2.2473E-03
 -1.6606E-02
  1.2054E-03
  2.4320E-02
 -2.6137E-04
 -7.1029E-03
 -9.0771E-03
 -5.2985E-03
 -1.6469E-03
  7.5346E-03
  1.8624E-03
  6.9178E-03
  1.8166E-02
  2.2043E-02
  9.0348E-03
 -2.0171E-04
  7.1754E-03
  9.9599E-05
 -6.3962E-03
 -7.9324E-03
 -1.2142E-02
 -1.8964E-02
 -8.9621E-03
 -5.7629E-03
  3.0740E-03
 -1.1281E-03
  1.1923E-03
  2.6051E-03
  2.6185E-03
  4.8845E-03
 -3.0243E-04
 -1.7376E-02
  1.3600E-03
  1.9041E-02
 -3.2315E-03
 -5.2072E-04
  5.3621E-03
  1.1042E-02
 -8.7038E-05
 -3.8173E-03
 -1.7320E-02
 -3.2404E-04
  8.7484E-03
  4.2011E-03
 -1.1790E-04
 -5.8405E-03
  2.8323E-02
 -3.7130E-04
 -2.3949E-02
 -1.5794E-02
 -7.9755E-03
  7.6999E-03
 -9.1754E-03
 -5.4699E-04
  9.0727E-03
  3.3384E-03
  7.2980E-03
  5.3833E-03
  1.8775E-02
  1.0264E-02
  8.9739E-03
  1.1263E-02
 -9.9305E-04
 -1.0619E-02
  2.6976E-03
 -9.7960E-03
 -2.4250E-02
 -2.3612E-02
 -9.5577E-03
  2.0359E-03
 -1.0595E-02
  1.5858E-03
  1.1075E-02
 -1.8094E-03
  9.3194E-03
  1.7526E-02
  1.5056E-02
  4.5788E-03
 -1.2824E-02
  6.1277E-03
  1.8620E-03
 -5.7041E-03
 -1.1512E-02
 -3.8825E-03
  4.0718E-03
  1.4347E-02
  3.6060E-03
 -6.9650E-03
 -3.9646E-03
 -6.6247E-04
  3.6537E-03
 -1.7521E-02
 -1.0171E-03
  1.7344E-02
 -5.9342E-03
 -8.9067E-03
 -1.2357E-02
 -4.3811E-04
  1.4627E-03
  3.3479E-04
  6.6001E-03
  1.1134E-02
  1.0089E-02
  1.8343E-02
  1.2590E-02
  4.6207E-03
  3.1762E-03
 -2.1715E-04
 -6.1052E-03
 -1.4455E-02
 -1.4282E-02
 -1.6881E-02
 -2.4757E-02
 -1.2647E-02
  2.6652E-03
 -5.3562E-03
  1.0168E-03
  8.6971E-03
  2.2633E-02
  1.6389E-02
  9.5582E-03
 -9.7009E-03
  5.5879E-03
  1.2589E-02
 -4.7158E-04
 -3.3258E-04
 -1.6297E-03
  2.1753E-03
 -9.9016E-03
 -1.6563E-02
  1.3194E-02
  3.7372E-03
 -2.1005E-02
  1.6514E-03
  2.5963E-03
  8.7356E-04
 -2.1371E-02
 -1.7811E-03
  2.7759E-02
   5.0198E-01
  0.0000E+00
  0.0000E+00
  0.0000E+00
  0.0000E+00
  0.0000E+00
  0.0000E+00
  0.0000E+00
  0.0000E+00
  0.0000E+00
  2.2580E-02
 -2.7743E-02
 -8.4757E-02
  4.6018E-02
  3.4512E-04
 -4.5617E-02
  8.0428E-02
  2.8192E-02
 -1.7932E-02
 -2.2688E-02
  3.5085E-02
  9.1070E-02
 -5.7233E-02
  3.3702E-06
  5.6879E-02
 -9.2374E-02
 -3.4978E-02
  2.3484E-02
  6.7869E-03
 -2.4069E-02
 -3.6916E-02
  3.8305E-02
 -3.9373E-04
 -3.7676E-02
  4.2119E-02
  2.3516E-02
 -1.0263E-02
 -9.4710E-03
  1.3475E-02
  3.5141E-02
 -2.1158E-02
 -4.3322E-04
  2.1233E-02
 -2.8177E-02
 -1.4201E-02
  2.9379E-03
  1.2454E-03
  9.2485E-04
 -1.2533E-02
 -1.4646E-03
 -1.7721E-04
  1.1129E-03
  1.7319E-02
 -4.8408E-04
 -5.1449E-03
  2.0037E-02
 -2.3693E-02
 -6.9452E-02
  4.0470E-02
  3.6224E-04
 -4.0477E-02
  6.2001E-02
  2.4540E-02
 -1.2357E-02
 -2.1671E-02
  3.4870E-02
  9.4311E-02
 -5.8836E-02
  1.6502E-04
  5.8256E-02
 -1.0361E-01
 -3.5340E-02
  2.8208E-02
  1.2730E-02
 -2.3411E-02
 -4.8190E-02
  3.9615E-02
  2.6007E-04
 -3.9889E-02
  4.6900E-02
  2.4854E-02
 -1.0142E-02
 -2.4125E-03
  1.2870E-02
  1.8107E-02
 -1.9252E-02
 -4.2503E-04
  1.8677E-02
 -1.9472E-02
 -1.2713E-02
  4.6423E-03
 -5.7574E-04
 -3.0434E-03
 -1.5957E-02
  1.9859E-03
  2.1204E-04
 -2.2826E-03
  1.9105E-02
  2.9942E-03
 -4.1121E-03
  1.0831E-02
 -1.6679E-02
 -3.9095E-02
  3.3461E-02
 -1.0569E-04
 -3.3632E-02
  4.6723E-02
  1.6931E-02
 -1.7874E-02
 -3.0973E-02
  3.2689E-02
  1.0201E-01
 -5.9671E-02
 -3.4810E-04
  5.9531E-02
 -9.6536E-02
 -3.2168E-02
  2.7651E-02
  1.7973E-02
 -2.6679E-02
 -6.4191E-02
  4.7500E-02
  1.1381E-04
 -4.7182E-02
  6.2491E-02
  2.6340E-02
 -1.6771E-02
 -3.3435E-03
  1.2410E-02
  1.4965E-02
 -2.1030E-02
 -2.8152E-04
  2.0902E-02
 -1.6346E-02
 -1.3497E-02
  3.4203E-03
  1.3261E-03
 -2.5672E-03
 -1.1838E-02
  2.9457E-03
  5.6256E-04
 -1.8279E-03
  1.4334E-02
  2.7787E-03
 -3.4141E-03
  6.5809E-03
 -1.3624E-02
 -2.2864E-02
  2.8261E-02
 -4.4939E-04
 -2.8268E-02
  3.1989E-02
  1.3356E-02
 -1.4458E-02
 -2.7048E-02
  3.1456E-02
  9.2619E-02
 -6.0413E-02
 -3.4948E-04
  6.0615E-02
 -9.8263E-02
 -3.1710E-02
  3.3986E-02
  2.7787E-02
 -2.9217E-02
 -8.6149E-02
  5.4876E-02
  5.2905E-04
 -5.4994E-02
  7.7326E-02
  2.9101E-02
 -2.1550E-02
 -4.9768E-03
  1.1753E-02
  1.8394E-02
 -2.2238E-02
  5.9032E-04
  2.3040E-02
 -2.2775E-02
 -1.2352E-02
  7.4029E-03
  2.1883E-03
  4.5737E-03
 -1.4414E-02
 -6.5332E-03
  7.3130E-04
  7.3459E-03
  2.1754E-02
 -4.1916E-03
 -1.0064E-02
   5.0248E-01
  0.0000E+00
  0.0000E+00
  0.0000E+00
  0.0000E+00
  0.0000E+00
  0.0000E+00
  0.0000E+00
  0.0000E+00
  0.0000E+00
 -6.0328E-02
 -3.4169E-02
 -2.1746E-02
 -2.0614E-02
 -2.1150E-03
  1.5852E-02
  1.6613E-02
  3.5452E-02
  6.6963E-02
  5.5141E-02
  5.4043E-02
  3.5085E-02
  2.4397E-02
 -7.1877E-04
 -2.3360E-02
 -8.1658E-03
 -4.5930E-02
 -6.0886E-02
 -7.2324E-02
 -5.3329E-02
 -2.8668E-02
 -2.7980E-02
  3.2265E-04
  1.9816E-02
  1.6538E-02
  4.8946E-02
  5.8071E-02
  7.3750E-02
  4.3646E-02
  2.4672E-02
  2.5275E-02
  1.0193E-03
 -2.2889E-02
 -1.8153E-02
 -4.2651E-02
 -7.7584E-02
 -1.1545E-02
 -7.5127E-03
  1.0065E-03
 -2.8106E-03
 -8.2592E-04
  6.5322E-03
  1.4252E-02
  1.2868E-02
  1.7746E-02
 -6.1259E-02
 -3.3568E-02
 -3.1244E-02
 -1.9504E-02
  1.3718E-03
  1.1052E-02
  2.1775E-03
  3.0197E-02
  6.1195E-02
  5.9473E-02
  5.1660E-02
  3.0183E-02
  2.1882E-02
 -1.3731E-04
 -2.2844E-02
 -1.7645E-02
 -4.8255E-02
 -6.6576E-02
 -4.8767E-02
 -4.2514E-02
 -1.0709E-02
 -1.6348E-02
 -1.5255E-03
  2.0043E-02
  2.9683E-02
  4.6489E-02
  5.1234E-02
  5.1274E-02
  3.8368E-02
  5.5391E-03
  1.7178E-02
  3.0294E-03
 -2.0335E-02
 -2.7049E-02
 -4.3790E-02
 -5.9040E-02
 -2.0740E-02
 -1.5789E-02
 -1.5766E-02
 -5.2831E-03
 -1.5814E-04
  9.9086E-03
  5.9420E-03
  1.6287E-02
  4.1444E-02
 -3.0404E-02
 -1.9412E-02
 -7.1160E-03
 -9.9949E-03
 -1.3304E-03
  1.3032E-02
  1.0521E-02
  2.1905E-02
  4.3383E-02
  6.1168E-02
  4.1680E-02
  1.4359E-02
  1.8285E-02
  8.8608E-04
 -2.5114E-02
 -3.2039E-02
 -4.7391E-02
 -7.2110E-02
 -2.7637E-02
 -3.4543E-02
 -2.6068E-02
 -1.4076E-02
 -1.0173E-03
  1.4424E-02
  1.5237E-02
  3.7755E-02
  4.9658E-02
  3.0139E-02
  3.0359E-02
  1.9132E-02
  1.2063E-02
 -2.3694E-03
 -1.0713E-02
 -8.5329E-03
 -2.8290E-02
 -2.4423E-02
 -2.7664E-02
 -2.1564E-02
 -2.8300E-02
 -1.8282E-03
  2.3626E-03
  1.1674E-03
  8.5817E-03
  1.7570E-02
  2.8621E-02
 -1.5114E-02
 -1.1398E-02
  2.9944E-03
 -1.6726E-02
 -2.2761E-03
  1.6630E-02
 -1.5512E-02
  7.4705E-03
  2.8689E-02
  6.9642E-02
  4.1140E-02
  2.2983E-02
  3.5775E-02
  6.9162E-04
 -2.9940E-02
  5.3094E-03
 -3.7514E-02
 -8.1779E-02
 -7.5740E-02
 -3.8374E-02
  3.7247E-04
 -2.9738E-02
  4.9338E-04
  2.3889E-02
  7.6795E-03
  3.0530E-02
  3.8330E-02
  1.9786E-02
  1.9012E-02
  1.3208E-02
  1.8373E-02
  1.3469E-03
 -1.2355E-02
  1.3184E-02
 -1.0360E-02
 -2.2225E-02
 -1.8061E-02
 -8.2533E-03
 -1.0220E-02
 -3.1347E-03
 -7.3112E-03
 -3.4059E-03
  7.7795E-03
  7.5943E-03
  3.5348E-02
   5.0360E-01
  0.0000E+00
  0.0000E+00
  0.0000E+00
  0.0000E+00
  0.0000E+00
  0.0000E+00
  0.0000E+00
  0.0000E+00
  0.0000E+00
 -2.8590E-02
 -1.6839E-02
 -8.1609E-03
 -9.1927E-03
 -7.3957E-04
  8.6791E-03
  8.9498E-03
  1.6502E-02
  2.9057E-02
  3.3798E-02
  2.0201E-02
  6.0555E-03
  1.0622E-02
 -7.5818E-06
 -1.0834E-02
 -9.4575E-03
 -1.8227E-02
 -2.6843E-02
 -1.4922E-02
 -1.2373E-02
 -4.0535E-03
 -8.1809E-03
 -4.7219E-04
  7.6130E-03
  2.5197E-03
  1.2599E-02
  1.7662E-02
  1.2332E-02
  1.0922E-02
  7.5610E-03
  3.0386E-03
  3.2248E-04
 -2.2054E-03
 -8.2247E-03
 -9.6647E-03
 -8.7769E-03
 -1.8726E-03
 -1.5843E-03
 -6.2704E-03
  1.3681E-03
  2.7496E-04
  1.5488E-04
  2.7507E-03
  3.2733E-03
  1.0716E-02
 -2.5330E-02
 -1.0933E-02
  1.0863E-03
 -9.9206E-03
 -1.0913E-03
  7.7026E-03
  9.9499E-03
  9.9820E-03
  1.2322E-02
  2.0353E-02
  1.6704E-02
  1.4899E-02
  1.0597E-02
  1.6053E-04
 -1.0601E-02
  3.4098E-03
 -1.6978E-02
 -3.9859E-02
 -1.2011E-02
 -1.1195E-02
 -2.3685E-03
 -4.4665E-03
  2.2620E-04
  6.0378E-03
  1.1884E-03
  1.1272E-02
  1.5584E-02
  8.9756E-03
  7.5703E-03
  5.4940E-04
  2.3782E-03
  2.8160E-04
 -1.1495E-03
 -8.5179E-03
 -8.4576E-03
 -1.4508E-03
 -8.7197E-03
 -4.1337E-03
 -7.8392E-03
  1.9539E-03
 -6.8553E-05
 -2.3567E-03
  1.1117E-02
  4.0159E-03
  4.6749E-03
 -1.0571E-02
 -6.8137E-03
 -1.3123E-03
 -7.0487E-03
 -7.2626E-04
  7.2651E-03
 -2.7393E-03
  6.6132E-03
  1.7560E-02
  2.3944E-02
  1.5011E-02
  9.6946E-03
  1.0541E-02
 -4.6842E-04
 -1.1410E-02
 -3.6335E-03
 -1.5380E-02
 -3.0608E-02
 -2.5684E-02
 -1.3932E-02
  9.0081E-04
 -7.7196E-03
  7.6929E-04
  8.1347E-03
  1.0606E-02
  1.4576E-02
  1.3218E-02
  4.2782E-03
  9.1053E-03
  7.0890E-03
  3.8230E-03
  7.3516E-04
 -3.0851E-03
 -7.6054E-04
 -7.5285E-03
 -8.9177E-03
 -5.3723E-03
 -1.0778E-03
 -2.0719E-03
 -2.7647E-03
  4.3547E-04
  2.9928E-03
 -1.1101E-03
  1.8810E-03
  8.8750E-03
 -7.5027E-03
 -6.6460E-03
 -4.9736E-03
 -3.8476E-03
 -1.5441E-06
  3.5951E-03
  3.5028E-04
  6.6473E-03
  1.1630E-02
  3.1534E-02
  1.4575E-02
 -6.5260E-04
  1.0190E-02
 -1.2738E-04
 -9.8666E-03
 -7.4465E-03
 -1.4875E-02
 -2.2879E-02
 -2.5722E-02
 -1.5539E-02
 -6.6325E-03
 -1.0066E-02
  4.1262E-04
  9.1629E-03
  6.2943E-03
  1.5140E-02
  2.1805E-02
  1.4424E-03
  8.5388E-03
  8.6630E-03
  3.1673E-03
  7.1002E-04
 -2.0407E-03
 -5.5513E-04
 -8.3115E-03
 -9.6826E-03
 -1.7242E-03
  1.9307E-03
 -6.3144E-03
 -2.6222E-03
 -1.2040E-03
 -9.8454E-04
 -6.2856E-03
 -4.5473E-05
  1.5697E-02
   5.0434E-01
  0.0000E+00
  0.0000E+00
  0.0000E+00
  0.0000E+00
  0.0000E+00
  0.0000E+00
  0.0000E+00
  0.0000E+00
  0.0000E+00
 -2.8329E-02
 -2.6575E-03
  2.1616E-02
  1.2916E-03
 -7.7613E-05
 -8.3111E-04
  3.2622E-02
  2.4775E-03
 -2.5038E-02
 -8.8438E-03
  3.2757E-03
  2.1535E-02
  1.0015E-03
 -8.3728E-05
 -6.1188E-04
 -2.2631E-03
 -2.2797E-03
 -7.3223E-03
  1.7894E-02
  3.1017E-03
 -8.3241E-03
 -1.3725E-02
 -2.4287E-04
  1.2957E-02
 -4.9790E-02
 -4.0056E-03
  3.7849E-02
  4.8995E-02
 -6.1046E-03
 -6.5632E-02
  1.7788E-02
  1.6821E-04
 -1.7078E-02
 -5.4776E-03
  6.4454E-03
  2.3543E-02
  1.7235E-02
  2.5383E-03
 -1.8843E-02
 -5.7054E-03
  1.4194E-04
  6.6517E-03
 -1.8478E-02
 -1.8999E-03
  2.2688E-02
 -6.5850E-04
 -1.0396E-03
  8.3523E-04
 -4.9311E-04
  1.0251E-04
 -2.4599E-04
 -8.9958E-03
  7.7129E-05
  5.0058E-03
 -1.7760E-02
  3.3596E-03
  2.9757E-02
 -1.2696E-03
  1.5141E-04
  2.0471E-03
  3.4971E-03
 -3.4596E-03
 -1.4744E-02
 -3.9269E-02
  1.2966E-03
  4.0549E-02
 -6.4865E-03
 -1.3641E-04
  6.8486E-03
  3.1469E-02
 -7.0083E-04
 -3.0288E-02
 -1.6411E-02
 -6.3476E-03
 -5.0080E-03
  1.6979E-02
  1.6818E-04
 -1.7326E-02
  6.0783E-02
  5.5613E-03
 -4.2303E-02
 -7.4151E-03
  3.2833E-03
  1.1539E-02
 -1.1160E-02
  3.6490E-04
  1.1879E-02
 -1.4396E-02
 -3.1483E-03
  1.0519E-02
  3.4366E-02
  1.3272E-03
 -2.2656E-02
  2.6482E-03
 -4.1689E-04
 -2.2745E-03
 -4.4508E-02
 -1.6825E-03
  3.4502E-02
  3.1377E-02
 -2.7219E-04
 -3.1694E-02
 -2.8936E-03
  9.0364E-05
  2.4816E-03
 -4.0496E-02
  2.4363E-04
  3.9571E-02
  8.7146E-03
  6.8484E-04
 -1.3861E-02
 -1.7256E-03
 -2.2497E-04
  1.4704E-03
  1.5814E-04
 -6.1341E-04
  5.5203E-03
 -3.3881E-03
 -5.3007E-03
 -1.1709E-02
  1.5567E-02
  1.3586E-05
 -1.5203E-02
  4.0408E-02
  6.1048E-03
 -2.3029E-02
 -3.7797E-02
  6.6849E-03
  5.3090E-02
 -1.8563E-02
  5.4520E-04
  1.8207E-02
 -6.2422E-03
 -7.0983E-03
 -1.2771E-02
 -3.0964E-02
  4.3241E-04
  3.8667E-02
  6.9976E-03
 -1.9772E-05
 -6.6389E-03
  3.0545E-02
  3.1482E-04
 -3.5957E-02
 -1.8038E-02
 -3.4796E-03
  7.1331E-03
 -2.0845E-03
 -3.5332E-04
  1.9492E-03
  2.2978E-02
  4.0387E-03
 -9.8122E-03
  2.9840E-02
  2.0106E-03
 -3.4603E-02
  1.2788E-03
  3.7022E-04
 -2.4350E-03
 -1.6362E-02
 -2.5565E-03
  1.6240E-02
  3.1945E-02
 -5.1476E-03
 -3.9882E-02
  9.0398E-03
  2.8034E-04
 -7.9114E-03
 -1.8036E-02
  5.8178E-03
  2.8449E-02
 -3.2118E-02
  1.0488E-02
  5.7229E-02
 -2.0138E-02
 -1.1362E-03
  1.5701E-02
 -1.2534E-02
 -7.4593E-03
 -1.0848E-02
   5.0552E-01
  0.0000E+00
  0.0000E+00
  0.0000E+00
  0.0000E+00
  0.0000E+00
  0.0000E+00
  0.0000E+00
  0.0000E+00
  0.0000E+00
 -3.1982E-02
 -2.0550E-02
 -1.3963E-02
 -9.7672E-03
  8.1118E-04
  1.2635E-02
  7.3331E-03
  1.9187E-02
  3.8376E-02
  5.3551E-02
  1.5764E-02
  9.3586E-03
  1.1724E-02
  2.9763E-04
 -1.1230E-02
 -1.7071E-02
 -1.7137E-02
 -4.8788E-02
  2.8377E-02
  1.8856E-02
  2.3536E-02
  5.9656E-03
  1.0289E-04
 -5.2204E-03
 -2.2014E-03
 -1.8234E-02
 -4.7390E-02
 -8.2277E-02
 -3.3939E-02
 -4.6043E-03
 -1.9499E-02
 -3.5390E-04
  1.9298E-02
  3.6843E-02
  3.4724E-02
  5.2622E-02
  1.0313E-02
  1.8236E-02
 -3.4928E-03
  9.1467E-03
 -2.4458E-04
 -1.1213E-02
 -1.1232E-02
 -1.9656E-02
 -1.5807E-03
  4.3839E-03
 -1.7273E-02
 -1.6361E-02
 -8.1618E-03
  5.1590E-04
  1.0224E-02
 -1.0264E-02
  1.8438E-02
  2.6632E-02
  6.4621E-02
  2.0993E-02
  1.0767E-02
  1.4492E-02
  5.7319E-04
 -1.2367E-02
 -2.3989E-02
 -2.2523E-02
 -5.2502E-02
  1.0758E-03
  4.2241E-03
 -3.4984E-03
 -3.7638E-05
 -3.4421E-04
 -1.7291E-03
 -2.5373E-03
 -5.2675E-03
  7.1658E-04
 -7.4500E-02
 -3.4697E-02
 -1.6586E-02
 -1.8857E-02
 -1.0785E-03
  1.8024E-02
  2.4664E-02
  3.6416E-02
  7.2510E-02
  2.8708E-02
  2.8145E-02
  2.2103E-02
  1.4680E-02
 -2.7737E-04
 -1.5709E-02
 -5.3720E-03
 -2.7817E-02
 -4.5732E-02
 -1.2688E-02
 -1.9760E-02
  6.4040E-03
 -1.0661E-02
  2.9788E-04
  1.1105E-02
  1.2189E-02
  1.9083E-02
 -7.5657E-03
  5.1910E-02
  2.6348E-02
  1.0168E-02
  1.5520E-02
  8.6737E-04
 -1.5155E-02
 -1.3504E-02
 -2.5361E-02
 -4.9338E-02
 -2.3102E-02
 -1.4337E-02
 -2.6898E-02
 -8.2824E-03
  5.1149E-04
  9.0741E-03
 -6.0018E-03
  1.5149E-02
  5.7164E-02
 -4.6059E-02
 -2.3314E-02
 -1.6056E-02
 -1.4867E-02
 -2.7638E-04
  1.4686E-02
  3.0032E-03
  2.1490E-02
  5.6207E-02
  4.5672E-02
  3.4241E-02
  3.6702E-02
  2.0251E-02
 -2.3400E-04
 -2.0253E-02
 -8.8350E-04
 -3.3561E-02
 -7.9199E-02
 -2.4459E-02
 -2.3900E-02
  6.2680E-03
 -1.1845E-02
 -3.2898E-04
  1.2104E-02
  2.6013E-02
  2.5391E-02
 -3.0068E-03
  2.9099E-02
  2.5912E-02
  1.0243E-02
  1.1060E-02
  2.8557E-04
 -1.2689E-02
 -1.2623E-02
 -2.6544E-02
 -3.2385E-02
 -5.0025E-02
 -2.3323E-02
 -2.1011E-02
 -1.1651E-02
  1.1322E-04
  1.3580E-02
  1.4105E-02
  2.5000E-02
  6.3692E-02
 -1.3539E-02
 -1.1531E-02
 -7.3596E-03
 -8.3432E-03
 -8.2862E-04
  6.5744E-03
 -1.8352E-03
  8.8795E-03
  1.7209E-02
  5.2293E-02
  3.9753E-02
  3.3757E-02
  2.3871E-02
  1.9396E-03
 -2.0957E-02
 -9.2309E-03
 -4.1226E-02
 -8.1695E-02
   5.0585E-01
  0.0000E+00
  0.0000E+00
  0.0000E+00
  0.0000E+00
  0.0000E+00
  0.0000E+00
  0.0000E+00
  0.0000E+00
  0.0000E+00
  9.7764E-03
 -3.5460E-04
 -8.3406E-03
  1.7429E-03
  1.0394E-03
  1.6308E-03
 -4.6661E-03
 -3.2853E-03
 -1.4598E-03
 -6.9791E-04
 -9.1548E-03
  3.6361E-03
  5.9205E-03
  7.6089E-04
 -5.3837E-03
 -1.7619E-02
  6.4420E-03
  7.2854E-03
 -1.5575E-02
  2.5688E-02
  6.6611E-02
 -3.1797E-02
 -5.0988E-04
  3.1379E-02
 -4.7787E-02
 -2.3335E-02
  2.6610E-03
  8.2570E-03
 -2.9312E-02
 -8.0939E-02
  3.9402E-02
  1.1061E-03
 -4.2160E-02
  8.9569E-02
  2.9242E-02
 -2.6965E-02
 -5.9172E-03
  1.2354E-02
  1.6634E-02
 -2.0359E-02
  3.8142E-04
  1.6236E-02
 -1.6146E-02
 -1.3877E-02
 -7.3896E-03
 -3.6072E-04
 -9.3771E-04
  1.1734E-02
  7.9095E-03
  1.6046E-03
 -4.1188E-03
 -6.3101E-03
  6.4611E-03
  7.1471E-03
 -1.2330E-02
 -1.4822E-03
  2.6533E-02
 -2.5735E-03
  2.1228E-04
  8.9842E-04
 -1.9023E-02
 -9.4049E-04
 -4.2237E-03
  4.1233E-03
  1.3924E-02
  1.2971E-02
 -2.5955E-02
 -1.2243E-03
  2.1664E-02
 -3.4690E-02
 -1.3563E-02
  1.4630E-02
  4.0415E-02
 -2.6983E-02
 -1.0434E-01
  4.5820E-02
 -7.0360E-04
 -4.7749E-02
  7.7942E-02
  3.3415E-02
 -2.1977E-03
  6.8394E-03
  2.4210E-02
  4.0396E-02
 -3.5463E-02
  1.0012E-03
  3.1698E-02
 -7.8875E-02
 -2.4194E-02
  2.0138E-02
 -2.0582E-02
 -1.4315E-02
  1.1750E-02
  9.4269E-03
  1.3014E-03
 -8.7345E-03
  5.0127E-03
  1.4334E-02
  3.5305E-05
 -1.3343E-03
  1.2108E-02
  3.0272E-02
 -7.8338E-04
  1.2728E-05
  3.4233E-03
  1.3879E-04
 -1.0262E-02
 -2.0155E-02
 -5.8462E-03
  2.1450E-04
 -7.3247E-03
 -1.3907E-02
 -1.3169E-03
  1.2165E-02
  8.5560E-03
 -3.1581E-03
  5.1144E-04
  2.3179E-02
 -2.6853E-02
 -7.8553E-02
  3.9854E-02
 -5.6955E-04
 -3.8784E-02
  6.9598E-02
  2.4123E-02
 -1.5267E-02
  5.8862E-04
  2.8941E-02
  6.8191E-02
 -3.6370E-02
 -1.2428E-03
  3.8891E-02
 -8.8426E-02
 -2.9926E-02
  2.7690E-02
  8.9545E-03
 -2.0481E-02
 -3.1585E-02
  1.2175E-02
  1.0116E-04
 -1.2214E-02
 -1.1783E-02
  1.8419E-02
  2.9805E-02
  2.5597E-02
  1.7735E-02
  3.5860E-03
 -1.8797E-03
 -7.2350E-04
 -5.9675E-06
 -1.9288E-02
 -2.0747E-02
 -1.6796E-02
 -1.3307E-02
 -1.2566E-02
 -1.6888E-02
  3.8879E-03
 -6.5216E-04
  3.5628E-03
  5.3821E-02
  1.5515E-02
 -2.1681E-04
  1.1176E-03
 -1.4151E-02
 -2.2742E-02
  2.2445E-02
 -2.6450E-03
 -2.8918E-02
  3.6378E-02
  7.6561E-03
 -3.0111E-02
 -2.2111E-02
  2.7694E-02
  7.4744E-02
 -3.7927E-02
  8.1767E-03
  4.7591E-02
 -8.9051E-02
 -2.4874E-02
  2.8681E-02
   5.0591E-01
  0.0000E+00
  0.0000E+00
  0.0000E+00
  0.0000E+00
  0.0000E+00
  0.0000E+00
  0.0000E+00
  0.0000E+00
  0.0000E+00
  7.7252E-03
  7.3282E-03
 -7.2555E-04
 -3.8525E-03
  6.5042E-03
  7.8960E-03
 -2.8469E-02
 -9.8645E-04
  1.6222E-02
 -5.2827E-02
 -1.0164E-02
  3.6357E-02
  4.8799E-03
 -5.6983E-03
 -1.6520E-02
  6.6445E-02
  1.2364E-02
 -4.6063E-02
 -5.2566E-02
  1.2176E-02
  3.5344E-02
 -1.4464E-02
  2.9267E-03
  1.2200E-02
  1.0437E-02
 -4.1238E-04
  1.4078E-02
  5.1174E-02
  1.7509E-02
 -3.2405E-02
  1.9158E-02
 -3.1158E-03
 -3.0963E-02
 -1.2948E-02
 -1.7008E-02
 -1.5967E-02
  1.0348E-02
 -1.8776E-03
  5.8754E-03
 -1.7009E-02
  3.1371E-03
  1.7171E-02
 -2.9286E-02
  1.6628E-02
  3.0340E-02
 -9.9283E-03
  1.9767E-02
 -7.4583E-03
  1.1199E-02
  6.2690E-05
 -1.9773E-02
  1.2733E-03
 -1.7481E-02
  3.2857E-03
 -5.7895E-02
 -6.8885E-03
  3.0390E-02
 -2.8230E-03
  5.7891E-03
  2.6364E-03
  4.0475E-02
  9.7261E-03
 -3.0825E-02
  2.6801E-02
  8.2554E-03
 -1.5872E-02
 -1.3782E-02
 -1.8971E-03
  6.1404E-03
 -3.8718E-02
 -7.1949E-03
  2.2215E-02
  3.4008E-02
  8.0468E-03
 -3.8635E-02
  2.9298E-02
 -1.5678E-05
 -1.9509E-02
  2.9715E-02
  2.2134E-03
  1.5074E-02
 -8.7396E-02
 -3.2815E-03
  4.3349E-02
 -3.1549E-02
  2.5581E-03
  2.6231E-02
 -1.5347E-02
 -5.3866E-03
  2.1189E-02
  4.0858E-02
  1.3038E-02
 -6.9148E-03
  3.3813E-02
 -2.4700E-03
 -3.1085E-02
  3.1280E-02
 -9.6423E-03
 -4.3096E-02
 -3.4097E-02
 -2.2833E-02
 -2.2128E-04
 -3.4508E-02
 -3.2895E-03
  2.8417E-02
 -2.0864E-02
  2.0698E-02
  5.1889E-02
  4.7072E-02
  2.7716E-02
 -2.1589E-02
  3.4979E-02
  1.3066E-03
 -3.5653E-02
  1.1431E-02
 -2.6163E-02
 -4.0381E-02
 -8.3288E-02
 -1.2628E-02
  5.0981E-02
 -3.7178E-02
 -3.5210E-03
  3.9510E-02
  1.9708E-03
  1.4031E-02
  5.1890E-02
  1.2439E-02
  4.5859E-03
 -1.7122E-03
  2.6926E-02
  3.7328E-03
 -2.2483E-02
  9.8281E-03
 -1.2079E-02
 -4.1586E-02
  6.3540E-03
 -1.5794E-02
 -3.3001E-02
  9.8831E-03
 -1.5513E-03
 -4.0454E-03
  2.5960E-02
  1.0708E-02
  8.3966E-03
 -1.6247E-03
  2.6511E-02
  3.2203E-02
  3.9256E-03
  1.2938E-03
 -7.3667E-04
 -1.1489E-02
 -3.0758E-02
 -2.6382E-02
 -2.3486E-02
 -1.5315E-02
 -1.5443E-02
  1.1204E-02
  3.4185E-04
 -3.3448E-03
  1.5376E-02
  1.6137E-02
  3.9549E-02
 -1.2434E-02
 -5.5679E-03
  3.1295E-02
 -2.2703E-02
 -2.9008E-03
  1.7884E-02
 -1.9758E-02
  1.6187E-03
 -5.0351E-03
  2.8912E-02
 -1.2628E-02
 -2.4779E-02
  1.4054E-02
  7.0832E-03
 -2.1068E-02
 -5.5769E-03
  2.1095E-02
 -2.3984E-02
