Scalar STRAINXY under Modal for nodeset
189
   8.4870E-01
  0.0000E+00
  0.0000E+00
  0.0000E+00
  0.0000E+00
  0.0000E+00
  0.0000E+00
  0.0000E+00
  0.0000E+00
  0.0000E+00
  9.0307E-04
 -1.5582E-05
  9.0307E-04
 -1.5582E-05
 -9.3424E-04
 -1.5582E-05
  9.0307E-04
 -1.5582E-05
  9.0307E-04
 -1.4520E-03
  3.2552E-05
 -1.4520E-03
  3.2552E-05
  1.5171E-03
  3.2552E-05
 -1.4520E-03
  3.2552E-05
 -1.4520E-03
  1.0668E-03
 -4.1393E-05
  1.0668E-03
 -4.1393E-05
 -1.1495E-03
 -4.1393E-05
  1.0668E-03
 -4.1393E-05
  1.0668E-03
  5.7196E-04
  3.7355E-05
  5.7196E-04
  3.7355E-05
 -4.9725E-04
  3.7355E-05
  5.7196E-04
  3.7355E-05
  5.7196E-04
 -3.4177E-03
 -1.9923E-05
 -3.4177E-03
 -1.9923E-05
  3.3779E-03
 -1.9923E-05
 -3.4177E-03
 -1.9923E-05
 -3.4177E-03
  7.0500E-03
 -7.5705E-06
  7.0500E-03
 -7.5705E-06
 -7.0651E-03
 -7.5705E-06
  7.0500E-03
 -7.5705E-06
  7.0500E-03
 -1.0764E-02
  3.8909E-05
 -1.0764E-02
  3.8909E-05
  1.0842E-02
  3.8909E-05
 -1.0764E-02
  3.8909E-05
 -1.0764E-02
  1.3735E-02
 -6.6579E-05
  1.3735E-02
 -6.6579E-05
 -1.3868E-02
 -6.6579E-05
  1.3735E-02
 -6.6579E-05
  1.3735E-02
 -1.5223E-02
  8.3655E-05
 -1.5223E-02
  8.3655E-05
  1.5390E-02
  8.3655E-05
 -1.5223E-02
  8.3655E-05
 -1.5223E-02
  1.4754E-02
 -8.5543E-05
  1.4754E-02
 -8.5543E-05
 -1.4925E-02
 -8.5543E-05
  1.4754E-02
 -8.5543E-05
  1.4754E-02
 -1.2247E-02
  7.1149E-05
 -1.2247E-02
  7.1149E-05
  1.2389E-02
  7.1149E-05
 -1.2247E-02
  7.1149E-05
 -1.2247E-02
  8.0428E-03
 -4.3190E-05
  8.0428E-03
 -4.3190E-05
 -8.1292E-03
 -4.3190E-05
  8.0428E-03
 -4.3190E-05
  8.0428E-03
 -2.8368E-03
  7.5531E-06
 -2.8368E-03
  7.5531E-06
  2.8519E-03
  7.5531E-06
 -2.8368E-03
  7.5531E-06
 -2.8368E-03
 -2.4793E-03
  2.8119E-05
 -2.4793E-03
  2.8119E-05
  2.5356E-03
  2.8119E-05
 -2.4793E-03
  2.8119E-05
 -2.4793E-03
  7.0181E-03
 -5.6298E-05
  7.0181E-03
 -5.6298E-05
 -7.1307E-03
 -5.6298E-05
  7.0181E-03
 -5.6298E-05
  7.0181E-03
 -1.0095E-02
  7.1424E-05
 -1.0095E-02
  7.1424E-05
  1.0238E-02
  7.1424E-05
 -1.0095E-02
  7.1424E-05
 -1.0095E-02
  1.1376E-02
 -7.1372E-05
  1.1376E-02
 -7.1372E-05
 -1.1519E-02
 -7.1372E-05
  1.1376E-02
 -7.1372E-05
  1.1376E-02
 -1.0938E-02
  5.8346E-05
 -1.0938E-02
  5.8346E-05
  1.1055E-02
  5.8346E-05
 -1.0938E-02
  5.8346E-05
 -1.0938E-02
  9.2264E-03
 -3.9650E-05
  9.2264E-03
 -3.9650E-05
 -9.3057E-03
 -3.9650E-05
  9.2264E-03
 -3.9650E-05
  9.2264E-03
 -6.9172E-03
  3.0144E-05
 -6.9172E-03
  3.0144E-05
  6.9775E-03
  3.0144E-05
 -6.9172E-03
  3.0144E-05
 -6.9172E-03
   8.4870E-01
  0.0000E+00
  0.0000E+00
  0.0000E+00
  0.0000E+00
  0.0000E+00
  0.0000E+00
  0.0000E+00
  0.0000E+00
  0.0000E+00
 -3.0849E-03
  5.3226E-05
 -3.0849E-03
  5.3226E-05
  3.1913E-03
  5.3226E-05
 -3.0849E-03
  5.3226E-05
 -3.0849E-03
  4.9600E-03
 -1.1120E-04
  4.9600E-03
 -1.1120E-04
 -5.1824E-03
 -1.1120E-04
  4.9600E-03
 -1.1120E-04
  4.9600E-03
 -3.6440E-03
  1.4140E-04
 -3.6440E-03
  1.4140E-04
  3.9268E-03
  1.4140E-04
 -3.6440E-03
  1.4140E-04
 -3.6440E-03
 -1.9538E-03
 -1.2760E-04
 -1.9538E-03
 -1.2760E-04
  1.6986E-03
 -1.2760E-04
 -1.9538E-03
 -1.2760E-04
 -1.9538E-03
  1.1675E-02
  6.8055E-05
  1.1675E-02
  6.8055E-05
 -1.1539E-02
  6.8055E-05
  1.1675E-02
  6.8055E-05
  1.1675E-02
 -2.4082E-02
  2.5860E-05
 -2.4082E-02
  2.5860E-05
  2.4134E-02
  2.5860E-05
 -2.4082E-02
  2.5860E-05
 -2.4082E-02
  3.6768E-02
 -1.3291E-04
  3.6768E-02
 -1.3291E-04
 -3.7034E-02
 -1.3291E-04
  3.6768E-02
 -1.3291E-04
  3.6768E-02
 -4.6919E-02
  2.2743E-04
 -4.6919E-02
  2.2743E-04
  4.7374E-02
  2.2743E-04
 -4.6919E-02
  2.2743E-04
 -4.6919E-02
  5.2002E-02
 -2.8576E-04
  5.2002E-02
 -2.8576E-04
 -5.2573E-02
 -2.8576E-04
  5.2002E-02
 -2.8576E-04
  5.2002E-02
 -5.0399E-02
  2.9221E-04
 -5.0399E-02
  2.9221E-04
  5.0984E-02
  2.9221E-04
 -5.0399E-02
  2.9221E-04
 -5.0399E-02
  4.1834E-02
 -2.4304E-04
  4.1834E-02
 -2.4304E-04
 -4.2320E-02
 -2.4304E-04
  4.1834E-02
 -2.4304E-04
  4.1834E-02
 -2.7474E-02
  1.4753E-04
 -2.7474E-02
  1.4753E-04
  2.7769E-02
  1.4753E-04
 -2.7474E-02
  1.4753E-04
 -2.7474E-02
  9.6904E-03
 -2.5801E-05
  9.6904E-03
 -2.5801E-05
 -9.7420E-03
 -2.5801E-05
  9.6904E-03
 -2.5801E-05
  9.6904E-03
  8.4693E-03
 -9.6053E-05
  8.4693E-03
 -9.6053E-05
 -8.6614E-03
 -9.6053E-05
  8.4693E-03
 -9.6053E-05
  8.4693E-03
 -2.3973E-02
  1.9231E-04
 -2.3973E-02
  1.9231E-04
  2.4358E-02
  1.9231E-04
 -2.3973E-02
  1.9231E-04
 -2.3973E-02
  3.4484E-02
 -2.4398E-04
  3.4484E-02
 -2.4398E-04
 -3.4972E-02
 -2.4398E-04
  3.4484E-02
 -2.4398E-04
  3.4484E-02
 -3.8861E-02
  2.4380E-04
 -3.8861E-02
  2.4380E-04
  3.9348E-02
  2.4380E-04
 -3.8861E-02
  2.4380E-04
 -3.8861E-02
  3.7365E-02
 -1.9931E-04
  3.7365E-02
 -1.9931E-04
 -3.7764E-02
 -1.9931E-04
  3.7365E-02
 -1.9931E-04
  3.7365E-02
 -3.1517E-02
  1.3544E-04
 -3.1517E-02
  1.3544E-04
  3.1788E-02
  1.3544E-04
 -3.1517E-02
  1.3544E-04
 -3.1517E-02
  2.3629E-02
 -1.0297E-04
  2.3629E-02
 -1.0297E-04
 -2.3835E-02
 -1.0297E-04
  2.3629E-02
 -1.0297E-04
  2.3629E-02
   8.5515E-01
  0.0000E+00
  0.0000E+00
  0.0000E+00
  0.0000E+00
  0.0000E+00
  0.0000E+00
  0.0000E+00
  0.0000E+00
  0.0000E+00
 -3.5702E-05
  2.5662E-06
 -3.5702E-05
  2.5662E-06
  4.0834E-05
  2.5662E-06
 -3.5702E-05
  2.5662E-06
 -3.5702E-05
 -1.3148E-05
 -3.4979E-06
 -1.3148E-05
 -3.4979E-06
  6.1524E-06
 -3.4979E-06
 -1.3148E-05
 -3.4979E-06
 -1.3148E-05
  1.7623E-04
  2.8190E-06
  1.7623E-04
  2.8190E-06
 -1.7059E-04
  2.8190E-06
  1.7623E-04
  2.8190E-06
  1.7623E-04
 -4.6458E-04
 -2.0835E-07
 -4.6458E-04
 -2.0835E-07
  4.6416E-04
 -2.0835E-07
 -4.6458E-04
 -2.0835E-07
 -4.6458E-04
  8.5876E-04
 -4.6595E-06
  8.5876E-04
 -4.6595E-06
 -8.6808E-04
 -4.6595E-06
  8.5876E-04
 -4.6595E-06
  8.5876E-04
 -1.2934E-03
  1.1818E-05
 -1.2934E-03
  1.1818E-05
  1.3171E-03
  1.1818E-05
 -1.2934E-03
  1.1818E-05
 -1.2934E-03
  1.6419E-03
 -2.0667E-05
  1.6419E-03
 -2.0667E-05
 -1.6832E-03
 -2.0667E-05
  1.6419E-03
 -2.0667E-05
  1.6419E-03
 -1.7074E-03
  2.9592E-05
 -1.7074E-03
  2.9592E-05
  1.7666E-03
  2.9592E-05
 -1.7074E-03
  2.9592E-05
 -1.7074E-03
  1.2306E-03
 -3.5642E-05
  1.2306E-03
 -3.5642E-05
 -1.3019E-03
 -3.5642E-05
  1.2306E-03
 -3.5642E-05
  1.2306E-03
  7.5471E-05
  3.4399E-05
  7.5471E-05
  3.4399E-05
 -6.6721E-06
  3.4399E-05
  7.5471E-05
  3.4399E-05
  7.5471E-05
 -2.4513E-03
 -2.0255E-05
 -2.4513E-03
 -2.0255E-05
  2.4107E-03
 -2.0255E-05
 -2.4513E-03
 -2.0255E-05
 -2.4513E-03
  5.9703E-03
 -1.2666E-05
  5.9703E-03
 -1.2666E-05
 -5.9956E-03
 -1.2666E-05
  5.9703E-03
 -1.2666E-05
  5.9703E-03
 -1.0375E-02
  6.8741E-05
 -1.0375E-02
  6.8741E-05
  1.0513E-02
  6.8741E-05
 -1.0375E-02
  6.8741E-05
 -1.0375E-02
  1.4892E-02
 -1.4815E-04
  1.4892E-02
 -1.4815E-04
 -1.5188E-02
 -1.4815E-04
  1.4892E-02
 -1.4815E-04
  1.4892E-02
 -1.8060E-02
  2.4351E-04
 -1.8060E-02
  2.4351E-04
  1.8547E-02
  2.4351E-04
 -1.8060E-02
  2.4351E-04
 -1.8060E-02
  1.7666E-02
 -3.3677E-04
  1.7666E-02
 -3.3677E-04
 -1.8339E-02
 -3.3677E-04
  1.7666E-02
 -3.3677E-04
  1.7666E-02
 -1.0870E-02
  3.9847E-04
 -1.0870E-02
  3.9847E-04
  1.1667E-02
  3.9847E-04
 -1.0870E-02
  3.9847E-04
 -1.0870E-02
 -5.3494E-03
 -3.9467E-04
 -5.3494E-03
 -3.9467E-04
  4.5600E-03
 -3.9467E-04
 -5.3494E-03
 -3.9467E-04
 -5.3494E-03
  3.3342E-02
  3.1478E-04
  3.3342E-02
  3.1478E-04
 -3.2712E-02
  3.1478E-04
  3.3342E-02
  3.1478E-04
  3.3342E-02
 -7.3500E-02
 -2.5729E-04
 -7.3500E-02
 -2.5729E-04
  7.2985E-02
 -2.5729E-04
 -7.3500E-02
 -2.5729E-04
 -7.3500E-02
   8.5515E-01
  0.0000E+00
  0.0000E+00
  0.0000E+00
  0.0000E+00
  0.0000E+00
  0.0000E+00
  0.0000E+00
  0.0000E+00
  0.0000E+00
  6.1552E-05
 -4.4242E-06
  6.1552E-05
 -4.4242E-06
 -7.0400E-05
 -4.4242E-06
  6.1552E-05
 -4.4242E-06
  6.1552E-05
  2.2668E-05
  6.0305E-06
  2.2668E-05
  6.0305E-06
 -1.0607E-05
  6.0305E-06
  2.2668E-05
  6.0305E-06
  2.2668E-05
 -3.0383E-04
 -4.8601E-06
 -3.0383E-04
 -4.8601E-06
  2.9411E-04
 -4.8601E-06
 -3.0383E-04
 -4.8601E-06
 -3.0383E-04
  8.0095E-04
  3.5920E-07
  8.0095E-04
  3.5920E-07
 -8.0023E-04
  3.5920E-07
  8.0095E-04
  3.5920E-07
  8.0095E-04
 -1.4805E-03
  8.0332E-06
 -1.4805E-03
  8.0332E-06
  1.4966E-03
  8.0332E-06
 -1.4805E-03
  8.0332E-06
 -1.4805E-03
  2.2299E-03
 -2.0375E-05
  2.2299E-03
 -2.0375E-05
 -2.2707E-03
 -2.0375E-05
  2.2299E-03
 -2.0375E-05
  2.2299E-03
 -2.8307E-03
  3.5630E-05
 -2.8307E-03
  3.5630E-05
  2.9019E-03
  3.5630E-05
 -2.8307E-03
  3.5630E-05
 -2.8307E-03
  2.9436E-03
 -5.1017E-05
  2.9436E-03
 -5.1017E-05
 -3.0457E-03
 -5.1017E-05
  2.9436E-03
 -5.1017E-05
  2.9436E-03
 -2.1216E-03
  6.1448E-05
 -2.1216E-03
  6.1448E-05
  2.2445E-03
  6.1448E-05
 -2.1216E-03
  6.1448E-05
 -2.1216E-03
 -1.3011E-04
 -5.9306E-05
 -1.3011E-04
 -5.9306E-05
  1.1503E-05
 -5.9306E-05
 -1.3011E-04
 -5.9306E-05
 -1.3011E-04
  4.2260E-03
  3.4921E-05
  4.2260E-03
  3.4921E-05
 -4.1562E-03
  3.4921E-05
  4.2260E-03
  3.4921E-05
  4.2260E-03
 -1.0293E-02
  2.1837E-05
 -1.0293E-02
  2.1837E-05
  1.0337E-02
  2.1837E-05
 -1.0293E-02
  2.1837E-05
 -1.0293E-02
  1.7888E-02
 -1.1851E-04
  1.7888E-02
 -1.1851E-04
 -1.8125E-02
 -1.1851E-04
  1.7888E-02
 -1.1851E-04
  1.7888E-02
 -2.5674E-02
  2.5541E-04
 -2.5674E-02
  2.5541E-04
  2.6184E-02
  2.5541E-04
 -2.5674E-02
  2.5541E-04
 -2.5674E-02
  3.1135E-02
 -4.1982E-04
  3.1135E-02
 -4.1982E-04
 -3.1975E-02
 -4.1982E-04
  3.1135E-02
 -4.1982E-04
  3.1135E-02
 -3.0456E-02
  5.8061E-04
 -3.0456E-02
  5.8061E-04
  3.1618E-02
  5.8061E-04
 -3.0456E-02
  5.8061E-04
 -3.0456E-02
  1.8741E-02
 -6.8697E-04
  1.8741E-02
 -6.8697E-04
 -2.0115E-02
 -6.8697E-04
  1.8741E-02
 -6.8697E-04
  1.8741E-02
  9.2225E-03
  6.8042E-04
  9.2225E-03
  6.8042E-04
 -7.8617E-03
  6.8042E-04
  9.2225E-03
  6.8042E-04
  9.2225E-03
 -5.7482E-02
 -5.4269E-04
 -5.7482E-02
 -5.4269E-04
  5.6397E-02
 -5.4269E-04
 -5.7482E-02
 -5.4269E-04
 -5.7482E-02
  1.2672E-01
  4.4357E-04
  1.2672E-01
  4.4357E-04
 -1.2583E-01
  4.4357E-04
  1.2672E-01
  4.4357E-04
  1.2672E-01
   8.5515E-01
  0.0000E+00
  0.0000E+00
  0.0000E+00
  0.0000E+00
  0.0000E+00
  0.0000E+00
  0.0000E+00
  0.0000E+00
  0.0000E+00
 -6.4274E-05
  4.6199E-06
 -6.4274E-05
  4.6199E-06
  7.3514E-05
  4.6199E-06
 -6.4274E-05
  4.6199E-06
 -6.4274E-05
 -2.3671E-05
 -6.2973E-06
 -2.3671E-05
 -6.2973E-06
  1.1076E-05
 -6.2973E-06
 -2.3671E-05
 -6.2973E-06
 -2.3671E-05
  3.1727E-04
  5.0751E-06
  3.1727E-04
  5.0751E-06
 -3.0712E-04
  5.0751E-06
  3.1727E-04
  5.0751E-06
  3.1727E-04
 -8.3637E-04
 -3.7509E-07
 -8.3637E-04
 -3.7509E-07
  8.3562E-04
 -3.7509E-07
 -8.3637E-04
 -3.7509E-07
 -8.3637E-04
  1.5460E-03
 -8.3885E-06
  1.5460E-03
 -8.3885E-06
 -1.5628E-03
 -8.3885E-06
  1.5460E-03
 -8.3885E-06
  1.5460E-03
 -2.3285E-03
  2.1276E-05
 -2.3285E-03
  2.1276E-05
  2.3711E-03
  2.1276E-05
 -2.3285E-03
  2.1276E-05
 -2.3285E-03
  2.9559E-03
 -3.7206E-05
  2.9559E-03
 -3.7206E-05
 -3.0303E-03
 -3.7206E-05
  2.9559E-03
 -3.7206E-05
  2.9559E-03
 -3.0738E-03
  5.3273E-05
 -3.0738E-03
  5.3273E-05
  3.1804E-03
  5.3273E-05
 -3.0738E-03
  5.3273E-05
 -3.0738E-03
  2.2154E-03
 -6.4166E-05
  2.2154E-03
 -6.4166E-05
 -2.3438E-03
 -6.4166E-05
  2.2154E-03
 -6.4166E-05
  2.2154E-03
  1.3587E-04
  6.1928E-05
  1.3587E-04
  6.1928E-05
 -1.2012E-05
  6.1928E-05
  1.3587E-04
  6.1928E-05
  1.3587E-04
 -4.4129E-03
 -3.6466E-05
 -4.4129E-03
 -3.6466E-05
  4.3400E-03
 -3.6466E-05
 -4.4129E-03
 -3.6466E-05
 -4.4129E-03
  1.0748E-02
 -2.2803E-05
  1.0748E-02
 -2.2803E-05
 -1.0794E-02
 -2.2803E-05
  1.0748E-02
 -2.2803E-05
  1.0748E-02
 -1.8679E-02
  1.2375E-04
 -1.8679E-02
  1.2375E-04
  1.8926E-02
  1.2375E-04
 -1.8679E-02
  1.2375E-04
 -1.8679E-02
  2.6809E-02
 -2.6671E-04
  2.6809E-02
 -2.6671E-04
 -2.7342E-02
 -2.6671E-04
  2.6809E-02
 -2.6671E-04
  2.6809E-02
 -3.2512E-02
  4.3839E-04
 -3.2512E-02
  4.3839E-04
  3.3389E-02
  4.3839E-04
 -3.2512E-02
  4.3839E-04
 -3.2512E-02
  3.1803E-02
 -6.0628E-04
  3.1803E-02
 -6.0628E-04
 -3.3016E-02
 -6.0628E-04
  3.1803E-02
 -6.0628E-04
  3.1803E-02
 -1.9570E-02
  7.1735E-04
 -1.9570E-02
  7.1735E-04
  2.1005E-02
  7.1735E-04
 -1.9570E-02
  7.1735E-04
 -1.9570E-02
 -9.6304E-03
 -7.1051E-04
 -9.6304E-03
 -7.1051E-04
  8.2094E-03
 -7.1051E-04
 -9.6304E-03
 -7.1051E-04
 -9.6304E-03
  6.0025E-02
  5.6669E-04
  6.0025E-02
  5.6669E-04
 -5.8891E-02
  5.6669E-04
  6.0025E-02
  5.6669E-04
  6.0025E-02
 -1.3232E-01
 -4.6319E-04
 -1.3232E-01
 -4.6319E-04
  1.3139E-01
 -4.6319E-04
 -1.3232E-01
 -4.6319E-04
 -1.3232E-01
   8.5515E-01
  0.0000E+00
  0.0000E+00
  0.0000E+00
  0.0000E+00
  0.0000E+00
  0.0000E+00
  0.0000E+00
  0.0000E+00
  0.0000E+00
 -1.9505E-06
  1.4019E-07
 -1.9505E-06
  1.4019E-07
  2.2308E-06
  1.4019E-07
 -1.9505E-06
  1.4019E-07
 -1.9505E-06
 -7.1831E-07
 -1.9110E-07
 -7.1831E-07
 -1.9110E-07
  3.3611E-07
 -1.9110E-07
 -7.1831E-07
 -1.9110E-07
 -7.1831E-07
  9.6278E-06
  1.5401E-07
  9.6278E-06
  1.5401E-07
 -9.3198E-06
  1.5401E-07
  9.6278E-06
  1.5401E-07
  9.6278E-06
 -2.5381E-05
 -1.1382E-08
 -2.5381E-05
 -1.1382E-08
  2.5358E-05
 -1.1382E-08
 -2.5381E-05
 -1.1382E-08
 -2.5381E-05
  4.6915E-05
 -2.5456E-07
  4.6915E-05
 -2.5456E-07
 -4.7425E-05
 -2.5456E-07
  4.6915E-05
 -2.5456E-07
  4.6915E-05
 -7.0662E-05
  6.4565E-07
 -7.0662E-05
  6.4565E-07
  7.1953E-05
  6.4565E-07
 -7.0662E-05
  6.4565E-07
 -7.0662E-05
  8.9699E-05
 -1.1290E-06
  8.9699E-05
 -1.1290E-06
 -9.1957E-05
 -1.1290E-06
  8.9699E-05
 -1.1290E-06
  8.9699E-05
 -9.3278E-05
  1.6166E-06
 -9.3278E-05
  1.6166E-06
  9.6512E-05
  1.6166E-06
 -9.3278E-05
  1.6166E-06
 -9.3278E-05
  6.7230E-05
 -1.9472E-06
  6.7230E-05
 -1.9472E-06
 -7.1124E-05
 -1.9472E-06
  6.7230E-05
 -1.9472E-06
  6.7230E-05
  4.1231E-06
  1.8793E-06
  4.1231E-06
  1.8793E-06
 -3.6451E-07
  1.8793E-06
  4.1231E-06
  1.8793E-06
  4.1231E-06
 -1.3392E-04
 -1.1066E-06
 -1.3392E-04
 -1.1066E-06
  1.3170E-04
 -1.1066E-06
 -1.3392E-04
 -1.1066E-06
 -1.3392E-04
  3.2617E-04
 -6.9198E-07
  3.2617E-04
 -6.9198E-07
 -3.2755E-04
 -6.9198E-07
  3.2617E-04
 -6.9198E-07
  3.2617E-04
 -5.6683E-04
  3.7554E-06
 -5.6683E-04
  3.7554E-06
  5.7434E-04
  3.7554E-06
 -5.6683E-04
  3.7554E-06
 -5.6683E-04
  8.1355E-04
 -8.0935E-06
  8.1355E-04
 -8.0935E-06
 -8.2973E-04
 -8.0935E-06
  8.1355E-04
 -8.0935E-06
  8.1355E-04
 -9.8662E-04
  1.3303E-05
 -9.8662E-04
  1.3303E-05
  1.0132E-03
  1.3303E-05
 -9.8662E-04
  1.3303E-05
 -9.8662E-04
  9.6511E-04
 -1.8398E-05
  9.6511E-04
 -1.8398E-05
 -1.0019E-03
 -1.8398E-05
  9.6511E-04
 -1.8398E-05
  9.6511E-04
 -5.9387E-04
  2.1769E-05
 -5.9387E-04
  2.1769E-05
  6.3740E-04
  2.1769E-05
 -5.9387E-04
  2.1769E-05
 -5.9387E-04
 -2.9224E-04
 -2.1561E-05
 -2.9224E-04
 -2.1561E-05
  2.4912E-04
 -2.1561E-05
 -2.9224E-04
 -2.1561E-05
 -2.9224E-04
  1.8215E-03
  1.7197E-05
  1.8215E-03
  1.7197E-05
 -1.7871E-03
  1.7197E-05
  1.8215E-03
  1.7197E-05
  1.8215E-03
 -4.0154E-03
 -1.4056E-05
 -4.0154E-03
 -1.4056E-05
  3.9873E-03
 -1.4056E-05
 -4.0154E-03
 -1.4056E-05
 -4.0154E-03
   0.0000E+00
  0.0000E+00
  0.0000E+00
  0.0000E+00
  0.0000E+00
  0.0000E+00
  0.0000E+00
  0.0000E+00
  0.0000E+00
  0.0000E+00
  0.0000E+00
  0.0000E+00
  0.0000E+00
  0.0000E+00
  0.0000E+00
  0.0000E+00
  0.0000E+00
  0.0000E+00
  0.0000E+00
  0.0000E+00
  0.0000E+00
  0.0000E+00
  0.0000E+00
  0.0000E+00
  0.0000E+00
  0.0000E+00
  0.0000E+00
  0.0000E+00
  0.0000E+00
  0.0000E+00
  0.0000E+00
  0.0000E+00
  0.0000E+00
  0.0000E+00
  0.0000E+00
  0.0000E+00
  0.0000E+00
  0.0000E+00
  0.0000E+00
  0.0000E+00
  0.0000E+00
  0.0000E+00
  0.0000E+00
  0.0000E+00
  0.0000E+00
  0.0000E+00
  0.0000E+00
  0.0000E+00
  0.0000E+00
  0.0000E+00
  0.0000E+00
  0.0000E+00
  0.0000E+00
  0.0000E+00
  0.0000E+00
  0.0000E+00
  0.0000E+00
  0.0000E+00
  0.0000E+00
  0.0000E+00
  0.0000E+00
  0.0000E+00
  0.0000E+00
  0.0000E+00
  0.0000E+00
  0.0000E+00
  0.0000E+00
  0.0000E+00
  0.0000E+00
  0.0000E+00
  0.0000E+00
  0.0000E+00
  0.0000E+00
  0.0000E+00
  0.0000E+00
  0.0000E+00
  0.0000E+00
  0.0000E+00
  0.0000E+00
  0.0000E+00
  0.0000E+00
  0.0000E+00
  0.0000E+00
  0.0000E+00
  0.0000E+00
  0.0000E+00
  0.0000E+00
  0.0000E+00
  0.0000E+00
  0.0000E+00
  0.0000E+00
  0.0000E+00
  0.0000E+00
  0.0000E+00
  0.0000E+00
  0.0000E+00
  0.0000E+00
  0.0000E+00
  0.0000E+00
  0.0000E+00
  0.0000E+00
  0.0000E+00
  0.0000E+00
  0.0000E+00
  0.0000E+00
  0.0000E+00
  0.0000E+00
  0.0000E+00
  0.0000E+00
  0.0000E+00
  0.0000E+00
  0.0000E+00
  0.0000E+00
  0.0000E+00
  0.0000E+00
  0.0000E+00
  0.0000E+00
  0.0000E+00
  0.0000E+00
  0.0000E+00
  0.0000E+00
  0.0000E+00
  0.0000E+00
  0.0000E+00
  0.0000E+00
  0.0000E+00
  0.0000E+00
  0.0000E+00
  0.0000E+00
  0.0000E+00
  0.0000E+00
  0.0000E+00
  0.0000E+00
  0.0000E+00
  0.0000E+00
  0.0000E+00
  0.0000E+00
  0.0000E+00
  0.0000E+00
  0.0000E+00
  0.0000E+00
  0.0000E+00
  0.0000E+00
  0.0000E+00
  0.0000E+00
  0.0000E+00
  0.0000E+00
  0.0000E+00
  0.0000E+00
  0.0000E+00
  0.0000E+00
  0.0000E+00
  0.0000E+00
  0.0000E+00
  0.0000E+00
  0.0000E+00
  0.0000E+00
  0.0000E+00
  0.0000E+00
  0.0000E+00
  0.0000E+00
  0.0000E+00
  0.0000E+00
  0.0000E+00
  0.0000E+00
  0.0000E+00
  0.0000E+00
  0.0000E+00
  0.0000E+00
  0.0000E+00
  0.0000E+00
  0.0000E+00
  0.0000E+00
  0.0000E+00
  0.0000E+00
  0.0000E+00
  0.0000E+00
  0.0000E+00
  0.0000E+00
  0.0000E+00
  0.0000E+00
  0.0000E+00
  0.0000E+00
  0.0000E+00
  0.0000E+00
  0.0000E+00
  0.0000E+00
  0.0000E+00
  0.0000E+00
  0.0000E+00
   0.0000E+00
  0.0000E+00
  0.0000E+00
  0.0000E+00
  0.0000E+00
  0.0000E+00
  0.0000E+00
  0.0000E+00
  0.0000E+00
  0.0000E+00
  0.0000E+00
  0.0000E+00
  0.0000E+00
  0.0000E+00
  0.0000E+00
  0.0000E+00
  0.0000E+00
  0.0000E+00
  0.0000E+00
  0.0000E+00
  0.0000E+00
  0.0000E+00
  0.0000E+00
  0.0000E+00
  0.0000E+00
  0.0000E+00
  0.0000E+00
  0.0000E+00
  0.0000E+00
  0.0000E+00
  0.0000E+00
  0.0000E+00
  0.0000E+00
  0.0000E+00
  0.0000E+00
  0.0000E+00
  0.0000E+00
  0.0000E+00
  0.0000E+00
  0.0000E+00
  0.0000E+00
  0.0000E+00
  0.0000E+00
  0.0000E+00
  0.0000E+00
  0.0000E+00
  0.0000E+00
  0.0000E+00
  0.0000E+00
  0.0000E+00
  0.0000E+00
  0.0000E+00
  0.0000E+00
  0.0000E+00
  0.0000E+00
  0.0000E+00
  0.0000E+00
  0.0000E+00
  0.0000E+00
  0.0000E+00
  0.0000E+00
  0.0000E+00
  0.0000E+00
  0.0000E+00
  0.0000E+00
  0.0000E+00
  0.0000E+00
  0.0000E+00
  0.0000E+00
  0.0000E+00
  0.0000E+00
  0.0000E+00
  0.0000E+00
  0.0000E+00
  0.0000E+00
  0.0000E+00
  0.0000E+00
  0.0000E+00
  0.0000E+00
  0.0000E+00
  0.0000E+00
  0.0000E+00
  0.0000E+00
  0.0000E+00
  0.0000E+00
  0.0000E+00
  0.0000E+00
  0.0000E+00
  0.0000E+00
  0.0000E+00
  0.0000E+00
  0.0000E+00
  0.0000E+00
  0.0000E+00
  0.0000E+00
  0.0000E+00
  0.0000E+00
  0.0000E+00
  0.0000E+00
  0.0000E+00
  0.0000E+00
  0.0000E+00
  0.0000E+00
  0.0000E+00
  0.0000E+00
  0.0000E+00
  0.0000E+00
  0.0000E+00
  0.0000E+00
  0.0000E+00
  0.0000E+00
  0.0000E+00
  0.0000E+00
  0.0000E+00
  0.0000E+00
  0.0000E+00
  0.0000E+00
  0.0000E+00
  0.0000E+00
  0.0000E+00
  0.0000E+00
  0.0000E+00
  0.0000E+00
  0.0000E+00
  0.0000E+00
  0.0000E+00
  0.0000E+00
  0.0000E+00
  0.0000E+00
  0.0000E+00
  0.0000E+00
  0.0000E+00
  0.0000E+00
  0.0000E+00
  0.0000E+00
  0.0000E+00
  0.0000E+00
  0.0000E+00
  0.0000E+00
  0.0000E+00
  0.0000E+00
  0.0000E+00
  0.0000E+00
  0.0000E+00
  0.0000E+00
  0.0000E+00
  0.0000E+00
  0.0000E+00
  0.0000E+00
  0.0000E+00
  0.0000E+00
  0.0000E+00
  0.0000E+00
  0.0000E+00
  0.0000E+00
  0.0000E+00
  0.0000E+00
  0.0000E+00
  0.0000E+00
  0.0000E+00
  0.0000E+00
  0.0000E+00
  0.0000E+00
  0.0000E+00
  0.0000E+00
  0.0000E+00
  0.0000E+00
  0.0000E+00
  0.0000E+00
  0.0000E+00
  0.0000E+00
  0.0000E+00
  0.0000E+00
  0.0000E+00
  0.0000E+00
  0.0000E+00
  0.0000E+00
  0.0000E+00
  0.0000E+00
  0.0000E+00
  0.0000E+00
  0.0000E+00
  0.0000E+00
  0.0000E+00
  0.0000E+00
  0.0000E+00
  0.0000E+00
  0.0000E+00
  0.0000E+00
  0.0000E+00
   0.0000E+00
  0.0000E+00
  0.0000E+00
  0.0000E+00
  0.0000E+00
  0.0000E+00
  0.0000E+00
  0.0000E+00
  0.0000E+00
  0.0000E+00
  0.0000E+00
  0.0000E+00
  0.0000E+00
  0.0000E+00
  0.0000E+00
  0.0000E+00
  0.0000E+00
  0.0000E+00
  0.0000E+00
  0.0000E+00
  0.0000E+00
  0.0000E+00
  0.0000E+00
  0.0000E+00
  0.0000E+00
  0.0000E+00
  0.0000E+00
  0.0000E+00
  0.0000E+00
  0.0000E+00
  0.0000E+00
  0.0000E+00
  0.0000E+00
  0.0000E+00
  0.0000E+00
  0.0000E+00
  0.0000E+00
  0.0000E+00
  0.0000E+00
  0.0000E+00
  0.0000E+00
  0.0000E+00
  0.0000E+00
  0.0000E+00
  0.0000E+00
  0.0000E+00
  0.0000E+00
  0.0000E+00
  0.0000E+00
  0.0000E+00
  0.0000E+00
  0.0000E+00
  0.0000E+00
  0.0000E+00
  0.0000E+00
  0.0000E+00
  0.0000E+00
  0.0000E+00
  0.0000E+00
  0.0000E+00
  0.0000E+00
  0.0000E+00
  0.0000E+00
  0.0000E+00
  0.0000E+00
  0.0000E+00
  0.0000E+00
  0.0000E+00
  0.0000E+00
  0.0000E+00
  0.0000E+00
  0.0000E+00
  0.0000E+00
  0.0000E+00
  0.0000E+00
  0.0000E+00
  0.0000E+00
  0.0000E+00
  0.0000E+00
  0.0000E+00
  0.0000E+00
  0.0000E+00
  0.0000E+00
  0.0000E+00
  0.0000E+00
  0.0000E+00
  0.0000E+00
  0.0000E+00
  0.0000E+00
  0.0000E+00
  0.0000E+00
  0.0000E+00
  0.0000E+00
  0.0000E+00
  0.0000E+00
  0.0000E+00
  0.0000E+00
  0.0000E+00
  0.0000E+00
  0.0000E+00
  0.0000E+00
  0.0000E+00
  0.0000E+00
  0.0000E+00
  0.0000E+00
  0.0000E+00
  0.0000E+00
  0.0000E+00
  0.0000E+00
  0.0000E+00
  0.0000E+00
  0.0000E+00
  0.0000E+00
  0.0000E+00
  0.0000E+00
  0.0000E+00
  0.0000E+00
  0.0000E+00
  0.0000E+00
  0.0000E+00
  0.0000E+00
  0.0000E+00
  0.0000E+00
  0.0000E+00
  0.0000E+00
  0.0000E+00
  0.0000E+00
  0.0000E+00
  0.0000E+00
  0.0000E+00
  0.0000E+00
  0.0000E+00
  0.0000E+00
  0.0000E+00
  0.0000E+00
  0.0000E+00
  0.0000E+00
  0.0000E+00
  0.0000E+00
  0.0000E+00
  0.0000E+00
  0.0000E+00
  0.0000E+00
  0.0000E+00
  0.0000E+00
  0.0000E+00
  0.0000E+00
  0.0000E+00
  0.0000E+00
  0.0000E+00
  0.0000E+00
  0.0000E+00
  0.0000E+00
  0.0000E+00
  0.0000E+00
  0.0000E+00
  0.0000E+00
  0.0000E+00
  0.0000E+00
  0.0000E+00
  0.0000E+00
  0.0000E+00
  0.0000E+00
  0.0000E+00
  0.0000E+00
  0.0000E+00
  0.0000E+00
  0.0000E+00
  0.0000E+00
  0.0000E+00
  0.0000E+00
  0.0000E+00
  0.0000E+00
  0.0000E+00
  0.0000E+00
  0.0000E+00
  0.0000E+00
  0.0000E+00
  0.0000E+00
  0.0000E+00
  0.0000E+00
  0.0000E+00
  0.0000E+00
  0.0000E+00
  0.0000E+00
  0.0000E+00
  0.0000E+00
  0.0000E+00
  0.0000E+00
  0.0000E+00
   0.0000E+00
  0.0000E+00
  0.0000E+00
  0.0000E+00
  0.0000E+00
  0.0000E+00
  0.0000E+00
  0.0000E+00
  0.0000E+00
  0.0000E+00
  0.0000E+00
  0.0000E+00
  0.0000E+00
  0.0000E+00
  0.0000E+00
  0.0000E+00
  0.0000E+00
  0.0000E+00
  0.0000E+00
  0.0000E+00
  0.0000E+00
  0.0000E+00
  0.0000E+00
  0.0000E+00
  0.0000E+00
  0.0000E+00
  0.0000E+00
  0.0000E+00
  0.0000E+00
  0.0000E+00
  0.0000E+00
  0.0000E+00
  0.0000E+00
  0.0000E+00
  0.0000E+00
  0.0000E+00
  0.0000E+00
  0.0000E+00
  0.0000E+00
  0.0000E+00
  0.0000E+00
  0.0000E+00
  0.0000E+00
  0.0000E+00
  0.0000E+00
  0.0000E+00
  0.0000E+00
  0.0000E+00
  0.0000E+00
  0.0000E+00
  0.0000E+00
  0.0000E+00
  0.0000E+00
  0.0000E+00
  0.0000E+00
  0.0000E+00
  0.0000E+00
  0.0000E+00
  0.0000E+00
  0.0000E+00
  0.0000E+00
  0.0000E+00
  0.0000E+00
  0.0000E+00
  0.0000E+00
  0.0000E+00
  0.0000E+00
  0.0000E+00
  0.0000E+00
  0.0000E+00
  0.0000E+00
  0.0000E+00
  0.0000E+00
  0.0000E+00
  0.0000E+00
  0.0000E+00
  0.0000E+00
  0.0000E+00
  0.0000E+00
  0.0000E+00
  0.0000E+00
  0.0000E+00
  0.0000E+00
  0.0000E+00
  0.0000E+00
  0.0000E+00
  0.0000E+00
  0.0000E+00
  0.0000E+00
  0.0000E+00
  0.0000E+00
  0.0000E+00
  0.0000E+00
  0.0000E+00
  0.0000E+00
  0.0000E+00
  0.0000E+00
  0.0000E+00
  0.0000E+00
  0.0000E+00
  0.0000E+00
  0.0000E+00
  0.0000E+00
  0.0000E+00
  0.0000E+00
  0.0000E+00
  0.0000E+00
  0.0000E+00
  0.0000E+00
  0.0000E+00
  0.0000E+00
  0.0000E+00
  0.0000E+00
  0.0000E+00
  0.0000E+00
  0.0000E+00
  0.0000E+00
  0.0000E+00
  0.0000E+00
  0.0000E+00
  0.0000E+00
  0.0000E+00
  0.0000E+00
  0.0000E+00
  0.0000E+00
  0.0000E+00
  0.0000E+00
  0.0000E+00
  0.0000E+00
  0.0000E+00
  0.0000E+00
  0.0000E+00
  0.0000E+00
  0.0000E+00
  0.0000E+00
  0.0000E+00
  0.0000E+00
  0.0000E+00
  0.0000E+00
  0.0000E+00
  0.0000E+00
  0.0000E+00
  0.0000E+00
  0.0000E+00
  0.0000E+00
  0.0000E+00
  0.0000E+00
  0.0000E+00
  0.0000E+00
  0.0000E+00
  0.0000E+00
  0.0000E+00
  0.0000E+00
  0.0000E+00
  0.0000E+00
  0.0000E+00
  0.0000E+00
  0.0000E+00
  0.0000E+00
  0.0000E+00
  0.0000E+00
  0.0000E+00
  0.0000E+00
  0.0000E+00
  0.0000E+00
  0.0000E+00
  0.0000E+00
  0.0000E+00
  0.0000E+00
  0.0000E+00
  0.0000E+00
  0.0000E+00
  0.0000E+00
  0.0000E+00
  0.0000E+00
  0.0000E+00
  0.0000E+00
  0.0000E+00
  0.0000E+00
  0.0000E+00
  0.0000E+00
  0.0000E+00
  0.0000E+00
  0.0000E+00
  0.0000E+00
  0.0000E+00
  0.0000E+00
  0.0000E+00
  0.0000E+00
  0.0000E+00
   0.0000E+00
  0.0000E+00
  0.0000E+00
  0.0000E+00
  0.0000E+00
  0.0000E+00
  0.0000E+00
  0.0000E+00
  0.0000E+00
  0.0000E+00
  0.0000E+00
  0.0000E+00
  0.0000E+00
  0.0000E+00
  0.0000E+00
  0.0000E+00
  0.0000E+00
  0.0000E+00
  0.0000E+00
  0.0000E+00
  0.0000E+00
  0.0000E+00
  0.0000E+00
  0.0000E+00
  0.0000E+00
  0.0000E+00
  0.0000E+00
  0.0000E+00
  0.0000E+00
  0.0000E+00
  0.0000E+00
  0.0000E+00
  0.0000E+00
  0.0000E+00
  0.0000E+00
  0.0000E+00
  0.0000E+00
  0.0000E+00
  0.0000E+00
  0.0000E+00
  0.0000E+00
  0.0000E+00
  0.0000E+00
  0.0000E+00
  0.0000E+00
  0.0000E+00
  0.0000E+00
  0.0000E+00
  0.0000E+00
  0.0000E+00
  0.0000E+00
  0.0000E+00
  0.0000E+00
  0.0000E+00
  0.0000E+00
  0.0000E+00
  0.0000E+00
  0.0000E+00
  0.0000E+00
  0.0000E+00
  0.0000E+00
  0.0000E+00
  0.0000E+00
  0.0000E+00
  0.0000E+00
  0.0000E+00
  0.0000E+00
  0.0000E+00
  0.0000E+00
  0.0000E+00
  0.0000E+00
  0.0000E+00
  0.0000E+00
  0.0000E+00
  0.0000E+00
  0.0000E+00
  0.0000E+00
  0.0000E+00
  0.0000E+00
  0.0000E+00
  0.0000E+00
  0.0000E+00
  0.0000E+00
  0.0000E+00
  0.0000E+00
  0.0000E+00
  0.0000E+00
  0.0000E+00
  0.0000E+00
  0.0000E+00
  0.0000E+00
  0.0000E+00
  0.0000E+00
  0.0000E+00
  0.0000E+00
  0.0000E+00
  0.0000E+00
  0.0000E+00
  0.0000E+00
  0.0000E+00
  0.0000E+00
  0.0000E+00
  0.0000E+00
  0.0000E+00
  0.0000E+00
  0.0000E+00
  0.0000E+00
  0.0000E+00
  0.0000E+00
  0.0000E+00
  0.0000E+00
  0.0000E+00
  0.0000E+00
  0.0000E+00
  0.0000E+00
  0.0000E+00
  0.0000E+00
  0.0000E+00
  0.0000E+00
  0.0000E+00
  0.0000E+00
  0.0000E+00
  0.0000E+00
  0.0000E+00
  0.0000E+00
  0.0000E+00
  0.0000E+00
  0.0000E+00
  0.0000E+00
  0.0000E+00
  0.0000E+00
  0.0000E+00
  0.0000E+00
  0.0000E+00
  0.0000E+00
  0.0000E+00
  0.0000E+00
  0.0000E+00
  0.0000E+00
  0.0000E+00
  0.0000E+00
  0.0000E+00
  0.0000E+00
  0.0000E+00
  0.0000E+00
  0.0000E+00
  0.0000E+00
  0.0000E+00
  0.0000E+00
  0.0000E+00
  0.0000E+00
  0.0000E+00
  0.0000E+00
  0.0000E+00
  0.0000E+00
  0.0000E+00
  0.0000E+00
  0.0000E+00
  0.0000E+00
  0.0000E+00
  0.0000E+00
  0.0000E+00
  0.0000E+00
  0.0000E+00
  0.0000E+00
  0.0000E+00
  0.0000E+00
  0.0000E+00
  0.0000E+00
  0.0000E+00
  0.0000E+00
  0.0000E+00
  0.0000E+00
  0.0000E+00
  0.0000E+00
  0.0000E+00
  0.0000E+00
  0.0000E+00
  0.0000E+00
  0.0000E+00
  0.0000E+00
  0.0000E+00
  0.0000E+00
  0.0000E+00
  0.0000E+00
  0.0000E+00
  0.0000E+00
  0.0000E+00
  0.0000E+00
  0.0000E+00
   0.0000E+00
  0.0000E+00
  0.0000E+00
  0.0000E+00
  0.0000E+00
  0.0000E+00
  0.0000E+00
  0.0000E+00
  0.0000E+00
  0.0000E+00
  0.0000E+00
  0.0000E+00
  0.0000E+00
  0.0000E+00
  0.0000E+00
  0.0000E+00
  0.0000E+00
  0.0000E+00
  0.0000E+00
  0.0000E+00
  0.0000E+00
  0.0000E+00
  0.0000E+00
  0.0000E+00
  0.0000E+00
  0.0000E+00
  0.0000E+00
  0.0000E+00
  0.0000E+00
  0.0000E+00
  0.0000E+00
  0.0000E+00
  0.0000E+00
  0.0000E+00
  0.0000E+00
  0.0000E+00
  0.0000E+00
  0.0000E+00
  0.0000E+00
  0.0000E+00
  0.0000E+00
  0.0000E+00
  0.0000E+00
  0.0000E+00
  0.0000E+00
  0.0000E+00
  0.0000E+00
  0.0000E+00
  0.0000E+00
  0.0000E+00
  0.0000E+00
  0.0000E+00
  0.0000E+00
  0.0000E+00
  0.0000E+00
  0.0000E+00
  0.0000E+00
  0.0000E+00
  0.0000E+00
  0.0000E+00
  0.0000E+00
  0.0000E+00
  0.0000E+00
  0.0000E+00
  0.0000E+00
  0.0000E+00
  0.0000E+00
  0.0000E+00
  0.0000E+00
  0.0000E+00
  0.0000E+00
  0.0000E+00
  0.0000E+00
  0.0000E+00
  0.0000E+00
  0.0000E+00
  0.0000E+00
  0.0000E+00
  0.0000E+00
  0.0000E+00
  0.0000E+00
  0.0000E+00
  0.0000E+00
  0.0000E+00
  0.0000E+00
  0.0000E+00
  0.0000E+00
  0.0000E+00
  0.0000E+00
  0.0000E+00
  0.0000E+00
  0.0000E+00
  0.0000E+00
  0.0000E+00
  0.0000E+00
  0.0000E+00
  0.0000E+00
  0.0000E+00
  0.0000E+00
  0.0000E+00
  0.0000E+00
  0.0000E+00
  0.0000E+00
  0.0000E+00
  0.0000E+00
  0.0000E+00
  0.0000E+00
  0.0000E+00
  0.0000E+00
  0.0000E+00
  0.0000E+00
  0.0000E+00
  0.0000E+00
  0.0000E+00
  0.0000E+00
  0.0000E+00
  0.0000E+00
  0.0000E+00
  0.0000E+00
  0.0000E+00
  0.0000E+00
  0.0000E+00
  0.0000E+00
  0.0000E+00
  0.0000E+00
  0.0000E+00
  0.0000E+00
  0.0000E+00
  0.0000E+00
  0.0000E+00
  0.0000E+00
  0.0000E+00
  0.0000E+00
  0.0000E+00
  0.0000E+00
  0.0000E+00
  0.0000E+00
  0.0000E+00
  0.0000E+00
  0.0000E+00
  0.0000E+00
  0.0000E+00
  0.0000E+00
  0.0000E+00
  0.0000E+00
  0.0000E+00
  0.0000E+00
  0.0000E+00
  0.0000E+00
  0.0000E+00
  0.0000E+00
  0.0000E+00
  0.0000E+00
  0.0000E+00
  0.0000E+00
  0.0000E+00
  0.0000E+00
  0.0000E+00
  0.0000E+00
  0.0000E+00
  0.0000E+00
  0.0000E+00
  0.0000E+00
  0.0000E+00
  0.0000E+00
  0.0000E+00
  0.0000E+00
  0.0000E+00
  0.0000E+00
  0.0000E+00
  0.0000E+00
  0.0000E+00
  0.0000E+00
  0.0000E+00
  0.0000E+00
  0.0000E+00
  0.0000E+00
  0.0000E+00
  0.0000E+00
  0.0000E+00
  0.0000E+00
  0.0000E+00
  0.0000E+00
  0.0000E+00
  0.0000E+00
  0.0000E+00
  0.0000E+00
  0.0000E+00
  0.0000E+00
  0.0000E+00
