Scalar STRAINXZ under Modal for nodeset
189
   8.3926E-01
 -1.8138E-02
  9.6336E-10
  1.8138E-02
  1.8231E-02
 -1.4124E-09
 -1.8231E-02
 -1.8138E-02
  1.7230E-09
  1.8138E-02
  1.2142E-02
 -5.0553E-09
 -1.2142E-02
 -2.3041E-02
  3.5334E-09
  2.3041E-02
  1.2142E-02
  1.9177E-09
 -1.2142E-02
 -7.3894E-03
  7.0352E-09
  7.3894E-03
  1.1650E-02
 -3.4947E-09
 -1.1650E-02
 -7.3894E-03
 -4.6954E-09
  7.3894E-03
 -6.0463E-04
 -7.8096E-09
  6.0464E-04
  1.3666E-02
  1.4014E-09
 -1.3666E-02
 -6.0464E-04
  7.0092E-09
  6.0462E-04
  7.1436E-03
  7.8721E-09
 -7.1436E-03
 -3.4833E-02
 -2.4383E-10
  3.4833E-02
  7.1436E-03
 -8.2405E-09
 -7.1436E-03
 -8.3013E-03
 -6.3176E-09
  8.3013E-03
  3.6936E-02
 -1.6475E-09
 -3.6936E-02
 -8.3013E-03
  8.2884E-09
  8.3013E-03
  3.5338E-03
  7.3847E-09
 -3.5338E-03
 -1.7721E-02
  4.7783E-10
  1.7721E-02
  3.5338E-03
 -7.3739E-09
 -3.5338E-03
  3.9345E-03
 -1.1074E-08
 -3.9344E-03
 -1.1037E-02
  1.0848E-09
  1.1037E-02
  3.9344E-03
  7.8219E-09
 -3.9345E-03
 -9.1762E-03
  1.5109E-08
  9.1761E-03
  3.1210E-02
 -1.2030E-10
 -3.1210E-02
 -9.1761E-03
 -1.1238E-08
  9.1762E-03
  8.7343E-03
 -1.7416E-08
 -8.7343E-03
 -3.0079E-02
 -2.7602E-09
  3.0079E-02
  8.7343E-03
  1.5192E-08
 -8.7343E-03
 -2.8493E-03
  1.8159E-08
  2.8493E-03
  8.5805E-03
  6.5953E-09
 -8.5805E-03
 -2.8493E-03
 -2.0488E-08
  2.8493E-03
 -4.7010E-03
 -2.0198E-08
  4.7011E-03
  1.9273E-02
 -7.7077E-09
 -1.9272E-02
 -4.7011E-03
  2.3798E-08
  4.7010E-03
  9.0456E-03
  2.3140E-08
 -9.0457E-03
 -3.5440E-02
  5.3405E-09
  3.5440E-02
  9.0457E-03
 -2.4791E-08
 -9.0456E-03
 -7.3689E-03
 -2.5997E-08
  7.3690E-03
  2.9510E-02
 -2.0726E-09
 -2.9510E-02
 -7.3690E-03
  2.5378E-08
  7.3689E-03
  7.3000E-04
  3.4100E-08
 -7.3007E-04
 -5.4271E-03
 -2.5493E-09
  5.4271E-03
  7.3006E-04
 -2.6160E-08
 -7.3001E-04
  6.6238E-03
 -4.5152E-08
 -6.6237E-03
 -2.1041E-02
  2.8240E-09
  2.1041E-02
  6.6238E-03
  3.2465E-08
 -6.6238E-03
 -1.0005E-02
  5.6227E-08
  1.0005E-02
  3.2477E-02
  4.4865E-09
 -3.2477E-02
 -1.0005E-02
 -4.3245E-08
  1.0005E-02
  7.3203E-03
 -7.0319E-08
 -7.3201E-03
 -2.1043E-02
 -1.5414E-08
  2.1043E-02
  7.3201E-03
  5.6599E-08
 -7.3203E-03
 -4.1912E-04
  8.4626E-08
  4.1893E-04
 -6.4974E-03
  3.3410E-08
  6.4974E-03
 -4.1895E-04
 -7.8257E-08
  4.1911E-04
 -6.1167E-03
 -9.5667E-08
  6.1169E-03
  3.3197E-02
 -5.4423E-08
 -3.3197E-02
 -6.1169E-03
  1.0329E-07
  6.1167E-03
 -2.1465E-02
  2.4677E-07
  2.1464E-02
 -1.5244E-02
 -6.0803E-08
  1.5244E-02
 -2.1465E-02
 -2.3730E-09
  2.1465E-02
   8.4470E-01
 -1.1493E-02
 -1.3445E-09
  1.1493E-02
  1.1375E-02
  7.7855E-10
 -1.1375E-02
 -1.1493E-02
 -6.0906E-10
  1.1493E-02
  7.5014E-03
 -1.1071E-09
 -7.5014E-03
 -2.0451E-02
 -1.4980E-09
  2.0451E-02
  7.5014E-03
  2.0778E-09
 -7.5014E-03
 -7.0202E-03
  3.8586E-09
  7.0202E-03
  2.1931E-02
  2.2786E-09
 -2.1931E-02
 -7.0202E-03
 -5.7224E-09
  7.0202E-03
  4.0716E-03
 -6.5643E-09
 -4.0716E-03
 -9.6676E-03
 -2.3474E-09
  9.6676E-03
  4.0716E-03
  8.1945E-09
 -4.0717E-03
  2.1612E-04
  8.1689E-09
 -2.1614E-04
 -1.0090E-02
  2.1635E-09
  1.0090E-02
  2.1613E-04
 -9.0352E-09
 -2.1611E-04
 -4.0410E-03
 -8.1842E-09
  4.0410E-03
  2.7902E-02
 -3.1252E-09
 -2.7902E-02
 -4.0410E-03
  1.0134E-08
  4.0410E-03
  5.7742E-03
  9.6169E-09
 -5.7742E-03
 -3.5310E-02
  1.8404E-09
  3.5310E-02
  5.7742E-03
 -1.0341E-08
 -5.7742E-03
 -4.7030E-03
 -1.1842E-08
  4.7030E-03
  2.8587E-02
  2.3229E-09
 -2.8587E-02
 -4.7030E-03
  9.5454E-09
  4.7030E-03
  1.3549E-03
  1.2343E-08
 -1.3549E-03
 -1.0382E-02
 -4.1270E-09
  1.0382E-02
  1.3549E-03
 -8.8821E-09
 -1.3549E-03
  2.7340E-03
 -1.1345E-08
 -2.7340E-03
 -1.1475E-02
  1.6388E-09
  1.1475E-02
  2.7339E-03
  9.8859E-09
 -2.7340E-03
 -5.7030E-03
  9.4255E-09
  5.7029E-03
  2.7486E-02
  1.7899E-09
 -2.7486E-02
 -5.7029E-03
 -1.1664E-08
  5.7030E-03
  6.1954E-03
 -7.8834E-09
 -6.1954E-03
 -3.0730E-02
 -2.3864E-09
  3.0730E-02
  6.1954E-03
  1.0971E-08
 -6.1954E-03
 -3.9630E-03
  5.8454E-09
  3.9630E-03
  1.9964E-02
  7.1543E-10
 -1.9964E-02
 -3.9630E-03
 -6.7615E-09
  3.9630E-03
 -2.4409E-05
 -3.7290E-09
  2.4416E-05
 -1.8682E-04
  1.2326E-09
  1.8682E-04
 -2.4412E-05
  3.1829E-09
  2.4404E-05
  4.0130E-03
  2.1719E-09
 -4.0131E-03
 -1.9584E-02
 -3.0108E-09
  1.9584E-02
  4.0130E-03
  6.7852E-10
 -4.0130E-03
 -6.2487E-03
  1.8615E-09
  6.2487E-03
  3.0332E-02
  1.8040E-09
 -3.0332E-02
 -6.2487E-03
 -4.6858E-09
  6.2487E-03
  5.7600E-03
 -7.2700E-09
 -5.7600E-03
 -2.7055E-02
  8.1879E-10
  2.7055E-02
  5.7600E-03
  9.0965E-09
 -5.7600E-03
 -2.7910E-03
  1.2473E-08
  2.7910E-03
  1.0993E-02
 -2.0401E-09
 -1.0993E-02
 -2.7909E-03
 -1.6342E-08
  2.7910E-03
 -1.3145E-03
 -1.9148E-08
  1.3146E-03
  1.0934E-02
  5.1013E-09
 -1.0934E-02
 -1.3146E-03
  2.2578E-08
  1.3145E-03
  4.7355E-03
  2.8689E-08
 -4.7356E-03
 -2.9213E-02
 -1.0927E-08
  2.9213E-02
  4.7356E-03
 -2.7626E-08
 -4.7356E-03
  1.7179E-02
 -1.3436E-08
 -1.7179E-02
  1.4083E-02
 -1.3116E-08
 -1.4083E-02
  1.7179E-02
  6.7795E-08
 -1.7179E-02
   8.4722E-01
 -2.5966E-05
 -2.4246E-09
  2.5971E-05
  1.6892E-04
  2.2196E-09
 -1.6892E-04
 -2.5967E-05
 -1.9884E-09
  2.5971E-05
  4.9533E-04
  1.9040E-09
 -4.9533E-04
  3.3415E-03
 -6.0107E-10
 -3.3415E-03
  4.9533E-04
 -5.7753E-10
 -4.9533E-04
  2.2892E-04
 -1.2477E-09
 -2.2892E-04
 -8.3826E-03
 -1.8889E-09
  8.3826E-03
  2.2892E-04
  3.4391E-09
 -2.2893E-04
 -7.7453E-04
  2.4565E-09
  7.7453E-04
  1.2029E-02
  2.9111E-09
 -1.2029E-02
 -7.7453E-04
 -6.0851E-09
  7.7454E-04
  9.4601E-04
 -4.6892E-09
 -9.4600E-04
 -1.3021E-02
 -1.9203E-09
  1.3021E-02
  9.4600E-04
  6.2668E-09
 -9.4601E-04
 -6.8461E-04
  6.8315E-09
  6.8460E-04
  1.0982E-02
 -5.8169E-10
 -1.0982E-02
 -6.8460E-04
 -4.0023E-09
  6.8461E-04
  8.1081E-05
 -7.8874E-09
 -8.1063E-05
 -6.5490E-03
 -1.8307E-10
  6.5490E-03
  8.1063E-05
  4.9220E-09
 -8.1074E-05
  6.5718E-04
  6.9064E-09
 -6.5720E-04
  1.1586E-03
  4.1130E-09
 -1.1586E-03
  6.5720E-04
 -7.1882E-09
 -6.5718E-04
 -1.2766E-03
 -1.8508E-09
  1.2766E-03
  3.4365E-03
 -7.7078E-09
 -3.4365E-03
 -1.2766E-03
  5.5908E-09
  1.2766E-03
  1.5631E-03
 -4.8144E-10
 -1.5631E-03
 -5.7559E-03
  7.9170E-09
  5.7559E-03
  1.5631E-03
 -4.4412E-09
 -1.5631E-03
 -1.4142E-03
 -2.2105E-09
  1.4142E-03
  5.0902E-03
 -3.3823E-09
 -5.0902E-03
 -1.4142E-03
  3.4803E-09
  1.4142E-03
  8.7340E-04
  3.9993E-09
 -8.7341E-04
 -1.7388E-03
 -1.8311E-09
  1.7388E-03
  8.7340E-04
 -5.4358E-10
 -8.7340E-04
 -1.1586E-04
 -3.5977E-09
  1.1587E-04
 -3.0908E-03
  3.2626E-09
  3.0908E-03
 -1.1586E-04
 -5.5983E-10
  1.1586E-04
 -6.1071E-04
  2.2528E-09
  6.1071E-04
  7.6898E-03
 -1.6519E-09
 -7.6898E-03
 -6.1071E-04
 -1.0091E-09
  6.1072E-04
  1.0693E-03
  1.1473E-09
 -1.0693E-03
 -1.0424E-02
 -4.1386E-10
  1.0424E-02
  1.0693E-03
  4.4198E-10
 -1.0693E-03
 -1.1132E-03
 -3.8651E-09
  1.1133E-03
  1.0282E-02
 -2.4415E-10
 -1.0282E-02
 -1.1133E-03
  3.1577E-09
  1.1132E-03
  7.3541E-04
  7.7385E-09
 -7.3543E-04
 -7.2197E-03
  2.9116E-09
  7.2197E-03
  7.3543E-04
 -1.0261E-08
 -7.3541E-04
 -6.9944E-05
 -1.3152E-08
  6.9972E-05
  2.1727E-03
 -4.1357E-09
 -2.1727E-03
 -6.9975E-05
  1.7559E-08
  6.9937E-05
 -6.5464E-04
  1.9263E-08
  6.5460E-04
  3.2567E-03
  3.0767E-09
 -3.2567E-03
 -6.5459E-04
 -2.3700E-08
  6.5465E-04
  1.1980E-03
 -2.7463E-08
 -1.1979E-03
 -7.3358E-03
 -2.7688E-10
  7.3358E-03
  1.1979E-03
  3.0087E-08
 -1.1980E-03
 -6.3847E-02
  3.3189E-08
  6.3847E-02
  7.1544E-02
  2.9420E-09
 -7.1544E-02
 -6.3847E-02
 -4.5786E-08
  6.3847E-02
   8.4812E-01
 -3.4216E-03
 -1.5669E-09
  3.4217E-03
  3.2038E-03
  1.3790E-09
 -3.2038E-03
 -3.4216E-03
 -1.3289E-09
  3.4216E-03
  1.6568E-03
 -1.4092E-10
 -1.6568E-03
 -1.0693E-02
 -3.7432E-09
  1.0693E-02
  1.6568E-03
  2.1544E-09
 -1.6568E-03
 -2.7709E-03
 -1.3121E-09
  2.7709E-03
  1.8182E-02
  7.7693E-09
 -1.8182E-02
 -2.7709E-03
 -3.2409E-09
  2.7709E-03
  3.1981E-03
  1.3454E-09
 -3.1981E-03
 -1.9620E-02
 -8.4274E-09
  1.9620E-02
  3.1981E-03
  3.4372E-09
 -3.1981E-03
 -2.7967E-03
  1.1018E-09
  2.7967E-03
  1.4210E-02
  4.8924E-09
 -1.4210E-02
 -2.7967E-03
 -1.6534E-09
  2.7967E-03
  1.6907E-03
 -1.2107E-09
 -1.6907E-03
 -3.1484E-03
 -2.9089E-09
  3.1484E-03
  1.6907E-03
  1.5873E-10
 -1.6907E-03
 -2.1360E-04
 -9.9604E-10
  2.1360E-04
 -1.0693E-02
  4.0890E-09
  1.0693E-02
 -2.1360E-04
  4.6278E-10
  2.1360E-04
 -1.1948E-03
  3.5278E-09
  1.1948E-03
  2.3589E-02
 -6.3553E-09
 -2.3589E-02
 -1.1948E-03
 -1.0844E-09
  1.1948E-03
  2.1173E-03
 -3.6629E-09
 -2.1173E-03
 -3.2020E-02
  5.4174E-09
  3.2020E-02
  2.1173E-03
  1.4562E-09
 -2.1173E-03
 -2.2809E-03
  1.6633E-09
  2.2808E-03
  3.3684E-02
 -1.4032E-09
 -3.3684E-02
 -2.2809E-03
 -7.2160E-10
  2.2809E-03
  1.6352E-03
  7.8453E-10
 -1.6352E-03
 -2.8154E-02
 -3.6653E-09
  2.8154E-02
  1.6352E-03
  5.2502E-10
 -1.6352E-03
 -3.6786E-04
 -2.6820E-09
  3.6786E-04
  1.6996E-02
  9.3191E-09
 -1.6996E-02
 -3.6786E-04
 -1.6245E-09
  3.6786E-04
 -1.1502E-03
  4.1429E-09
  1.1501E-03
 -3.3261E-03
 -1.1487E-08
  3.3261E-03
 -1.1502E-03
  1.0149E-09
  1.1501E-03
  2.4712E-03
 -3.3853E-09
 -2.4712E-03
 -9.0915E-03
  9.7510E-09
  9.0914E-03
  2.4712E-03
 -1.9193E-10
 -2.4712E-03
 -3.2002E-03
  4.4272E-09
  3.2002E-03
  1.6919E-02
 -7.9014E-09
 -1.6918E-02
 -3.2002E-03
 -2.7593E-09
  3.2002E-03
  3.1088E-03
 -7.1562E-09
 -3.1088E-03
 -1.8199E-02
  6.6455E-09
  1.8199E-02
  3.1088E-03
  6.7517E-09
 -3.1088E-03
 -2.2012E-03
  1.0321E-08
  2.2012E-03
  1.2913E-02
 -5.1786E-09
 -1.2913E-02
 -2.2012E-03
 -1.2327E-08
  2.2012E-03
  7.1250E-04
 -1.7750E-08
 -7.1246E-04
 -2.9732E-03
  4.9461E-09
  2.9732E-03
  7.1246E-04
  2.0283E-08
 -7.1251E-04
  9.6286E-04
  2.5678E-08
 -9.6292E-04
 -8.3379E-03
 -4.8983E-09
  8.3379E-03
  9.6292E-04
 -2.9886E-08
 -9.6286E-04
 -2.3964E-03
 -3.3503E-08
  2.3965E-03
  1.7320E-02
  4.9666E-09
 -1.7320E-02
 -2.3965E-03
  3.9213E-08
  2.3964E-03
 -3.9807E-02
  3.2868E-08
  3.9807E-02
  2.1480E-02
  1.1435E-08
 -2.1480E-02
 -3.9807E-02
 -6.9344E-08
  3.9807E-02
   8.4870E-01
 -2.5431E-03
  2.0368E-09
  2.5431E-03
  2.6308E-03
 -2.5285E-09
 -2.6308E-03
 -2.5431E-03
  3.0877E-09
  2.5431E-03
  2.0905E-03
 -3.9600E-09
 -2.0905E-03
 -2.0899E-03
  1.6052E-09
  2.0899E-03
  2.0905E-03
  1.5830E-10
 -2.0905E-03
 -1.6821E-03
  4.3606E-09
  1.6821E-03
 -1.1488E-03
  1.1387E-09
  1.1488E-03
 -1.6821E-03
 -2.8711E-09
  1.6821E-03
  9.6164E-04
 -4.0754E-09
 -9.6163E-04
  6.6482E-03
 -4.8456E-09
 -6.6482E-03
  9.6164E-04
  4.7523E-09
 -9.6165E-04
 -9.4379E-05
  3.8301E-09
  9.4371E-05
 -1.2784E-02
  7.9626E-09
  1.2784E-02
 -9.4365E-05
 -6.7793E-09
  9.4380E-05
 -7.1851E-04
 -5.7727E-09
  7.1852E-04
  1.7651E-02
 -9.0266E-09
 -1.7651E-02
 -7.1853E-04
  8.7015E-09
  7.1851E-04
  1.2923E-03
  7.5605E-09
 -1.2923E-03
 -1.9560E-02
  8.0898E-09
  1.9560E-02
  1.2923E-03
 -7.6957E-09
 -1.2923E-03
 -1.5049E-03
 -7.6783E-09
  1.5049E-03
  1.7487E-02
 -7.5148E-09
 -1.7487E-02
 -1.5050E-03
  7.3170E-09
  1.5049E-03
  1.3268E-03
  8.9622E-09
 -1.3268E-03
 -1.1357E-02
  8.6585E-09
  1.1357E-02
  1.3269E-03
 -1.2081E-08
 -1.3268E-03
 -8.2705E-04
 -8.8219E-09
  8.2707E-04
  2.0948E-03
 -9.0149E-09
 -2.0948E-03
 -8.2709E-04
  1.5051E-08
  8.2705E-04
  1.5481E-04
  6.4581E-09
 -1.5482E-04
  8.5726E-03
  6.2455E-09
 -8.5726E-03
  1.5484E-04
 -1.2992E-08
 -1.5481E-04
  4.9931E-04
 -6.4137E-09
 -4.9930E-04
 -1.8520E-02
 -4.6813E-10
  1.8520E-02
  4.9929E-04
  9.6925E-09
 -4.9931E-04
 -9.5229E-04
  4.9329E-09
  9.5227E-04
  2.5726E-02
 -6.8431E-09
 -2.5726E-02
 -9.5227E-04
 -3.4979E-09
  9.5228E-04
  1.0756E-03
  7.7224E-10
 -1.0756E-03
 -2.8756E-02
  1.2312E-08
  2.8756E-02
  1.0756E-03
 -4.3972E-09
 -1.0756E-03
 -8.2814E-04
 -7.9436E-09
  8.2815E-04
  2.7104E-02
 -1.4489E-08
 -2.7104E-02
 -8.2816E-04
  1.0443E-08
  8.2813E-04
  2.6721E-04
  1.7458E-08
 -2.6724E-04
 -2.1301E-02
  1.4047E-08
  2.1301E-02
  2.6724E-04
 -1.6549E-08
 -2.6721E-04
  4.6606E-04
 -2.9127E-08
 -4.6599E-04
  1.2781E-02
 -1.3244E-08
 -1.2781E-02
  4.6600E-04
  2.4719E-08
 -4.6605E-04
 -1.1827E-03
  4.1652E-08
  1.1826E-03
 -3.5211E-03
  1.3543E-08
  3.5211E-03
 -1.1826E-03
 -3.5100E-08
  1.1827E-03
  1.6957E-03
 -5.6835E-08
 -1.6956E-03
 -4.4477E-03
 -1.6241E-08
  4.4477E-03
  1.6956E-03
  4.7987E-08
 -1.6957E-03
 -1.8744E-03
  7.0407E-08
  1.8743E-03
  9.5290E-03
  2.1948E-08
 -9.5290E-03
 -1.8743E-03
 -6.3725E-08
  1.8744E-03
  4.0813E-02
 -1.4026E-07
 -4.0813E-02
 -5.0505E-02
  2.0020E-08
  5.0505E-02
  4.0813E-02
  4.4970E-08
 -4.0813E-02
   8.5515E-01
 -4.7955E-05
  1.1155E-09
  4.7953E-05
  5.4849E-05
 -5.8344E-10
 -5.4847E-05
 -4.7955E-05
  6.7515E-10
  4.7953E-05
  6.1539E-05
  1.8030E-09
 -6.1545E-05
  7.4501E-05
  2.3108E-11
 -7.4500E-05
  6.1543E-05
 -1.3345E-09
 -6.1538E-05
 -3.4008E-05
 -2.4614E-09
  3.4015E-05
 -3.1834E-04
 -4.6321E-10
  3.1834E-04
 -3.4015E-05
  1.4620E-09
  3.4009E-05
 -1.2294E-05
  1.1709E-09
  1.2292E-05
  5.9848E-04
  1.9194E-09
 -5.9848E-04
 -1.2291E-05
 -1.0308E-09
  1.2293E-05
  8.3926E-05
 -8.5205E-10
 -8.3927E-05
 -8.4287E-04
 -2.2769E-09
  8.4288E-04
  8.3926E-05
  5.6049E-10
 -8.3925E-05
 -1.8309E-04
 -9.6772E-11
  1.8309E-04
  9.4634E-04
  1.6886E-09
 -9.4634E-04
 -1.8309E-04
 -5.1457E-10
  1.8309E-04
  3.0249E-04
  3.4773E-10
 -3.0250E-04
 -7.7086E-04
 -6.5928E-10
  7.7086E-04
  3.0250E-04
 -5.8957E-10
 -3.0250E-04
 -4.2006E-04
 -2.0664E-09
  4.2007E-04
  1.5983E-04
  7.3895E-10
 -1.5983E-04
 -4.2007E-04
  4.3987E-10
  4.2007E-04
  4.9456E-04
  1.7655E-09
 -4.9457E-04
  1.0269E-03
 -8.1268E-11
 -1.0269E-03
  4.9457E-04
  1.3565E-09
 -4.9457E-04
 -4.6430E-04
  7.6881E-10
  4.6430E-04
 -2.8525E-03
 -1.7634E-09
  2.8526E-03
 -4.6430E-04
 -7.7828E-10
  4.6430E-04
  2.5166E-04
 -8.1030E-10
 -2.5166E-04
  5.2177E-03
  2.4904E-09
 -5.2177E-03
  2.5166E-04
  8.5116E-10
 -2.5166E-04
  2.2316E-04
  1.5562E-10
 -2.2316E-04
 -7.7577E-03
 -2.2931E-09
  7.7577E-03
  2.2316E-04
 -2.1445E-09
 -2.2316E-04
 -1.0164E-03
 -2.3064E-09
  1.0164E-03
  9.7466E-03
  3.2428E-09
 -9.7466E-03
 -1.0164E-03
  2.4408E-09
  1.0164E-03
  2.1217E-03
  3.5952E-09
 -2.1217E-03
 -1.0043E-02
 -3.9925E-09
  1.0043E-02
  2.1217E-03
 -9.6529E-10
 -2.1217E-03
 -3.4197E-03
 -6.0047E-09
  3.4197E-03
  7.1360E-03
  2.4437E-09
 -7.1360E-03
 -3.4197E-03
  4.6186E-09
  3.4197E-03
  4.6247E-03
  9.2200E-09
 -4.6247E-03
  6.4514E-04
  6.8841E-10
 -6.4514E-04
  4.6247E-03
 -1.0525E-08
 -4.6247E-03
 -5.2426E-03
 -1.2655E-08
  5.2427E-03
 -1.4691E-02
 -2.9577E-09
  1.4691E-02
 -5.2427E-03
  1.5102E-08
  5.2426E-03
  4.5620E-03
  2.0126E-08
 -4.5620E-03
  3.5397E-02
  4.4973E-09
 -3.5397E-02
  4.5620E-03
 -2.1531E-08
 -4.5620E-03
 -1.7027E-03
 -2.8782E-08
  1.7027E-03
 -6.1199E-02
 -6.4782E-09
  6.1199E-02
 -1.7027E-03
  3.2323E-08
  1.7027E-03
 -4.2680E-03
  3.7642E-08
  4.2679E-03
  8.7453E-02
  7.4182E-09
 -8.7453E-02
 -4.2679E-03
 -4.2461E-08
  4.2680E-03
 -1.8936E-01
 -7.8264E-08
  1.8936E-01
  9.6113E-02
  1.9566E-08
 -9.6113E-02
 -1.8936E-01
  2.9994E-08
  1.8936E-01
   0.0000E+00
  0.0000E+00
  0.0000E+00
  0.0000E+00
  0.0000E+00
  0.0000E+00
  0.0000E+00
  0.0000E+00
  0.0000E+00
  0.0000E+00
  0.0000E+00
  0.0000E+00
  0.0000E+00
  0.0000E+00
  0.0000E+00
  0.0000E+00
  0.0000E+00
  0.0000E+00
  0.0000E+00
  0.0000E+00
  0.0000E+00
  0.0000E+00
  0.0000E+00
  0.0000E+00
  0.0000E+00
  0.0000E+00
  0.0000E+00
  0.0000E+00
  0.0000E+00
  0.0000E+00
  0.0000E+00
  0.0000E+00
  0.0000E+00
  0.0000E+00
  0.0000E+00
  0.0000E+00
  0.0000E+00
  0.0000E+00
  0.0000E+00
  0.0000E+00
  0.0000E+00
  0.0000E+00
  0.0000E+00
  0.0000E+00
  0.0000E+00
  0.0000E+00
  0.0000E+00
  0.0000E+00
  0.0000E+00
  0.0000E+00
  0.0000E+00
  0.0000E+00
  0.0000E+00
  0.0000E+00
  0.0000E+00
  0.0000E+00
  0.0000E+00
  0.0000E+00
  0.0000E+00
  0.0000E+00
  0.0000E+00
  0.0000E+00
  0.0000E+00
  0.0000E+00
  0.0000E+00
  0.0000E+00
  0.0000E+00
  0.0000E+00
  0.0000E+00
  0.0000E+00
  0.0000E+00
  0.0000E+00
  0.0000E+00
  0.0000E+00
  0.0000E+00
  0.0000E+00
  0.0000E+00
  0.0000E+00
  0.0000E+00
  0.0000E+00
  0.0000E+00
  0.0000E+00
  0.0000E+00
  0.0000E+00
  0.0000E+00
  0.0000E+00
  0.0000E+00
  0.0000E+00
  0.0000E+00
  0.0000E+00
  0.0000E+00
  0.0000E+00
  0.0000E+00
  0.0000E+00
  0.0000E+00
  0.0000E+00
  0.0000E+00
  0.0000E+00
  0.0000E+00
  0.0000E+00
  0.0000E+00
  0.0000E+00
  0.0000E+00
  0.0000E+00
  0.0000E+00
  0.0000E+00
  0.0000E+00
  0.0000E+00
  0.0000E+00
  0.0000E+00
  0.0000E+00
  0.0000E+00
  0.0000E+00
  0.0000E+00
  0.0000E+00
  0.0000E+00
  0.0000E+00
  0.0000E+00
  0.0000E+00
  0.0000E+00
  0.0000E+00
  0.0000E+00
  0.0000E+00
  0.0000E+00
  0.0000E+00
  0.0000E+00
  0.0000E+00
  0.0000E+00
  0.0000E+00
  0.0000E+00
  0.0000E+00
  0.0000E+00
  0.0000E+00
  0.0000E+00
  0.0000E+00
  0.0000E+00
  0.0000E+00
  0.0000E+00
  0.0000E+00
  0.0000E+00
  0.0000E+00
  0.0000E+00
  0.0000E+00
  0.0000E+00
  0.0000E+00
  0.0000E+00
  0.0000E+00
  0.0000E+00
  0.0000E+00
  0.0000E+00
  0.0000E+00
  0.0000E+00
  0.0000E+00
  0.0000E+00
  0.0000E+00
  0.0000E+00
  0.0000E+00
  0.0000E+00
  0.0000E+00
  0.0000E+00
  0.0000E+00
  0.0000E+00
  0.0000E+00
  0.0000E+00
  0.0000E+00
  0.0000E+00
  0.0000E+00
  0.0000E+00
  0.0000E+00
  0.0000E+00
  0.0000E+00
  0.0000E+00
  0.0000E+00
  0.0000E+00
  0.0000E+00
  0.0000E+00
  0.0000E+00
  0.0000E+00
  0.0000E+00
  0.0000E+00
  0.0000E+00
  0.0000E+00
  0.0000E+00
  0.0000E+00
  0.0000E+00
  0.0000E+00
  0.0000E+00
  0.0000E+00
  0.0000E+00
  0.0000E+00
   0.0000E+00
  0.0000E+00
  0.0000E+00
  0.0000E+00
  0.0000E+00
  0.0000E+00
  0.0000E+00
  0.0000E+00
  0.0000E+00
  0.0000E+00
  0.0000E+00
  0.0000E+00
  0.0000E+00
  0.0000E+00
  0.0000E+00
  0.0000E+00
  0.0000E+00
  0.0000E+00
  0.0000E+00
  0.0000E+00
  0.0000E+00
  0.0000E+00
  0.0000E+00
  0.0000E+00
  0.0000E+00
  0.0000E+00
  0.0000E+00
  0.0000E+00
  0.0000E+00
  0.0000E+00
  0.0000E+00
  0.0000E+00
  0.0000E+00
  0.0000E+00
  0.0000E+00
  0.0000E+00
  0.0000E+00
  0.0000E+00
  0.0000E+00
  0.0000E+00
  0.0000E+00
  0.0000E+00
  0.0000E+00
  0.0000E+00
  0.0000E+00
  0.0000E+00
  0.0000E+00
  0.0000E+00
  0.0000E+00
  0.0000E+00
  0.0000E+00
  0.0000E+00
  0.0000E+00
  0.0000E+00
  0.0000E+00
  0.0000E+00
  0.0000E+00
  0.0000E+00
  0.0000E+00
  0.0000E+00
  0.0000E+00
  0.0000E+00
  0.0000E+00
  0.0000E+00
  0.0000E+00
  0.0000E+00
  0.0000E+00
  0.0000E+00
  0.0000E+00
  0.0000E+00
  0.0000E+00
  0.0000E+00
  0.0000E+00
  0.0000E+00
  0.0000E+00
  0.0000E+00
  0.0000E+00
  0.0000E+00
  0.0000E+00
  0.0000E+00
  0.0000E+00
  0.0000E+00
  0.0000E+00
  0.0000E+00
  0.0000E+00
  0.0000E+00
  0.0000E+00
  0.0000E+00
  0.0000E+00
  0.0000E+00
  0.0000E+00
  0.0000E+00
  0.0000E+00
  0.0000E+00
  0.0000E+00
  0.0000E+00
  0.0000E+00
  0.0000E+00
  0.0000E+00
  0.0000E+00
  0.0000E+00
  0.0000E+00
  0.0000E+00
  0.0000E+00
  0.0000E+00
  0.0000E+00
  0.0000E+00
  0.0000E+00
  0.0000E+00
  0.0000E+00
  0.0000E+00
  0.0000E+00
  0.0000E+00
  0.0000E+00
  0.0000E+00
  0.0000E+00
  0.0000E+00
  0.0000E+00
  0.0000E+00
  0.0000E+00
  0.0000E+00
  0.0000E+00
  0.0000E+00
  0.0000E+00
  0.0000E+00
  0.0000E+00
  0.0000E+00
  0.0000E+00
  0.0000E+00
  0.0000E+00
  0.0000E+00
  0.0000E+00
  0.0000E+00
  0.0000E+00
  0.0000E+00
  0.0000E+00
  0.0000E+00
  0.0000E+00
  0.0000E+00
  0.0000E+00
  0.0000E+00
  0.0000E+00
  0.0000E+00
  0.0000E+00
  0.0000E+00
  0.0000E+00
  0.0000E+00
  0.0000E+00
  0.0000E+00
  0.0000E+00
  0.0000E+00
  0.0000E+00
  0.0000E+00
  0.0000E+00
  0.0000E+00
  0.0000E+00
  0.0000E+00
  0.0000E+00
  0.0000E+00
  0.0000E+00
  0.0000E+00
  0.0000E+00
  0.0000E+00
  0.0000E+00
  0.0000E+00
  0.0000E+00
  0.0000E+00
  0.0000E+00
  0.0000E+00
  0.0000E+00
  0.0000E+00
  0.0000E+00
  0.0000E+00
  0.0000E+00
  0.0000E+00
  0.0000E+00
  0.0000E+00
  0.0000E+00
  0.0000E+00
  0.0000E+00
  0.0000E+00
  0.0000E+00
  0.0000E+00
  0.0000E+00
  0.0000E+00
  0.0000E+00
  0.0000E+00
  0.0000E+00
  0.0000E+00
  0.0000E+00
   0.0000E+00
  0.0000E+00
  0.0000E+00
  0.0000E+00
  0.0000E+00
  0.0000E+00
  0.0000E+00
  0.0000E+00
  0.0000E+00
  0.0000E+00
  0.0000E+00
  0.0000E+00
  0.0000E+00
  0.0000E+00
  0.0000E+00
  0.0000E+00
  0.0000E+00
  0.0000E+00
  0.0000E+00
  0.0000E+00
  0.0000E+00
  0.0000E+00
  0.0000E+00
  0.0000E+00
  0.0000E+00
  0.0000E+00
  0.0000E+00
  0.0000E+00
  0.0000E+00
  0.0000E+00
  0.0000E+00
  0.0000E+00
  0.0000E+00
  0.0000E+00
  0.0000E+00
  0.0000E+00
  0.0000E+00
  0.0000E+00
  0.0000E+00
  0.0000E+00
  0.0000E+00
  0.0000E+00
  0.0000E+00
  0.0000E+00
  0.0000E+00
  0.0000E+00
  0.0000E+00
  0.0000E+00
  0.0000E+00
  0.0000E+00
  0.0000E+00
  0.0000E+00
  0.0000E+00
  0.0000E+00
  0.0000E+00
  0.0000E+00
  0.0000E+00
  0.0000E+00
  0.0000E+00
  0.0000E+00
  0.0000E+00
  0.0000E+00
  0.0000E+00
  0.0000E+00
  0.0000E+00
  0.0000E+00
  0.0000E+00
  0.0000E+00
  0.0000E+00
  0.0000E+00
  0.0000E+00
  0.0000E+00
  0.0000E+00
  0.0000E+00
  0.0000E+00
  0.0000E+00
  0.0000E+00
  0.0000E+00
  0.0000E+00
  0.0000E+00
  0.0000E+00
  0.0000E+00
  0.0000E+00
  0.0000E+00
  0.0000E+00
  0.0000E+00
  0.0000E+00
  0.0000E+00
  0.0000E+00
  0.0000E+00
  0.0000E+00
  0.0000E+00
  0.0000E+00
  0.0000E+00
  0.0000E+00
  0.0000E+00
  0.0000E+00
  0.0000E+00
  0.0000E+00
  0.0000E+00
  0.0000E+00
  0.0000E+00
  0.0000E+00
  0.0000E+00
  0.0000E+00
  0.0000E+00
  0.0000E+00
  0.0000E+00
  0.0000E+00
  0.0000E+00
  0.0000E+00
  0.0000E+00
  0.0000E+00
  0.0000E+00
  0.0000E+00
  0.0000E+00
  0.0000E+00
  0.0000E+00
  0.0000E+00
  0.0000E+00
  0.0000E+00
  0.0000E+00
  0.0000E+00
  0.0000E+00
  0.0000E+00
  0.0000E+00
  0.0000E+00
  0.0000E+00
  0.0000E+00
  0.0000E+00
  0.0000E+00
  0.0000E+00
  0.0000E+00
  0.0000E+00
  0.0000E+00
  0.0000E+00
  0.0000E+00
  0.0000E+00
  0.0000E+00
  0.0000E+00
  0.0000E+00
  0.0000E+00
  0.0000E+00
  0.0000E+00
  0.0000E+00
  0.0000E+00
  0.0000E+00
  0.0000E+00
  0.0000E+00
  0.0000E+00
  0.0000E+00
  0.0000E+00
  0.0000E+00
  0.0000E+00
  0.0000E+00
  0.0000E+00
  0.0000E+00
  0.0000E+00
  0.0000E+00
  0.0000E+00
  0.0000E+00
  0.0000E+00
  0.0000E+00
  0.0000E+00
  0.0000E+00
  0.0000E+00
  0.0000E+00
  0.0000E+00
  0.0000E+00
  0.0000E+00
  0.0000E+00
  0.0000E+00
  0.0000E+00
  0.0000E+00
  0.0000E+00
  0.0000E+00
  0.0000E+00
  0.0000E+00
  0.0000E+00
  0.0000E+00
  0.0000E+00
  0.0000E+00
  0.0000E+00
  0.0000E+00
  0.0000E+00
  0.0000E+00
  0.0000E+00
  0.0000E+00
  0.0000E+00
  0.0000E+00
   0.0000E+00
  0.0000E+00
  0.0000E+00
  0.0000E+00
  0.0000E+00
  0.0000E+00
  0.0000E+00
  0.0000E+00
  0.0000E+00
  0.0000E+00
  0.0000E+00
  0.0000E+00
  0.0000E+00
  0.0000E+00
  0.0000E+00
  0.0000E+00
  0.0000E+00
  0.0000E+00
  0.0000E+00
  0.0000E+00
  0.0000E+00
  0.0000E+00
  0.0000E+00
  0.0000E+00
  0.0000E+00
  0.0000E+00
  0.0000E+00
  0.0000E+00
  0.0000E+00
  0.0000E+00
  0.0000E+00
  0.0000E+00
  0.0000E+00
  0.0000E+00
  0.0000E+00
  0.0000E+00
  0.0000E+00
  0.0000E+00
  0.0000E+00
  0.0000E+00
  0.0000E+00
  0.0000E+00
  0.0000E+00
  0.0000E+00
  0.0000E+00
  0.0000E+00
  0.0000E+00
  0.0000E+00
  0.0000E+00
  0.0000E+00
  0.0000E+00
  0.0000E+00
  0.0000E+00
  0.0000E+00
  0.0000E+00
  0.0000E+00
  0.0000E+00
  0.0000E+00
  0.0000E+00
  0.0000E+00
  0.0000E+00
  0.0000E+00
  0.0000E+00
  0.0000E+00
  0.0000E+00
  0.0000E+00
  0.0000E+00
  0.0000E+00
  0.0000E+00
  0.0000E+00
  0.0000E+00
  0.0000E+00
  0.0000E+00
  0.0000E+00
  0.0000E+00
  0.0000E+00
  0.0000E+00
  0.0000E+00
  0.0000E+00
  0.0000E+00
  0.0000E+00
  0.0000E+00
  0.0000E+00
  0.0000E+00
  0.0000E+00
  0.0000E+00
  0.0000E+00
  0.0000E+00
  0.0000E+00
  0.0000E+00
  0.0000E+00
  0.0000E+00
  0.0000E+00
  0.0000E+00
  0.0000E+00
  0.0000E+00
  0.0000E+00
  0.0000E+00
  0.0000E+00
  0.0000E+00
  0.0000E+00
  0.0000E+00
  0.0000E+00
  0.0000E+00
  0.0000E+00
  0.0000E+00
  0.0000E+00
  0.0000E+00
  0.0000E+00
  0.0000E+00
  0.0000E+00
  0.0000E+00
  0.0000E+00
  0.0000E+00
  0.0000E+00
  0.0000E+00
  0.0000E+00
  0.0000E+00
  0.0000E+00
  0.0000E+00
  0.0000E+00
  0.0000E+00
  0.0000E+00
  0.0000E+00
  0.0000E+00
  0.0000E+00
  0.0000E+00
  0.0000E+00
  0.0000E+00
  0.0000E+00
  0.0000E+00
  0.0000E+00
  0.0000E+00
  0.0000E+00
  0.0000E+00
  0.0000E+00
  0.0000E+00
  0.0000E+00
  0.0000E+00
  0.0000E+00
  0.0000E+00
  0.0000E+00
  0.0000E+00
  0.0000E+00
  0.0000E+00
  0.0000E+00
  0.0000E+00
  0.0000E+00
  0.0000E+00
  0.0000E+00
  0.0000E+00
  0.0000E+00
  0.0000E+00
  0.0000E+00
  0.0000E+00
  0.0000E+00
  0.0000E+00
  0.0000E+00
  0.0000E+00
  0.0000E+00
  0.0000E+00
  0.0000E+00
  0.0000E+00
  0.0000E+00
  0.0000E+00
  0.0000E+00
  0.0000E+00
  0.0000E+00
  0.0000E+00
  0.0000E+00
  0.0000E+00
  0.0000E+00
  0.0000E+00
  0.0000E+00
  0.0000E+00
  0.0000E+00
  0.0000E+00
  0.0000E+00
  0.0000E+00
  0.0000E+00
  0.0000E+00
  0.0000E+00
  0.0000E+00
  0.0000E+00
  0.0000E+00
  0.0000E+00
  0.0000E+00
  0.0000E+00
  0.0000E+00
  0.0000E+00
   0.0000E+00
  0.0000E+00
  0.0000E+00
  0.0000E+00
  0.0000E+00
  0.0000E+00
  0.0000E+00
  0.0000E+00
  0.0000E+00
  0.0000E+00
  0.0000E+00
  0.0000E+00
  0.0000E+00
  0.0000E+00
  0.0000E+00
  0.0000E+00
  0.0000E+00
  0.0000E+00
  0.0000E+00
  0.0000E+00
  0.0000E+00
  0.0000E+00
  0.0000E+00
  0.0000E+00
  0.0000E+00
  0.0000E+00
  0.0000E+00
  0.0000E+00
  0.0000E+00
  0.0000E+00
  0.0000E+00
  0.0000E+00
  0.0000E+00
  0.0000E+00
  0.0000E+00
  0.0000E+00
  0.0000E+00
  0.0000E+00
  0.0000E+00
  0.0000E+00
  0.0000E+00
  0.0000E+00
  0.0000E+00
  0.0000E+00
  0.0000E+00
  0.0000E+00
  0.0000E+00
  0.0000E+00
  0.0000E+00
  0.0000E+00
  0.0000E+00
  0.0000E+00
  0.0000E+00
  0.0000E+00
  0.0000E+00
  0.0000E+00
  0.0000E+00
  0.0000E+00
  0.0000E+00
  0.0000E+00
  0.0000E+00
  0.0000E+00
  0.0000E+00
  0.0000E+00
  0.0000E+00
  0.0000E+00
  0.0000E+00
  0.0000E+00
  0.0000E+00
  0.0000E+00
  0.0000E+00
  0.0000E+00
  0.0000E+00
  0.0000E+00
  0.0000E+00
  0.0000E+00
  0.0000E+00
  0.0000E+00
  0.0000E+00
  0.0000E+00
  0.0000E+00
  0.0000E+00
  0.0000E+00
  0.0000E+00
  0.0000E+00
  0.0000E+00
  0.0000E+00
  0.0000E+00
  0.0000E+00
  0.0000E+00
  0.0000E+00
  0.0000E+00
  0.0000E+00
  0.0000E+00
  0.0000E+00
  0.0000E+00
  0.0000E+00
  0.0000E+00
  0.0000E+00
  0.0000E+00
  0.0000E+00
  0.0000E+00
  0.0000E+00
  0.0000E+00
  0.0000E+00
  0.0000E+00
  0.0000E+00
  0.0000E+00
  0.0000E+00
  0.0000E+00
  0.0000E+00
  0.0000E+00
  0.0000E+00
  0.0000E+00
  0.0000E+00
  0.0000E+00
  0.0000E+00
  0.0000E+00
  0.0000E+00
  0.0000E+00
  0.0000E+00
  0.0000E+00
  0.0000E+00
  0.0000E+00
  0.0000E+00
  0.0000E+00
  0.0000E+00
  0.0000E+00
  0.0000E+00
  0.0000E+00
  0.0000E+00
  0.0000E+00
  0.0000E+00
  0.0000E+00
  0.0000E+00
  0.0000E+00
  0.0000E+00
  0.0000E+00
  0.0000E+00
  0.0000E+00
  0.0000E+00
  0.0000E+00
  0.0000E+00
  0.0000E+00
  0.0000E+00
  0.0000E+00
  0.0000E+00
  0.0000E+00
  0.0000E+00
  0.0000E+00
  0.0000E+00
  0.0000E+00
  0.0000E+00
  0.0000E+00
  0.0000E+00
  0.0000E+00
  0.0000E+00
  0.0000E+00
  0.0000E+00
  0.0000E+00
  0.0000E+00
  0.0000E+00
  0.0000E+00
  0.0000E+00
  0.0000E+00
  0.0000E+00
  0.0000E+00
  0.0000E+00
  0.0000E+00
  0.0000E+00
  0.0000E+00
  0.0000E+00
  0.0000E+00
  0.0000E+00
  0.0000E+00
  0.0000E+00
  0.0000E+00
  0.0000E+00
  0.0000E+00
  0.0000E+00
  0.0000E+00
  0.0000E+00
  0.0000E+00
  0.0000E+00
  0.0000E+00
  0.0000E+00
  0.0000E+00
  0.0000E+00
  0.0000E+00
  0.0000E+00
   0.0000E+00
  0.0000E+00
  0.0000E+00
  0.0000E+00
  0.0000E+00
  0.0000E+00
  0.0000E+00
  0.0000E+00
  0.0000E+00
  0.0000E+00
  0.0000E+00
  0.0000E+00
  0.0000E+00
  0.0000E+00
  0.0000E+00
  0.0000E+00
  0.0000E+00
  0.0000E+00
  0.0000E+00
  0.0000E+00
  0.0000E+00
  0.0000E+00
  0.0000E+00
  0.0000E+00
  0.0000E+00
  0.0000E+00
  0.0000E+00
  0.0000E+00
  0.0000E+00
  0.0000E+00
  0.0000E+00
  0.0000E+00
  0.0000E+00
  0.0000E+00
  0.0000E+00
  0.0000E+00
  0.0000E+00
  0.0000E+00
  0.0000E+00
  0.0000E+00
  0.0000E+00
  0.0000E+00
  0.0000E+00
  0.0000E+00
  0.0000E+00
  0.0000E+00
  0.0000E+00
  0.0000E+00
  0.0000E+00
  0.0000E+00
  0.0000E+00
  0.0000E+00
  0.0000E+00
  0.0000E+00
  0.0000E+00
  0.0000E+00
  0.0000E+00
  0.0000E+00
  0.0000E+00
  0.0000E+00
  0.0000E+00
  0.0000E+00
  0.0000E+00
  0.0000E+00
  0.0000E+00
  0.0000E+00
  0.0000E+00
  0.0000E+00
  0.0000E+00
  0.0000E+00
  0.0000E+00
  0.0000E+00
  0.0000E+00
  0.0000E+00
  0.0000E+00
  0.0000E+00
  0.0000E+00
  0.0000E+00
  0.0000E+00
  0.0000E+00
  0.0000E+00
  0.0000E+00
  0.0000E+00
  0.0000E+00
  0.0000E+00
  0.0000E+00
  0.0000E+00
  0.0000E+00
  0.0000E+00
  0.0000E+00
  0.0000E+00
  0.0000E+00
  0.0000E+00
  0.0000E+00
  0.0000E+00
  0.0000E+00
  0.0000E+00
  0.0000E+00
  0.0000E+00
  0.0000E+00
  0.0000E+00
  0.0000E+00
  0.0000E+00
  0.0000E+00
  0.0000E+00
  0.0000E+00
  0.0000E+00
  0.0000E+00
  0.0000E+00
  0.0000E+00
  0.0000E+00
  0.0000E+00
  0.0000E+00
  0.0000E+00
  0.0000E+00
  0.0000E+00
  0.0000E+00
  0.0000E+00
  0.0000E+00
  0.0000E+00
  0.0000E+00
  0.0000E+00
  0.0000E+00
  0.0000E+00
  0.0000E+00
  0.0000E+00
  0.0000E+00
  0.0000E+00
  0.0000E+00
  0.0000E+00
  0.0000E+00
  0.0000E+00
  0.0000E+00
  0.0000E+00
  0.0000E+00
  0.0000E+00
  0.0000E+00
  0.0000E+00
  0.0000E+00
  0.0000E+00
  0.0000E+00
  0.0000E+00
  0.0000E+00
  0.0000E+00
  0.0000E+00
  0.0000E+00
  0.0000E+00
  0.0000E+00
  0.0000E+00
  0.0000E+00
  0.0000E+00
  0.0000E+00
  0.0000E+00
  0.0000E+00
  0.0000E+00
  0.0000E+00
  0.0000E+00
  0.0000E+00
  0.0000E+00
  0.0000E+00
  0.0000E+00
  0.0000E+00
  0.0000E+00
  0.0000E+00
  0.0000E+00
  0.0000E+00
  0.0000E+00
  0.0000E+00
  0.0000E+00
  0.0000E+00
  0.0000E+00
  0.0000E+00
  0.0000E+00
  0.0000E+00
  0.0000E+00
  0.0000E+00
  0.0000E+00
  0.0000E+00
  0.0000E+00
  0.0000E+00
  0.0000E+00
  0.0000E+00
  0.0000E+00
  0.0000E+00
  0.0000E+00
  0.0000E+00
  0.0000E+00
  0.0000E+00
  0.0000E+00
  0.0000E+00
