Scalar STRAINXZ under Modal for nodeset
189
   8.3926E-01
 -1.8138E-02
  3.4612E-15
  1.8138E-02
  1.8231E-02
 -3.9868E-15
 -1.8231E-02
 -1.8138E-02
  3.9323E-15
  1.8138E-02
  1.2142E-02
  1.0666E-16
 -1.2142E-02
 -2.3041E-02
  2.6658E-15
  2.3041E-02
  1.2142E-02
 -4.2005E-15
 -1.2142E-02
 -7.3894E-03
 -3.3833E-15
  7.3894E-03
  1.1650E-02
 -4.7259E-17
 -1.1650E-02
 -7.3894E-03
  2.2915E-15
  7.3894E-03
 -6.0464E-04
  3.9295E-15
  6.0464E-04
  1.3666E-02
 -2.5504E-16
 -1.3666E-02
 -6.0464E-04
 -1.8701E-15
  6.0464E-04
  7.1436E-03
 -3.0668E-15
 -7.1436E-03
 -3.4833E-02
  7.1862E-16
  3.4833E-02
  7.1436E-03
  2.2980E-15
 -7.1436E-03
 -8.3013E-03
  2.2394E-15
  8.3013E-03
  3.6936E-02
 -9.6356E-16
 -3.6936E-02
 -8.3013E-03
 -4.3198E-16
  8.3013E-03
  3.5338E-03
 -1.6139E-15
 -3.5338E-03
 -1.7721E-02
  2.0296E-15
  1.7721E-02
  3.5338E-03
 -9.4670E-16
 -3.5338E-03
  3.9345E-03
  2.5835E-15
 -3.9345E-03
 -1.1037E-02
 -2.5758E-15
  1.1037E-02
  3.9345E-03
  1.5545E-15
 -3.9345E-03
 -9.1761E-03
 -1.5828E-15
  9.1761E-03
  3.1210E-02
 -4.8745E-16
 -3.1210E-02
 -9.1761E-03
 -3.2020E-15
  9.1761E-03
  8.7343E-03
 -3.6336E-15
 -8.7343E-03
 -3.0078E-02
  5.2120E-15
  3.0078E-02
  8.7343E-03
  4.0237E-15
 -8.7343E-03
 -2.8493E-03
  4.8955E-15
  2.8493E-03
  8.5804E-03
 -7.3596E-15
 -8.5804E-03
 -2.8493E-03
 -4.8531E-15
  2.8493E-03
 -4.7011E-03
 -4.3579E-15
  4.7011E-03
  1.9273E-02
  8.1125E-15
 -1.9273E-02
 -4.7011E-03
  5.2221E-15
  4.7011E-03
  9.0457E-03
  8.2024E-15
 -9.0457E-03
 -3.5440E-02
 -8.7465E-15
  3.5440E-02
  9.0457E-03
 -5.5557E-15
 -9.0457E-03
 -7.3689E-03
 -8.4071E-15
  7.3689E-03
  2.9510E-02
  5.0290E-15
 -2.9510E-02
 -7.3689E-03
  6.3823E-15
  7.3689E-03
  7.3003E-04
  8.9111E-15
 -7.3003E-04
 -5.4271E-03
  8.6465E-16
  5.4271E-03
  7.3003E-04
 -6.5784E-15
 -7.3003E-04
  6.6238E-03
 -8.7450E-15
 -6.6238E-03
 -2.1041E-02
 -7.4795E-15
  2.1041E-02
  6.6238E-03
  5.0034E-15
 -6.6238E-03
 -1.0005E-02
  9.2153E-15
  1.0005E-02
  3.2477E-02
  1.3100E-14
 -3.2477E-02
 -1.0005E-02
 -2.1835E-15
  1.0005E-02
  7.3202E-03
 -5.9653E-15
 -7.3202E-03
 -2.1043E-02
 -2.3536E-14
  2.1043E-02
  7.3202E-03
  6.9704E-16
 -7.3202E-03
 -4.1903E-04
  4.0016E-15
  4.1903E-04
 -6.4974E-03
  3.2391E-14
  6.4974E-03
 -4.1903E-04
 -1.2584E-15
  4.1903E-04
 -6.1168E-03
 -2.6450E-15
  6.1168E-03
  3.3197E-02
 -4.0937E-14
 -3.3197E-02
 -6.1168E-03
  3.0210E-15
  6.1168E-03
 -2.1465E-02
  1.0200E-13
  2.1465E-02
 -1.5244E-02
 -5.5721E-14
  1.5244E-02
 -2.1465E-02
  9.7787E-14
  2.1465E-02
   8.4470E-01
  1.1493E-02
 -3.5719E-15
 -1.1493E-02
 -1.1375E-02
  4.2171E-15
  1.1375E-02
  1.1493E-02
 -5.0999E-15
 -1.1493E-02
 -7.5014E-03
  2.6242E-15
  7.5014E-03
  2.0451E-02
 -7.0020E-15
 -2.0451E-02
 -7.5014E-03
  4.9520E-15
  7.5014E-03
  7.0202E-03
 -1.4818E-15
 -7.0202E-03
 -2.1931E-02
  2.8109E-15
  2.1931E-02
  7.0202E-03
 -1.1169E-15
 -7.0202E-03
 -4.0716E-03
 -2.1019E-15
  4.0716E-03
  9.6677E-03
  1.7051E-15
 -9.6677E-03
 -4.0716E-03
 -4.3868E-16
  4.0716E-03
 -2.1613E-04
  1.9607E-15
  2.1613E-04
  1.0090E-02
 -3.0586E-15
 -1.0090E-02
 -2.1613E-04
 -3.4200E-17
  2.1613E-04
  4.0410E-03
 -1.4204E-15
 -4.0410E-03
 -2.7902E-02
  3.9505E-15
  2.7902E-02
  4.0410E-03
  1.3115E-15
 -4.0410E-03
 -5.7742E-03
 -1.8759E-16
  5.7742E-03
  3.5310E-02
 -2.1958E-15
 -3.5310E-02
 -5.7742E-03
 -1.7901E-15
  5.7742E-03
  4.7030E-03
 -7.7830E-16
 -4.7030E-03
 -2.8587E-02
  4.8756E-15
  2.8587E-02
  4.7030E-03
  1.5965E-15
 -4.7030E-03
 -1.3549E-03
  1.2182E-15
  1.3549E-03
  1.0382E-02
 -5.7726E-15
 -1.0382E-02
 -1.3549E-03
 -2.2464E-15
  1.3549E-03
 -2.7340E-03
 -1.1668E-15
  2.7340E-03
  1.1475E-02
  5.3256E-15
 -1.1475E-02
 -2.7340E-03
  2.3784E-15
  2.7340E-03
  5.7029E-03
  1.0178E-15
 -5.7029E-03
 -2.7486E-02
 -3.9191E-15
  2.7486E-02
  5.7029E-03
 -2.4834E-15
 -5.7029E-03
 -6.1954E-03
 -1.0316E-15
  6.1954E-03
  3.0730E-02
  1.4784E-15
 -3.0730E-02
 -6.1954E-03
  4.2413E-15
  6.1954E-03
  3.9630E-03
  4.6265E-15
 -3.9630E-03
 -1.9964E-02
 -2.8337E-15
  1.9964E-02
  3.9630E-03
 -3.8538E-15
 -3.9630E-03
  2.4412E-05
 -5.9122E-15
 -2.4412E-05
  1.8678E-04
  2.3132E-15
 -1.8678E-04
  2.4412E-05
  5.5743E-15
 -2.4412E-05
 -4.0130E-03
  6.0638E-15
  4.0130E-03
  1.9584E-02
 -1.3352E-15
 -1.9584E-02
 -4.0130E-03
 -5.4696E-15
  4.0130E-03
  6.2486E-03
 -6.8673E-15
 -6.2486E-03
 -3.0332E-02
  2.9323E-16
  3.0332E-02
  6.2486E-03
  4.3484E-15
 -6.2486E-03
 -5.7600E-03
  6.9138E-15
  5.7600E-03
  2.7055E-02
  2.7544E-15
 -2.7055E-02
 -5.7600E-03
 -5.1478E-15
  5.7600E-03
  2.7910E-03
 -4.9047E-15
 -2.7910E-03
 -1.0993E-02
 -8.5609E-15
  1.0993E-02
  2.7910E-03
  7.1844E-15
 -2.7910E-03
  1.3146E-03
  4.7165E-15
 -1.3146E-03
 -1.0934E-02
  1.0300E-14
  1.0934E-02
  1.3146E-03
 -8.1918E-15
 -1.3146E-03
 -4.7356E-03
 -8.9759E-15
  4.7356E-03
  2.9213E-02
 -8.1754E-15
 -2.9213E-02
 -4.7356E-03
  7.6086E-15
  4.7356E-03
 -1.7179E-02
  2.3823E-14
  1.7179E-02
 -1.4083E-02
 -7.6504E-15
  1.4083E-02
 -1.7179E-02
  7.5852E-15
  1.7179E-02
   8.4722E-01
 -2.6012E-05
  7.3825E-16
  2.6012E-05
  1.6896E-04
 -1.3099E-16
 -1.6896E-04
 -2.6012E-05
  1.6670E-16
  2.6012E-05
  4.9535E-04
 -6.7916E-16
 -4.9535E-04
  3.3413E-03
  3.0580E-16
 -3.3413E-03
  4.9535E-04
 -3.7641E-16
 -4.9535E-04
  2.2890E-04
  1.9662E-15
 -2.2890E-04
 -8.3824E-03
 -6.3355E-16
  8.3824E-03
  2.2890E-04
 -4.1628E-16
 -2.2890E-04
 -7.7451E-04
 -1.1492E-15
  7.7451E-04
  1.2029E-02
 -1.0676E-16
 -1.2029E-02
 -7.7451E-04
  1.8158E-15
  7.7451E-04
  9.4598E-04
 -2.2783E-15
 -9.4598E-04
 -1.3021E-02
  1.9168E-15
  1.3021E-02
  9.4598E-04
 -1.8541E-15
 -9.4598E-04
 -6.8459E-04
  2.8803E-15
  6.8459E-04
  1.0982E-02
 -1.1892E-15
 -1.0982E-02
 -6.8459E-04
 -1.6372E-15
  6.8459E-04
  8.1070E-05
 -1.5103E-15
 -8.1070E-05
 -6.5491E-03
 -1.2755E-15
  6.5491E-03
  8.1070E-05
  6.2167E-15
 -8.1070E-05
  6.5718E-04
  4.8642E-15
 -6.5718E-04
  1.1588E-03
 -1.4659E-15
 -1.1588E-03
  6.5718E-04
 -8.1573E-15
 -6.5718E-04
 -1.2766E-03
 -7.4109E-15
  1.2766E-03
  3.4362E-03
  2.4920E-15
 -3.4362E-03
 -1.2766E-03
  7.7386E-15
  1.2766E-03
  1.5631E-03
  7.9795E-15
 -1.5631E-03
 -5.7557E-03
 -6.9936E-16
  5.7557E-03
  1.5631E-03
 -9.1588E-15
 -1.5631E-03
 -1.4142E-03
 -8.6153E-15
  1.4142E-03
  5.0900E-03
  1.0323E-15
 -5.0900E-03
 -1.4142E-03
  7.8139E-15
  1.4142E-03
  8.7340E-04
  8.4445E-15
 -8.7340E-04
 -1.7386E-03
 -4.9322E-17
  1.7386E-03
  8.7340E-04
 -7.9805E-15
 -8.7340E-04
 -1.1587E-04
 -7.2089E-15
  1.1587E-04
 -3.0908E-03
 -1.8851E-15
  3.0908E-03
 -1.1587E-04
  8.4754E-15
  1.1587E-04
 -6.1069E-04
  6.8382E-15
  6.1069E-04
  7.6898E-03
  9.6063E-16
 -7.6898E-03
 -6.1069E-04
 -6.6930E-15
  6.1069E-04
  1.0693E-03
 -7.6482E-15
 -1.0693E-03
 -1.0423E-02
  9.9049E-16
  1.0423E-02
  1.0693E-03
  7.5654E-15
 -1.0693E-03
 -1.1132E-03
  7.7152E-15
  1.1132E-03
  1.0282E-02
 -2.6787E-16
 -1.0282E-02
 -1.1132E-03
 -9.4598E-15
  1.1132E-03
  7.3540E-04
 -8.9483E-15
 -7.3540E-04
 -7.2197E-03
  1.3292E-15
  7.2197E-03
  7.3540E-04
  1.0058E-14
 -7.3540E-04
 -6.9951E-05
  9.3798E-15
  6.9951E-05
  2.1727E-03
 -2.6968E-15
 -2.1727E-03
 -6.9951E-05
 -1.1466E-14
  6.9951E-05
 -6.5461E-04
 -1.0294E-14
  6.5461E-04
  3.2566E-03
  4.9593E-15
 -3.2566E-03
 -6.5461E-04
  1.2683E-14
  6.5461E-04
  1.1979E-03
  1.1526E-14
 -1.1979E-03
 -7.3357E-03
 -8.4211E-15
  7.3357E-03
  1.1979E-03
 -1.2069E-14
 -1.1979E-03
 -6.3847E-02
  7.4251E-15
  6.3847E-02
  7.1545E-02
 -1.0976E-14
 -7.1545E-02
 -6.3847E-02
  3.2249E-14
  6.3847E-02
   8.4812E-01
  3.4216E-03
 -3.2400E-15
 -3.4216E-03
 -3.2037E-03
  2.9644E-15
  3.2037E-03
  3.4216E-03
 -2.5622E-15
 -3.4216E-03
 -1.6568E-03
  1.1135E-15
  1.6568E-03
  1.0693E-02
 -1.4964E-15
 -1.0693E-02
 -1.6568E-03
  2.7953E-15
  1.6568E-03
  2.7709E-03
  4.1946E-16
 -2.7709E-03
 -1.8182E-02
 -3.7828E-16
  1.8182E-02
  2.7709E-03
 -1.4859E-15
 -2.7709E-03
 -3.1981E-03
 -1.0218E-15
  3.1981E-03
  1.9621E-02
  1.7125E-15
 -1.9621E-02
 -3.1981E-03
  1.1846E-15
  3.1981E-03
  2.7967E-03
  1.2088E-15
 -2.7967E-03
 -1.4210E-02
 -3.2809E-15
  1.4210E-02
  2.7967E-03
 -1.6830E-15
 -2.7967E-03
 -1.6907E-03
 -2.0966E-15
  1.6907E-03
  3.1488E-03
  4.3774E-15
 -3.1488E-03
 -1.6907E-03
 -3.9692E-19
  1.6907E-03
  2.1364E-04
  2.4753E-15
 -2.1364E-04
  1.0693E-02
 -3.6570E-15
 -1.0693E-02
  2.1364E-04
  5.4865E-16
 -2.1364E-04
  1.1947E-03
  5.6701E-17
 -1.1947E-03
 -2.3588E-02
  3.6399E-16
  2.3588E-02
  1.1947E-03
 -3.4749E-16
 -1.1947E-03
 -2.1173E-03
 -1.0581E-15
  2.1173E-03
  3.2020E-02
  2.9548E-15
 -3.2020E-02
 -2.1173E-03
  1.7747E-16
  2.1173E-03
  2.2809E-03
  1.3400E-15
 -2.2809E-03
 -3.3684E-02
 -4.1879E-15
  3.3684E-02
  2.2809E-03
 -2.3780E-17
 -2.2809E-03
 -1.6352E-03
  5.6987E-16
  1.6352E-03
  2.8154E-02
  2.8142E-15
 -2.8154E-02
 -1.6352E-03
  6.9166E-16
  1.6352E-03
  3.6789E-04
 -6.9358E-16
 -3.6789E-04
 -1.6997E-02
 -2.6551E-15
  1.6997E-02
  3.6789E-04
 -1.0999E-16
 -3.6789E-04
  1.1501E-03
 -1.3361E-15
 -1.1501E-03
  3.3265E-03
  5.0220E-15
 -3.3265E-03
  1.1501E-03
 -1.5670E-15
 -1.1501E-03
 -2.4712E-03
 -1.6071E-15
  2.4712E-03
  9.0911E-03
 -3.0403E-15
 -9.0911E-03
 -2.4712E-03
  2.5668E-15
  2.4712E-03
  3.2002E-03
  1.3714E-15
 -3.2002E-03
 -1.6918E-02
  1.5074E-15
  1.6918E-02
  3.2002E-03
 -3.1364E-15
 -3.2002E-03
 -3.1088E-03
 -2.0453E-15
  3.1088E-03
  1.8199E-02
  1.0768E-17
 -1.8199E-02
 -3.1088E-03
  5.9162E-15
  3.1088E-03
  2.2012E-03
  2.2934E-15
 -2.2012E-03
 -1.2913E-02
 -4.4888E-15
  1.2913E-02
  2.2012E-03
 -7.1877E-15
 -2.2012E-03
 -7.1251E-04
 -1.8740E-15
  7.1251E-04
  2.9732E-03
  1.1658E-14
 -2.9732E-03
 -7.1251E-04
  8.5243E-15
  7.1251E-04
 -9.6287E-04
  3.8988E-15
  9.6287E-04
  8.3379E-03
 -2.1053E-14
 -8.3379E-03
 -9.6287E-04
 -7.7107E-15
  9.6287E-04
  2.3965E-03
 -7.1048E-15
 -2.3965E-03
 -1.7320E-02
  3.1207E-14
  1.7320E-02
  2.3965E-03
  6.5896E-15
 -2.3965E-03
  3.9807E-02
 -5.4164E-14
 -3.9807E-02
 -2.1480E-02
  2.6138E-14
  2.1480E-02
  3.9807E-02
 -6.6517E-14
 -3.9807E-02
   8.4870E-01
 -2.5431E-03
 -1.1768E-15
  2.5431E-03
  2.6309E-03
  1.3044E-15
 -2.6309E-03
 -2.5431E-03
 -1.4381E-15
  2.5431E-03
  2.0905E-03
 -1.1190E-16
 -2.0905E-03
 -2.0901E-03
 -6.1389E-16
  2.0901E-03
  2.0905E-03
  3.3054E-16
 -2.0905E-03
 -1.6822E-03
  1.4680E-15
  1.6822E-03
 -1.1485E-03
 -3.9585E-16
  1.1485E-03
 -1.6822E-03
 -8.0215E-16
  1.6822E-03
  9.6170E-04
 -1.4435E-15
 -9.6170E-04
  6.6479E-03
  1.9898E-16
 -6.6479E-03
  9.6170E-04
  1.0734E-15
 -9.6170E-04
 -9.4410E-05
  3.3420E-16
  9.4410E-05
 -1.2784E-02
 -9.8888E-16
  1.2784E-02
 -9.4410E-05
  1.9263E-16
  9.4410E-05
 -7.1850E-04
 -1.8374E-15
  7.1850E-04
  1.7651E-02
  2.1031E-15
 -1.7651E-02
 -7.1850E-04
  5.4941E-16
  7.1850E-04
  1.2923E-03
  2.3437E-15
 -1.2923E-03
 -1.9560E-02
 -2.2244E-15
  1.9560E-02
  1.2923E-03
 -5.6100E-16
 -1.2923E-03
 -1.5050E-03
 -1.3206E-15
  1.5050E-03
  1.7488E-02
 -4.5610E-16
 -1.7488E-02
 -1.5050E-03
  5.0505E-16
  1.5050E-03
  1.3269E-03
  1.7333E-15
 -1.3269E-03
 -1.1357E-02
  1.2479E-15
  1.1357E-02
  1.3269E-03
 -8.7077E-16
 -1.3269E-03
 -8.2709E-04
  4.9451E-16
  8.2709E-04
  2.0953E-03
 -1.1541E-15
 -2.0953E-03
 -8.2709E-04
 -1.0985E-15
  8.2709E-04
  1.5484E-04
 -3.9022E-15
 -1.5484E-04
  8.5722E-03
  2.5692E-15
 -8.5722E-03
  1.5484E-04
  1.7706E-15
 -1.5484E-04
  4.9930E-04
  5.1194E-15
 -4.9930E-04
 -1.8520E-02
 -1.6876E-15
  1.8520E-02
  4.9930E-04
 -2.6555E-15
 -4.9930E-04
 -9.5230E-04
 -5.4640E-15
  9.5230E-04
  2.5726E-02
  2.5986E-16
 -2.5726E-02
 -9.5230E-04
  4.3199E-15
  9.5230E-04
  1.0756E-03
  5.7597E-15
 -1.0756E-03
 -2.8756E-02
  1.2638E-15
  2.8756E-02
  1.0756E-03
 -7.2158E-15
 -1.0756E-03
 -8.2819E-04
 -6.4764E-15
  8.2819E-04
  2.7104E-02
 -1.4009E-15
 -2.7104E-02
 -8.2819E-04
  8.7308E-15
  8.2819E-04
  2.6726E-04
  7.2076E-15
 -2.6726E-04
 -2.1301E-02
  5.5614E-16
  2.1301E-02
  2.6726E-04
 -8.9281E-15
 -2.6726E-04
  4.6600E-04
 -6.0196E-15
 -4.6600E-04
  1.2781E-02
  2.6573E-16
 -1.2781E-02
  4.6600E-04
  9.3427E-15
 -4.6600E-04
 -1.1826E-03
  8.9716E-15
  1.1826E-03
 -3.5211E-03
 -5.3541E-15
  3.5211E-03
 -1.1826E-03
 -9.4841E-15
  1.1826E-03
  1.6957E-03
 -8.3264E-15
 -1.6957E-03
 -4.4478E-03
  1.1834E-14
  4.4478E-03
  1.6957E-03
  6.3714E-15
 -1.6957E-03
 -1.8744E-03
  5.6917E-15
  1.8744E-03
  9.5292E-03
 -1.4430E-14
 -9.5292E-03
 -1.8744E-03
 -3.4183E-15
  1.8744E-03
  4.0812E-02
  3.1240E-14
 -4.0812E-02
 -5.0505E-02
 -2.1182E-14
  5.0505E-02
  4.0812E-02
  4.2592E-14
 -4.0812E-02
   8.5515E-01
  4.7954E-05
  1.0333E-15
 -4.7954E-05
 -5.4847E-05
 -1.0721E-15
  5.4847E-05
  4.7954E-05
  7.0511E-16
 -4.7954E-05
 -6.1540E-05
  1.8109E-16
  6.1540E-05
 -7.4502E-05
  8.8922E-17
  7.4502E-05
 -6.1540E-05
 -7.8463E-16
  6.1540E-05
  3.4012E-05
 -2.2784E-15
 -3.4012E-05
  3.1833E-04
  5.0832E-16
 -3.1833E-04
  3.4012E-05
  3.0021E-15
 -3.4012E-05
  1.2290E-05
  2.5303E-15
 -1.2290E-05
 -5.9847E-04
  1.6853E-16
  5.9847E-04
  1.2290E-05
 -3.8361E-15
 -1.2290E-05
 -8.3925E-05
 -2.6543E-15
  8.3925E-05
  8.4287E-04
 -3.4067E-17
 -8.4287E-04
 -8.3925E-05
  2.6770E-15
  8.3925E-05
  1.8309E-04
  2.3081E-15
 -1.8309E-04
 -9.4634E-04
 -1.0998E-15
  9.4634E-04
  1.8309E-04
 -1.5404E-15
 -1.8309E-04
 -3.0250E-04
 -1.8202E-15
  3.0250E-04
  7.7086E-04
  2.1179E-15
 -7.7086E-04
 -3.0250E-04
 -1.6916E-16
  3.0250E-04
  4.2007E-04
  1.3806E-15
 -4.2007E-04
 -1.5985E-04
 -1.0192E-15
  1.5985E-04
  4.2007E-04
 -3.2358E-16
 -4.2007E-04
 -4.9457E-04
 -4.8670E-16
  4.9457E-04
 -1.0269E-03
 -1.0939E-15
  1.0269E-03
 -4.9457E-04
  4.6443E-16
  4.9457E-04
  4.6430E-04
 -6.7183E-16
 -4.6430E-04
  2.8525E-03
  2.2532E-15
 -2.8525E-03
  4.6430E-04
 -3.0007E-16
 -4.6430E-04
 -2.5166E-04
  6.1150E-16
  2.5166E-04
 -5.2177E-03
 -2.9797E-15
  5.2177E-03
 -2.5166E-04
  5.0393E-16
  2.5166E-04
 -2.2316E-04
 -2.3413E-17
  2.2316E-04
  7.7577E-03
  3.5173E-15
 -7.7577E-03
 -2.2316E-04
 -8.7703E-16
  2.2316E-04
  1.0164E-03
 -1.2763E-16
 -1.0164E-03
 -9.7466E-03
 -3.2317E-15
  9.7466E-03
  1.0164E-03
  3.0919E-15
 -1.0164E-03
 -2.1217E-03
  1.8805E-16
  2.1217E-03
  1.0043E-02
  1.1038E-15
 -1.0043E-02
 -2.1217E-03
 -7.9193E-16
  2.1217E-03
  3.4197E-03
  5.3378E-16
 -3.4197E-03
 -7.1360E-03
  1.8245E-15
  7.1360E-03
  3.4197E-03
 -1.5678E-15
 -3.4197E-03
 -4.6247E-03
 -2.7227E-15
  4.6247E-03
 -6.4513E-04
 -2.3924E-15
  6.4513E-04
 -4.6247E-03
  8.7744E-16
  4.6247E-03
  5.2426E-03
  2.7987E-15
 -5.2426E-03
  1.4691E-02
  4.2003E-15
 -1.4691E-02
  5.2426E-03
 -6.9697E-16
 -5.2426E-03
 -4.5620E-03
 -2.1627E-15
  4.5620E-03
 -3.5397E-02
 -8.2663E-15
  3.5397E-02
 -4.5620E-03
  1.7550E-15
  4.5620E-03
  1.7027E-03
  1.1877E-15
 -1.7027E-03
  6.1199E-02
  1.1300E-14
 -6.1199E-02
  1.7027E-03
 -1.0195E-15
 -1.7027E-03
  4.2680E-03
  1.8123E-15
 -4.2680E-03
 -8.7453E-02
 -1.6279E-14
  8.7453E-02
  4.2680E-03
 -4.3276E-18
 -4.2680E-03
  1.8936E-01
  3.6561E-14
 -1.8936E-01
 -9.6113E-02
 -2.0678E-14
  9.6113E-02
  1.8936E-01
  4.2232E-14
 -1.8936E-01
   0.0000E+00
  0.0000E+00
  0.0000E+00
  0.0000E+00
  0.0000E+00
  0.0000E+00
  0.0000E+00
  0.0000E+00
  0.0000E+00
  0.0000E+00
  0.0000E+00
  0.0000E+00
  0.0000E+00
  0.0000E+00
  0.0000E+00
  0.0000E+00
  0.0000E+00
  0.0000E+00
  0.0000E+00
  0.0000E+00
  0.0000E+00
  0.0000E+00
  0.0000E+00
  0.0000E+00
  0.0000E+00
  0.0000E+00
  0.0000E+00
  0.0000E+00
  0.0000E+00
  0.0000E+00
  0.0000E+00
  0.0000E+00
  0.0000E+00
  0.0000E+00
  0.0000E+00
  0.0000E+00
  0.0000E+00
  0.0000E+00
  0.0000E+00
  0.0000E+00
  0.0000E+00
  0.0000E+00
  0.0000E+00
  0.0000E+00
  0.0000E+00
  0.0000E+00
  0.0000E+00
  0.0000E+00
  0.0000E+00
  0.0000E+00
  0.0000E+00
  0.0000E+00
  0.0000E+00
  0.0000E+00
  0.0000E+00
  0.0000E+00
  0.0000E+00
  0.0000E+00
  0.0000E+00
  0.0000E+00
  0.0000E+00
  0.0000E+00
  0.0000E+00
  0.0000E+00
  0.0000E+00
  0.0000E+00
  0.0000E+00
  0.0000E+00
  0.0000E+00
  0.0000E+00
  0.0000E+00
  0.0000E+00
  0.0000E+00
  0.0000E+00
  0.0000E+00
  0.0000E+00
  0.0000E+00
  0.0000E+00
  0.0000E+00
  0.0000E+00
  0.0000E+00
  0.0000E+00
  0.0000E+00
  0.0000E+00
  0.0000E+00
  0.0000E+00
  0.0000E+00
  0.0000E+00
  0.0000E+00
  0.0000E+00
  0.0000E+00
  0.0000E+00
  0.0000E+00
  0.0000E+00
  0.0000E+00
  0.0000E+00
  0.0000E+00
  0.0000E+00
  0.0000E+00
  0.0000E+00
  0.0000E+00
  0.0000E+00
  0.0000E+00
  0.0000E+00
  0.0000E+00
  0.0000E+00
  0.0000E+00
  0.0000E+00
  0.0000E+00
  0.0000E+00
  0.0000E+00
  0.0000E+00
  0.0000E+00
  0.0000E+00
  0.0000E+00
  0.0000E+00
  0.0000E+00
  0.0000E+00
  0.0000E+00
  0.0000E+00
  0.0000E+00
  0.0000E+00
  0.0000E+00
  0.0000E+00
  0.0000E+00
  0.0000E+00
  0.0000E+00
  0.0000E+00
  0.0000E+00
  0.0000E+00
  0.0000E+00
  0.0000E+00
  0.0000E+00
  0.0000E+00
  0.0000E+00
  0.0000E+00
  0.0000E+00
  0.0000E+00
  0.0000E+00
  0.0000E+00
  0.0000E+00
  0.0000E+00
  0.0000E+00
  0.0000E+00
  0.0000E+00
  0.0000E+00
  0.0000E+00
  0.0000E+00
  0.0000E+00
  0.0000E+00
  0.0000E+00
  0.0000E+00
  0.0000E+00
  0.0000E+00
  0.0000E+00
  0.0000E+00
  0.0000E+00
  0.0000E+00
  0.0000E+00
  0.0000E+00
  0.0000E+00
  0.0000E+00
  0.0000E+00
  0.0000E+00
  0.0000E+00
  0.0000E+00
  0.0000E+00
  0.0000E+00
  0.0000E+00
  0.0000E+00
  0.0000E+00
  0.0000E+00
  0.0000E+00
  0.0000E+00
  0.0000E+00
  0.0000E+00
  0.0000E+00
  0.0000E+00
  0.0000E+00
  0.0000E+00
  0.0000E+00
  0.0000E+00
  0.0000E+00
  0.0000E+00
  0.0000E+00
  0.0000E+00
  0.0000E+00
  0.0000E+00
  0.0000E+00
  0.0000E+00
   0.0000E+00
  0.0000E+00
  0.0000E+00
  0.0000E+00
  0.0000E+00
  0.0000E+00
  0.0000E+00
  0.0000E+00
  0.0000E+00
  0.0000E+00
  0.0000E+00
  0.0000E+00
  0.0000E+00
  0.0000E+00
  0.0000E+00
  0.0000E+00
  0.0000E+00
  0.0000E+00
  0.0000E+00
  0.0000E+00
  0.0000E+00
  0.0000E+00
  0.0000E+00
  0.0000E+00
  0.0000E+00
  0.0000E+00
  0.0000E+00
  0.0000E+00
  0.0000E+00
  0.0000E+00
  0.0000E+00
  0.0000E+00
  0.0000E+00
  0.0000E+00
  0.0000E+00
  0.0000E+00
  0.0000E+00
  0.0000E+00
  0.0000E+00
  0.0000E+00
  0.0000E+00
  0.0000E+00
  0.0000E+00
  0.0000E+00
  0.0000E+00
  0.0000E+00
  0.0000E+00
  0.0000E+00
  0.0000E+00
  0.0000E+00
  0.0000E+00
  0.0000E+00
  0.0000E+00
  0.0000E+00
  0.0000E+00
  0.0000E+00
  0.0000E+00
  0.0000E+00
  0.0000E+00
  0.0000E+00
  0.0000E+00
  0.0000E+00
  0.0000E+00
  0.0000E+00
  0.0000E+00
  0.0000E+00
  0.0000E+00
  0.0000E+00
  0.0000E+00
  0.0000E+00
  0.0000E+00
  0.0000E+00
  0.0000E+00
  0.0000E+00
  0.0000E+00
  0.0000E+00
  0.0000E+00
  0.0000E+00
  0.0000E+00
  0.0000E+00
  0.0000E+00
  0.0000E+00
  0.0000E+00
  0.0000E+00
  0.0000E+00
  0.0000E+00
  0.0000E+00
  0.0000E+00
  0.0000E+00
  0.0000E+00
  0.0000E+00
  0.0000E+00
  0.0000E+00
  0.0000E+00
  0.0000E+00
  0.0000E+00
  0.0000E+00
  0.0000E+00
  0.0000E+00
  0.0000E+00
  0.0000E+00
  0.0000E+00
  0.0000E+00
  0.0000E+00
  0.0000E+00
  0.0000E+00
  0.0000E+00
  0.0000E+00
  0.0000E+00
  0.0000E+00
  0.0000E+00
  0.0000E+00
  0.0000E+00
  0.0000E+00
  0.0000E+00
  0.0000E+00
  0.0000E+00
  0.0000E+00
  0.0000E+00
  0.0000E+00
  0.0000E+00
  0.0000E+00
  0.0000E+00
  0.0000E+00
  0.0000E+00
  0.0000E+00
  0.0000E+00
  0.0000E+00
  0.0000E+00
  0.0000E+00
  0.0000E+00
  0.0000E+00
  0.0000E+00
  0.0000E+00
  0.0000E+00
  0.0000E+00
  0.0000E+00
  0.0000E+00
  0.0000E+00
  0.0000E+00
  0.0000E+00
  0.0000E+00
  0.0000E+00
  0.0000E+00
  0.0000E+00
  0.0000E+00
  0.0000E+00
  0.0000E+00
  0.0000E+00
  0.0000E+00
  0.0000E+00
  0.0000E+00
  0.0000E+00
  0.0000E+00
  0.0000E+00
  0.0000E+00
  0.0000E+00
  0.0000E+00
  0.0000E+00
  0.0000E+00
  0.0000E+00
  0.0000E+00
  0.0000E+00
  0.0000E+00
  0.0000E+00
  0.0000E+00
  0.0000E+00
  0.0000E+00
  0.0000E+00
  0.0000E+00
  0.0000E+00
  0.0000E+00
  0.0000E+00
  0.0000E+00
  0.0000E+00
  0.0000E+00
  0.0000E+00
  0.0000E+00
  0.0000E+00
  0.0000E+00
  0.0000E+00
  0.0000E+00
  0.0000E+00
  0.0000E+00
  0.0000E+00
  0.0000E+00
  0.0000E+00
  0.0000E+00
  0.0000E+00
  0.0000E+00
   0.0000E+00
  0.0000E+00
  0.0000E+00
  0.0000E+00
  0.0000E+00
  0.0000E+00
  0.0000E+00
  0.0000E+00
  0.0000E+00
  0.0000E+00
  0.0000E+00
  0.0000E+00
  0.0000E+00
  0.0000E+00
  0.0000E+00
  0.0000E+00
  0.0000E+00
  0.0000E+00
  0.0000E+00
  0.0000E+00
  0.0000E+00
  0.0000E+00
  0.0000E+00
  0.0000E+00
  0.0000E+00
  0.0000E+00
  0.0000E+00
  0.0000E+00
  0.0000E+00
  0.0000E+00
  0.0000E+00
  0.0000E+00
  0.0000E+00
  0.0000E+00
  0.0000E+00
  0.0000E+00
  0.0000E+00
  0.0000E+00
  0.0000E+00
  0.0000E+00
  0.0000E+00
  0.0000E+00
  0.0000E+00
  0.0000E+00
  0.0000E+00
  0.0000E+00
  0.0000E+00
  0.0000E+00
  0.0000E+00
  0.0000E+00
  0.0000E+00
  0.0000E+00
  0.0000E+00
  0.0000E+00
  0.0000E+00
  0.0000E+00
  0.0000E+00
  0.0000E+00
  0.0000E+00
  0.0000E+00
  0.0000E+00
  0.0000E+00
  0.0000E+00
  0.0000E+00
  0.0000E+00
  0.0000E+00
  0.0000E+00
  0.0000E+00
  0.0000E+00
  0.0000E+00
  0.0000E+00
  0.0000E+00
  0.0000E+00
  0.0000E+00
  0.0000E+00
  0.0000E+00
  0.0000E+00
  0.0000E+00
  0.0000E+00
  0.0000E+00
  0.0000E+00
  0.0000E+00
  0.0000E+00
  0.0000E+00
  0.0000E+00
  0.0000E+00
  0.0000E+00
  0.0000E+00
  0.0000E+00
  0.0000E+00
  0.0000E+00
  0.0000E+00
  0.0000E+00
  0.0000E+00
  0.0000E+00
  0.0000E+00
  0.0000E+00
  0.0000E+00
  0.0000E+00
  0.0000E+00
  0.0000E+00
  0.0000E+00
  0.0000E+00
  0.0000E+00
  0.0000E+00
  0.0000E+00
  0.0000E+00
  0.0000E+00
  0.0000E+00
  0.0000E+00
  0.0000E+00
  0.0000E+00
  0.0000E+00
  0.0000E+00
  0.0000E+00
  0.0000E+00
  0.0000E+00
  0.0000E+00
  0.0000E+00
  0.0000E+00
  0.0000E+00
  0.0000E+00
  0.0000E+00
  0.0000E+00
  0.0000E+00
  0.0000E+00
  0.0000E+00
  0.0000E+00
  0.0000E+00
  0.0000E+00
  0.0000E+00
  0.0000E+00
  0.0000E+00
  0.0000E+00
  0.0000E+00
  0.0000E+00
  0.0000E+00
  0.0000E+00
  0.0000E+00
  0.0000E+00
  0.0000E+00
  0.0000E+00
  0.0000E+00
  0.0000E+00
  0.0000E+00
  0.0000E+00
  0.0000E+00
  0.0000E+00
  0.0000E+00
  0.0000E+00
  0.0000E+00
  0.0000E+00
  0.0000E+00
  0.0000E+00
  0.0000E+00
  0.0000E+00
  0.0000E+00
  0.0000E+00
  0.0000E+00
  0.0000E+00
  0.0000E+00
  0.0000E+00
  0.0000E+00
  0.0000E+00
  0.0000E+00
  0.0000E+00
  0.0000E+00
  0.0000E+00
  0.0000E+00
  0.0000E+00
  0.0000E+00
  0.0000E+00
  0.0000E+00
  0.0000E+00
  0.0000E+00
  0.0000E+00
  0.0000E+00
  0.0000E+00
  0.0000E+00
  0.0000E+00
  0.0000E+00
  0.0000E+00
  0.0000E+00
  0.0000E+00
  0.0000E+00
  0.0000E+00
  0.0000E+00
  0.0000E+00
  0.0000E+00
  0.0000E+00
   0.0000E+00
  0.0000E+00
  0.0000E+00
  0.0000E+00
  0.0000E+00
  0.0000E+00
  0.0000E+00
  0.0000E+00
  0.0000E+00
  0.0000E+00
  0.0000E+00
  0.0000E+00
  0.0000E+00
  0.0000E+00
  0.0000E+00
  0.0000E+00
  0.0000E+00
  0.0000E+00
  0.0000E+00
  0.0000E+00
  0.0000E+00
  0.0000E+00
  0.0000E+00
  0.0000E+00
  0.0000E+00
  0.0000E+00
  0.0000E+00
  0.0000E+00
  0.0000E+00
  0.0000E+00
  0.0000E+00
  0.0000E+00
  0.0000E+00
  0.0000E+00
  0.0000E+00
  0.0000E+00
  0.0000E+00
  0.0000E+00
  0.0000E+00
  0.0000E+00
  0.0000E+00
  0.0000E+00
  0.0000E+00
  0.0000E+00
  0.0000E+00
  0.0000E+00
  0.0000E+00
  0.0000E+00
  0.0000E+00
  0.0000E+00
  0.0000E+00
  0.0000E+00
  0.0000E+00
  0.0000E+00
  0.0000E+00
  0.0000E+00
  0.0000E+00
  0.0000E+00
  0.0000E+00
  0.0000E+00
  0.0000E+00
  0.0000E+00
  0.0000E+00
  0.0000E+00
  0.0000E+00
  0.0000E+00
  0.0000E+00
  0.0000E+00
  0.0000E+00
  0.0000E+00
  0.0000E+00
  0.0000E+00
  0.0000E+00
  0.0000E+00
  0.0000E+00
  0.0000E+00
  0.0000E+00
  0.0000E+00
  0.0000E+00
  0.0000E+00
  0.0000E+00
  0.0000E+00
  0.0000E+00
  0.0000E+00
  0.0000E+00
  0.0000E+00
  0.0000E+00
  0.0000E+00
  0.0000E+00
  0.0000E+00
  0.0000E+00
  0.0000E+00
  0.0000E+00
  0.0000E+00
  0.0000E+00
  0.0000E+00
  0.0000E+00
  0.0000E+00
  0.0000E+00
  0.0000E+00
  0.0000E+00
  0.0000E+00
  0.0000E+00
  0.0000E+00
  0.0000E+00
  0.0000E+00
  0.0000E+00
  0.0000E+00
  0.0000E+00
  0.0000E+00
  0.0000E+00
  0.0000E+00
  0.0000E+00
  0.0000E+00
  0.0000E+00
  0.0000E+00
  0.0000E+00
  0.0000E+00
  0.0000E+00
  0.0000E+00
  0.0000E+00
  0.0000E+00
  0.0000E+00
  0.0000E+00
  0.0000E+00
  0.0000E+00
  0.0000E+00
  0.0000E+00
  0.0000E+00
  0.0000E+00
  0.0000E+00
  0.0000E+00
  0.0000E+00
  0.0000E+00
  0.0000E+00
  0.0000E+00
  0.0000E+00
  0.0000E+00
  0.0000E+00
  0.0000E+00
  0.0000E+00
  0.0000E+00
  0.0000E+00
  0.0000E+00
  0.0000E+00
  0.0000E+00
  0.0000E+00
  0.0000E+00
  0.0000E+00
  0.0000E+00
  0.0000E+00
  0.0000E+00
  0.0000E+00
  0.0000E+00
  0.0000E+00
  0.0000E+00
  0.0000E+00
  0.0000E+00
  0.0000E+00
  0.0000E+00
  0.0000E+00
  0.0000E+00
  0.0000E+00
  0.0000E+00
  0.0000E+00
  0.0000E+00
  0.0000E+00
  0.0000E+00
  0.0000E+00
  0.0000E+00
  0.0000E+00
  0.0000E+00
  0.0000E+00
  0.0000E+00
  0.0000E+00
  0.0000E+00
  0.0000E+00
  0.0000E+00
  0.0000E+00
  0.0000E+00
  0.0000E+00
  0.0000E+00
  0.0000E+00
  0.0000E+00
  0.0000E+00
  0.0000E+00
  0.0000E+00
  0.0000E+00
  0.0000E+00
  0.0000E+00
   0.0000E+00
  0.0000E+00
  0.0000E+00
  0.0000E+00
  0.0000E+00
  0.0000E+00
  0.0000E+00
  0.0000E+00
  0.0000E+00
  0.0000E+00
  0.0000E+00
  0.0000E+00
  0.0000E+00
  0.0000E+00
  0.0000E+00
  0.0000E+00
  0.0000E+00
  0.0000E+00
  0.0000E+00
  0.0000E+00
  0.0000E+00
  0.0000E+00
  0.0000E+00
  0.0000E+00
  0.0000E+00
  0.0000E+00
  0.0000E+00
  0.0000E+00
  0.0000E+00
  0.0000E+00
  0.0000E+00
  0.0000E+00
  0.0000E+00
  0.0000E+00
  0.0000E+00
  0.0000E+00
  0.0000E+00
  0.0000E+00
  0.0000E+00
  0.0000E+00
  0.0000E+00
  0.0000E+00
  0.0000E+00
  0.0000E+00
  0.0000E+00
  0.0000E+00
  0.0000E+00
  0.0000E+00
  0.0000E+00
  0.0000E+00
  0.0000E+00
  0.0000E+00
  0.0000E+00
  0.0000E+00
  0.0000E+00
  0.0000E+00
  0.0000E+00
  0.0000E+00
  0.0000E+00
  0.0000E+00
  0.0000E+00
  0.0000E+00
  0.0000E+00
  0.0000E+00
  0.0000E+00
  0.0000E+00
  0.0000E+00
  0.0000E+00
  0.0000E+00
  0.0000E+00
  0.0000E+00
  0.0000E+00
  0.0000E+00
  0.0000E+00
  0.0000E+00
  0.0000E+00
  0.0000E+00
  0.0000E+00
  0.0000E+00
  0.0000E+00
  0.0000E+00
  0.0000E+00
  0.0000E+00
  0.0000E+00
  0.0000E+00
  0.0000E+00
  0.0000E+00
  0.0000E+00
  0.0000E+00
  0.0000E+00
  0.0000E+00
  0.0000E+00
  0.0000E+00
  0.0000E+00
  0.0000E+00
  0.0000E+00
  0.0000E+00
  0.0000E+00
  0.0000E+00
  0.0000E+00
  0.0000E+00
  0.0000E+00
  0.0000E+00
  0.0000E+00
  0.0000E+00
  0.0000E+00
  0.0000E+00
  0.0000E+00
  0.0000E+00
  0.0000E+00
  0.0000E+00
  0.0000E+00
  0.0000E+00
  0.0000E+00
  0.0000E+00
  0.0000E+00
  0.0000E+00
  0.0000E+00
  0.0000E+00
  0.0000E+00
  0.0000E+00
  0.0000E+00
  0.0000E+00
  0.0000E+00
  0.0000E+00
  0.0000E+00
  0.0000E+00
  0.0000E+00
  0.0000E+00
  0.0000E+00
  0.0000E+00
  0.0000E+00
  0.0000E+00
  0.0000E+00
  0.0000E+00
  0.0000E+00
  0.0000E+00
  0.0000E+00
  0.0000E+00
  0.0000E+00
  0.0000E+00
  0.0000E+00
  0.0000E+00
  0.0000E+00
  0.0000E+00
  0.0000E+00
  0.0000E+00
  0.0000E+00
  0.0000E+00
  0.0000E+00
  0.0000E+00
  0.0000E+00
  0.0000E+00
  0.0000E+00
  0.0000E+00
  0.0000E+00
  0.0000E+00
  0.0000E+00
  0.0000E+00
  0.0000E+00
  0.0000E+00
  0.0000E+00
  0.0000E+00
  0.0000E+00
  0.0000E+00
  0.0000E+00
  0.0000E+00
  0.0000E+00
  0.0000E+00
  0.0000E+00
  0.0000E+00
  0.0000E+00
  0.0000E+00
  0.0000E+00
  0.0000E+00
  0.0000E+00
  0.0000E+00
  0.0000E+00
  0.0000E+00
  0.0000E+00
  0.0000E+00
  0.0000E+00
  0.0000E+00
  0.0000E+00
  0.0000E+00
  0.0000E+00
  0.0000E+00
  0.0000E+00
  0.0000E+00
  0.0000E+00
   0.0000E+00
  0.0000E+00
  0.0000E+00
  0.0000E+00
  0.0000E+00
  0.0000E+00
  0.0000E+00
  0.0000E+00
  0.0000E+00
  0.0000E+00
  0.0000E+00
  0.0000E+00
  0.0000E+00
  0.0000E+00
  0.0000E+00
  0.0000E+00
  0.0000E+00
  0.0000E+00
  0.0000E+00
  0.0000E+00
  0.0000E+00
  0.0000E+00
  0.0000E+00
  0.0000E+00
  0.0000E+00
  0.0000E+00
  0.0000E+00
  0.0000E+00
  0.0000E+00
  0.0000E+00
  0.0000E+00
  0.0000E+00
  0.0000E+00
  0.0000E+00
  0.0000E+00
  0.0000E+00
  0.0000E+00
  0.0000E+00
  0.0000E+00
  0.0000E+00
  0.0000E+00
  0.0000E+00
  0.0000E+00
  0.0000E+00
  0.0000E+00
  0.0000E+00
  0.0000E+00
  0.0000E+00
  0.0000E+00
  0.0000E+00
  0.0000E+00
  0.0000E+00
  0.0000E+00
  0.0000E+00
  0.0000E+00
  0.0000E+00
  0.0000E+00
  0.0000E+00
  0.0000E+00
  0.0000E+00
  0.0000E+00
  0.0000E+00
  0.0000E+00
  0.0000E+00
  0.0000E+00
  0.0000E+00
  0.0000E+00
  0.0000E+00
  0.0000E+00
  0.0000E+00
  0.0000E+00
  0.0000E+00
  0.0000E+00
  0.0000E+00
  0.0000E+00
  0.0000E+00
  0.0000E+00
  0.0000E+00
  0.0000E+00
  0.0000E+00
  0.0000E+00
  0.0000E+00
  0.0000E+00
  0.0000E+00
  0.0000E+00
  0.0000E+00
  0.0000E+00
  0.0000E+00
  0.0000E+00
  0.0000E+00
  0.0000E+00
  0.0000E+00
  0.0000E+00
  0.0000E+00
  0.0000E+00
  0.0000E+00
  0.0000E+00
  0.0000E+00
  0.0000E+00
  0.0000E+00
  0.0000E+00
  0.0000E+00
  0.0000E+00
  0.0000E+00
  0.0000E+00
  0.0000E+00
  0.0000E+00
  0.0000E+00
  0.0000E+00
  0.0000E+00
  0.0000E+00
  0.0000E+00
  0.0000E+00
  0.0000E+00
  0.0000E+00
  0.0000E+00
  0.0000E+00
  0.0000E+00
  0.0000E+00
  0.0000E+00
  0.0000E+00
  0.0000E+00
  0.0000E+00
  0.0000E+00
  0.0000E+00
  0.0000E+00
  0.0000E+00
  0.0000E+00
  0.0000E+00
  0.0000E+00
  0.0000E+00
  0.0000E+00
  0.0000E+00
  0.0000E+00
  0.0000E+00
  0.0000E+00
  0.0000E+00
  0.0000E+00
  0.0000E+00
  0.0000E+00
  0.0000E+00
  0.0000E+00
  0.0000E+00
  0.0000E+00
  0.0000E+00
  0.0000E+00
  0.0000E+00
  0.0000E+00
  0.0000E+00
  0.0000E+00
  0.0000E+00
  0.0000E+00
  0.0000E+00
  0.0000E+00
  0.0000E+00
  0.0000E+00
  0.0000E+00
  0.0000E+00
  0.0000E+00
  0.0000E+00
  0.0000E+00
  0.0000E+00
  0.0000E+00
  0.0000E+00
  0.0000E+00
  0.0000E+00
  0.0000E+00
  0.0000E+00
  0.0000E+00
  0.0000E+00
  0.0000E+00
  0.0000E+00
  0.0000E+00
  0.0000E+00
  0.0000E+00
  0.0000E+00
  0.0000E+00
  0.0000E+00
  0.0000E+00
  0.0000E+00
  0.0000E+00
  0.0000E+00
  0.0000E+00
  0.0000E+00
  0.0000E+00
  0.0000E+00
  0.0000E+00
  0.0000E+00
  0.0000E+00
  0.0000E+00
