Scalar STRAINXX under Modal for nodeset
189
   8.3926E-01
  0.0000E+00
  0.0000E+00
  0.0000E+00
  0.0000E+00
  0.0000E+00
  0.0000E+00
  0.0000E+00
  0.0000E+00
  0.0000E+00
 -1.8185E-02
  2.1383E-17
  1.8185E-02
 -1.7347E-17
 -1.9649E-17
 -1.7347E-18
  1.8185E-02
 -6.0681E-17
 -1.8185E-02
  3.5183E-02
  5.4486E-17
 -3.5183E-02
  2.0817E-17
  3.1019E-17
 -4.5103E-17
 -3.5183E-02
  7.5515E-18
  3.5183E-02
 -3.7224E-02
  6.9864E-17
  3.7224E-02
  3.8164E-17
 -2.6930E-17
 -6.9389E-18
  3.7224E-02
 -1.2372E-16
 -3.7224E-02
  2.0912E-02
 -2.7748E-16
 -2.0912E-02
  0.0000E+00
 -8.6656E-19
 -2.0817E-17
 -2.0912E-02
  2.7575E-16
  2.0912E-02
  4.7528E-03
  2.2097E-16
 -4.7528E-03
  5.6379E-18
 -1.3900E-17
 -5.2042E-18
 -4.7528E-03
 -2.4877E-16
  4.7528E-03
 -2.4325E-02
 -1.0052E-16
  2.4325E-02
 -1.0408E-17
  1.1628E-17
  1.0408E-17
  2.4325E-02
  1.2378E-16
 -2.4325E-02
  2.6008E-02
 -3.0822E-16
 -2.6008E-02
 -3.4694E-18
  2.0909E-18
  5.2042E-18
 -2.6008E-02
  3.1240E-16
  2.6008E-02
 -9.3539E-03
  6.2671E-16
  9.3539E-03
  8.6736E-18
 -2.8097E-18
 -6.9389E-18
  9.3539E-03
 -6.3233E-16
 -9.3539E-03
 -1.4379E-02
 -8.6294E-16
  1.4379E-02
  1.1276E-17
 -4.5541E-18
  2.6021E-17
  1.4379E-02
  8.5383E-16
 -1.4379E-02
  2.9459E-02
  1.1927E-15
 -2.9459E-02
 -2.0817E-17
 -2.6665E-18
  2.2551E-17
 -2.9459E-02
 -1.1981E-15
  2.9459E-02
 -2.5809E-02
 -1.2942E-15
  2.5809E-02
 -3.4694E-18
  1.1817E-17
 -5.5511E-17
  2.5809E-02
  1.3178E-15
 -2.5809E-02
  5.4853E-03
  1.4092E-15
 -5.4853E-03
  2.1684E-18
 -2.1926E-18
  1.4745E-17
 -5.4853E-03
 -1.4136E-15
  5.4853E-03
  1.8678E-02
 -1.7495E-15
 -1.8678E-02
  2.7756E-17
 -1.8849E-18
  1.7347E-17
 -1.8678E-02
  1.7457E-15
  1.8678E-02
 -3.1393E-02
  1.8707E-15
  3.1393E-02
 -6.9389E-18
 -1.0102E-17
  2.7756E-17
  3.1393E-02
 -1.8909E-15
 -3.1393E-02
  2.4835E-02
 -1.7601E-15
 -2.4835E-02
 -2.0817E-17
  2.6358E-17
 -7.4593E-17
 -2.4835E-02
  1.8128E-15
  2.4835E-02
 -3.7289E-03
  1.6157E-15
  3.7289E-03
  3.4694E-18
 -1.2423E-17
  4.7705E-17
  3.7289E-03
 -1.6405E-15
 -3.7289E-03
 -1.7648E-02
 -8.9248E-16
  1.7648E-02
 -1.3878E-17
  4.3444E-18
 -2.7756E-17
  1.7648E-02
  9.0117E-16
 -1.7648E-02
  2.4634E-02
 -4.9485E-16
 -2.4634E-02
 -3.1225E-17
 -6.1285E-18
  3.8164E-17
 -2.4634E-02
  4.8259E-16
  2.4634E-02
 -1.1570E-02
  2.7191E-15
  1.1570E-02
  3.6429E-17
  8.7024E-18
 -2.9490E-17
  1.1570E-02
 -2.7017E-15
 -1.1570E-02
 -1.4680E-02
 -6.2216E-15
  1.4680E-02
 -3.4694E-17
  2.4009E-17
  3.4694E-17
  1.4680E-02
  6.2696E-15
 -1.4680E-02
   8.4470E-01
  0.0000E+00
  0.0000E+00
  0.0000E+00
  0.0000E+00
  0.0000E+00
  0.0000E+00
  0.0000E+00
  0.0000E+00
  0.0000E+00
  1.1434E-02
 -5.7091E-17
 -1.1434E-02
 -1.0408E-17
  1.5784E-17
 -3.3827E-17
 -1.1434E-02
  8.8659E-17
  1.1434E-02
 -2.7953E-02
  2.6163E-16
  2.7953E-02
  2.2551E-17
 -4.2919E-17
  4.8572E-17
  2.7953E-02
 -3.4747E-16
 -2.7953E-02
  4.0385E-02
 -5.5994E-16
 -4.0385E-02
 -6.9389E-18
  2.3394E-17
 -3.4694E-17
 -4.0385E-02
  6.0673E-16
  4.0385E-02
 -4.1692E-02
  8.0359E-16
  4.1692E-02
 -1.3878E-17
 -4.8032E-18
  2.0817E-17
  4.1692E-02
 -8.1319E-16
 -4.1692E-02
  3.0079E-02
 -8.0025E-16
 -3.0079E-02
  1.3878E-17
 -1.2184E-17
  3.1225E-17
 -3.0079E-02
  7.7589E-16
  3.0079E-02
 -9.7488E-03
  3.9090E-16
  9.7488E-03
 -6.0715E-18
  8.6078E-18
 -1.3010E-17
  9.7488E-03
 -3.7369E-16
 -9.7488E-03
 -1.1006E-02
 -2.5738E-16
  1.1006E-02
  3.8164E-17
 -2.5479E-17
  5.2042E-18
  1.1006E-02
  2.0642E-16
 -1.1006E-02
  2.3541E-02
  1.3779E-16
 -2.3541E-02
  5.2042E-18
  7.0903E-18
  6.9389E-18
 -2.3541E-02
 -1.2361E-16
  2.3541E-02
 -2.2743E-02
 -4.0679E-16
  2.2743E-02
  6.9389E-18
 -1.4425E-17
 -3.4694E-18
  2.2743E-02
  3.7794E-16
 -2.2743E-02
  9.3320E-03
  1.7427E-16
 -9.3320E-03
 -2.0817E-17
  1.6127E-17
 -1.3878E-17
 -9.3320E-03
 -1.4201E-16
  9.3320E-03
  1.0446E-02
 -1.8061E-17
 -1.0446E-02
  1.6480E-17
 -6.1236E-18
  2.6888E-17
 -1.0446E-02
  5.8143E-18
  1.0446E-02
 -2.7593E-02
 -2.7187E-16
  2.7593E-02
 -1.0408E-17
  7.8013E-18
 -5.3776E-17
  2.7593E-02
  2.8747E-16
 -2.7593E-02
  3.4373E-02
  3.8587E-16
 -3.4373E-02
  6.9389E-18
 -1.3987E-17
  3.4694E-17
 -3.4373E-02
 -4.1384E-16
  3.4373E-02
 -2.7756E-02
 -4.6363E-16
  2.7756E-02
  3.4694E-18
 -3.3933E-18
 -1.5613E-17
  2.7756E-02
  4.5684E-16
 -2.7756E-02
  1.0775E-02
  4.7746E-16
 -1.0775E-02
 -3.4694E-17
 -4.1463E-18
  8.6736E-18
 -1.0775E-02
 -4.8576E-16
  1.0775E-02
  8.8252E-03
 -5.4192E-16
 -8.8252E-03
  3.4694E-18
 -9.2293E-18
 -2.6021E-17
 -8.8252E-03
  5.2346E-16
  8.8252E-03
 -2.2040E-02
  4.6213E-16
  2.2040E-02
 -3.9899E-17
  5.2006E-18
  2.2551E-17
  2.2040E-02
 -4.5173E-16
 -2.2040E-02
  2.2609E-02
 -7.2213E-18
 -2.2609E-02
 -1.7347E-18
  3.0338E-18
  6.9389E-18
 -2.2609E-02
  1.3289E-17
  2.2609E-02
 -9.7917E-03
 -9.0468E-16
  9.7917E-03
 -1.8215E-17
 -5.8808E-21
 -1.8215E-17
  9.7917E-03
  9.0467E-16
 -9.7917E-03
 -1.1340E-02
  2.3242E-15
  1.1340E-02
  6.9389E-18
 -4.0900E-18
  1.9949E-17
  1.1340E-02
 -2.3324E-15
 -1.1340E-02
   8.4722E-01
  0.0000E+00
  0.0000E+00
  0.0000E+00
  0.0000E+00
  0.0000E+00
  0.0000E+00
  0.0000E+00
  0.0000E+00
  0.0000E+00
 -9.7488E-05
 -4.7262E-17
  9.7488E-05
  9.9747E-18
 -2.4732E-18
  9.7578E-19
  9.7488E-05
  4.2315E-17
 -9.7488E-05
 -2.8460E-03
  2.1140E-16
  2.8460E-03
 -2.0383E-17
  7.7818E-18
 -1.3010E-18
  2.8460E-03
 -1.9583E-16
 -2.8460E-03
  8.5138E-03
 -2.7126E-16
 -8.5138E-03
  1.3010E-17
  5.2179E-18
 -2.6021E-18
 -8.5138E-03
  2.8169E-16
  8.5138E-03
 -1.5649E-02
  5.9167E-16
  1.5649E-02
 -1.9082E-17
  5.1098E-18
 -8.6736E-18
  1.5649E-02
 -5.8145E-16
 -1.5649E-02
  2.2480E-02
 -6.8548E-16
 -2.2480E-02
  2.4286E-17
 -1.2612E-17
  2.9490E-17
 -2.2480E-02
  6.6026E-16
  2.2480E-02
 -2.7316E-02
  4.4808E-16
  2.7316E-02
  0.0000E+00
  1.4149E-17
 -2.7756E-17
  2.7316E-02
 -4.1978E-16
 -2.7316E-02
  2.9111E-02
 -3.4836E-16
 -2.9111E-02
 -3.1225E-17
 -6.7156E-18
  1.0408E-17
 -2.9111E-02
  3.3492E-16
  2.9111E-02
 -2.7817E-02
  3.2622E-16
  2.7817E-02
  6.9389E-18
  1.3706E-17
 -3.1225E-17
  2.7817E-02
 -2.9881E-16
 -2.7817E-02
  2.4398E-02
  8.0288E-17
 -2.4398E-02
 -1.2143E-17
  7.3672E-18
  2.9490E-17
 -2.4398E-02
 -6.5553E-17
  2.4398E-02
 -2.0498E-02
  1.1065E-17
  2.0498E-02
  2.0817E-17
 -9.2598E-18
 -1.7347E-17
  2.0498E-02
 -2.9585E-17
 -2.0498E-02
  1.7894E-02
 -6.8254E-17
 -1.7894E-02
 -1.3878E-17
  2.4343E-18
  3.8164E-17
 -1.7894E-02
  7.3122E-17
  1.7894E-02
 -1.7886E-02
  2.1306E-16
  1.7886E-02
 -6.9389E-18
  1.3561E-17
 -2.4286E-17
  1.7886E-02
 -1.8594E-16
 -1.7886E-02
  2.0869E-02
 -3.3512E-16
 -2.0869E-02
  2.0817E-17
 -2.3527E-17
  1.3878E-17
 -2.0869E-02
  2.8807E-16
  2.0869E-02
 -2.6187E-02
  5.1251E-17
  2.6187E-02
 -1.5613E-17
  9.4932E-18
  1.3878E-17
  2.6187E-02
 -3.2265E-17
 -2.6187E-02
  3.2361E-02
  1.5833E-16
 -3.2361E-02
 -3.1225E-17
  1.5774E-17
 -4.8572E-17
 -3.2361E-02
 -1.2678E-16
  3.2361E-02
 -3.7582E-02
 -1.6090E-16
  3.7582E-02
 -3.4694E-18
  9.9586E-19
 -6.9389E-18
  3.7582E-02
  1.6290E-16
 -3.7582E-02
  4.0316E-02
 -1.1192E-16
 -4.0316E-02
  1.7347E-17
 -1.3998E-17
  1.7347E-17
 -4.0316E-02
  8.3920E-17
  4.0316E-02
 -3.9824E-02
  4.1862E-16
  3.9824E-02
 -2.7756E-17
  2.2520E-17
 -2.7756E-17
  3.9824E-02
 -3.7358E-16
 -3.9824E-02
  3.6405E-02
 -2.4914E-16
 -3.6405E-02
  1.3878E-17
  1.1113E-17
  6.9389E-18
 -3.6405E-02
  2.7137E-16
  3.6405E-02
 -3.1291E-02
  2.6349E-16
  3.1291E-02
 -2.7756E-17
 -1.1724E-17
  6.9389E-18
  3.1291E-02
 -2.8693E-16
 -3.1291E-02
   8.4812E-01
  0.0000E+00
  0.0000E+00
  0.0000E+00
  0.0000E+00
  0.0000E+00
  0.0000E+00
  0.0000E+00
  0.0000E+00
  0.0000E+00
  3.3127E-03
 -1.3383E-16
 -3.3127E-03
 -2.3852E-18
  7.4274E-18
 -1.7347E-18
 -3.3127E-03
  1.4869E-16
  3.3127E-03
 -1.2350E-02
  2.3235E-16
  1.2350E-02
  1.3878E-17
 -2.3311E-17
  4.5103E-17
  1.2350E-02
 -2.7897E-16
 -1.2350E-02
  2.4265E-02
 -4.6822E-16
 -2.4265E-02
 -1.0408E-17
  7.7301E-18
  1.7347E-18
 -2.4265E-02
  4.8368E-16
  2.4265E-02
 -3.5168E-02
  4.6817E-16
  3.5168E-02
  1.0408E-17
  7.0414E-18
 -1.7347E-17
  3.5168E-02
 -4.5409E-16
 -3.5168E-02
  4.1272E-02
 -3.6115E-16
 -4.1272E-02
  3.4694E-18
 -1.3762E-17
  4.5103E-17
 -4.1272E-02
  3.3362E-16
  4.1272E-02
 -4.0008E-02
  2.5210E-16
  4.0008E-02
 -3.1225E-17
  1.2384E-17
 -1.7347E-17
  4.0008E-02
 -2.2733E-16
 -4.0008E-02
  3.0793E-02
 -2.7559E-16
 -3.0793E-02
  2.4286E-17
 -1.7763E-17
  1.3878E-17
 -3.0793E-02
  2.4007E-16
  3.0793E-02
 -1.5225E-02
  4.1167E-16
  1.5225E-02
 -1.9949E-17
  2.4481E-17
 -4.2501E-17
  1.5225E-02
 -3.6270E-16
 -1.5225E-02
 -3.3444E-03
 -3.8853E-16
  3.3444E-03
  3.2526E-18
 -2.7689E-17
  1.5613E-17
  3.3444E-03
  3.3315E-16
 -3.3444E-03
  2.0741E-02
  3.4831E-16
 -2.0741E-02
 -4.1633E-17
  6.3408E-18
  2.4286E-17
 -2.0741E-02
 -3.3563E-16
  2.0741E-02
 -3.3134E-02
 -2.3657E-16
  3.3134E-02
  2.4286E-17
  5.2499E-18
 -6.5919E-17
  3.3134E-02
  2.4707E-16
 -3.3134E-02
  3.8105E-02
  1.0205E-16
 -3.8105E-02
 -1.3878E-17
 -8.8368E-18
  4.8572E-17
 -3.8105E-02
 -1.1972E-16
  3.8105E-02
 -3.5310E-02
 -3.0436E-17
  3.5310E-02
  1.3878E-17
  1.9839E-17
 -2.4286E-17
  3.5310E-02
  7.0114E-17
 -3.5310E-02
  2.6543E-02
  2.0654E-16
 -2.6543E-02
 -3.4694E-18
  2.3214E-18
  2.2551E-17
 -2.6543E-02
 -2.0189E-16
  2.6543E-02
 -1.5192E-02
 -5.7365E-16
  1.5192E-02
  1.0408E-17
 -1.3079E-17
  2.4286E-17
  1.5192E-02
  5.4750E-16
 -1.5192E-02
  5.2352E-03
  6.9460E-16
 -5.2352E-03
 -7.3726E-18
  2.3026E-17
  8.6736E-18
 -5.2352E-03
 -6.4855E-16
  5.2352E-03
 -7.7209E-05
 -4.6458E-16
  7.7209E-05
  6.9524E-18
  2.6878E-19
 -2.0790E-17
  7.7209E-05
  4.6511E-16
 -7.7209E-05
  1.5495E-03
  2.1967E-17
 -1.5495E-03
 -1.0408E-17
 -9.3758E-18
  1.7347E-17
 -1.5495E-03
 -4.0718E-17
  1.5495E-03
 -9.3779E-03
  4.5245E-16
  9.3779E-03
  5.2042E-18
  2.9688E-18
  8.6736E-18
  9.3779E-03
 -4.4651E-16
 -9.3779E-03
  2.1266E-02
 -1.1161E-15
 -2.1266E-02
  0.0000E+00
 -2.2371E-18
 -2.6021E-17
 -2.1266E-02
  1.1116E-15
  2.1266E-02
   8.4870E-01
  0.0000E+00
  0.0000E+00
  0.0000E+00
  0.0000E+00
  0.0000E+00
  0.0000E+00
  0.0000E+00
  0.0000E+00
  0.0000E+00
  2.5870E-03
 -7.0671E-17
 -2.5870E-03
  1.3010E-18
 -3.0212E-18
  0.0000E+00
 -2.5870E-03
  6.4629E-17
  2.5870E-03
 -4.1807E-03
  2.2166E-17
  4.1807E-03
  8.6736E-19
 -2.8814E-18
  1.3878E-17
  4.1807E-03
 -2.7929E-17
 -4.1807E-03
  3.1206E-03
  9.0071E-17
 -3.1206E-03
  1.7347E-18
  1.8275E-18
 -6.9389E-18
 -3.1206E-03
 -8.6416E-17
  3.1206E-03
  1.5055E-03
 -1.7205E-16
 -1.5055E-03
 -1.7347E-18
 -2.9100E-18
 -5.2042E-18
 -1.5055E-03
  1.6623E-16
  1.5055E-03
 -9.5685E-03
  2.5231E-16
  9.5685E-03
 -9.5410E-18
  1.2760E-17
 -1.0408E-17
  9.5685E-03
 -2.2679E-16
 -9.5685E-03
  1.9875E-02
 -2.2390E-16
 -1.9875E-02
  4.1633E-17
 -9.7560E-18
  2.4286E-17
 -1.9875E-02
  2.0438E-16
  1.9875E-02
 -3.0421E-02
  1.7756E-16
  3.0421E-02
  6.9389E-18
  8.5316E-18
 -2.2551E-17
  3.0421E-02
 -1.6050E-16
 -3.0421E-02
  3.8867E-02
 -1.4682E-17
 -3.8867E-02
 -6.9389E-18
 -1.2477E-17
  3.8164E-17
 -3.8867E-02
 -1.0273E-17
  3.8867E-02
 -4.3105E-02
 -6.0467E-16
  4.3105E-02
  6.9389E-17
 -2.5508E-17
 -6.9389E-18
  4.3105E-02
  5.5365E-16
 -4.3105E-02
  4.1790E-02
  2.9019E-16
 -4.1790E-02
 -7.6328E-17
  1.0518E-17
  1.3878E-17
 -4.1790E-02
 -2.6915E-16
  4.1790E-02
 -3.4688E-02
 -1.7898E-16
  3.4688E-02
  2.4286E-17
  1.0198E-17
 -5.5511E-17
  3.4688E-02
  1.9938E-16
 -3.4688E-02
  2.2771E-02
  7.1718E-17
 -2.2771E-02
  3.4694E-18
  3.9840E-18
 -1.0408E-17
 -2.2771E-02
 -6.3750E-17
  2.2771E-02
 -8.0100E-03
 -1.7358E-16
  8.0100E-03
  2.1684E-17
 -1.3096E-17
  2.8623E-17
  8.0100E-03
  1.4739E-16
 -8.0100E-03
 -7.0612E-03
  2.7331E-16
  7.0612E-03
 -5.2042E-18
 -6.1505E-18
  2.6021E-18
  7.0612E-03
 -2.8561E-16
 -7.0612E-03
  1.9922E-02
 -3.2941E-16
 -1.9922E-02
  1.5613E-17
 -6.6352E-19
 -6.9389E-18
 -1.9922E-02
  3.2808E-16
  1.9922E-02
 -2.8630E-02
  2.3790E-16
  2.8630E-02
  5.2042E-18
  8.7618E-18
  0.0000E+00
  2.8630E-02
 -2.2037E-16
 -2.8630E-02
  3.2238E-02
 -1.8090E-16
 -3.2238E-02
 -3.4694E-18
 -8.8569E-18
 -6.9389E-18
 -3.2238E-02
  1.6318E-16
  3.2238E-02
 -3.0968E-02
 -8.1374E-17
  3.0968E-02
 -1.7347E-18
 -2.8496E-18
  3.4694E-18
  3.0968E-02
  7.5674E-17
 -3.0968E-02
  2.6094E-02
  5.5201E-16
 -2.6094E-02
 -8.6736E-18
  2.3991E-19
 -2.4286E-17
 -2.6094E-02
 -5.5153E-16
  2.6094E-02
 -1.9564E-02
 -1.2998E-15
  1.9564E-02
  2.6021E-17
 -2.0391E-17
  3.8164E-17
  1.9564E-02
  1.2590E-15
 -1.9564E-02
   8.5515E-01
  0.0000E+00
  0.0000E+00
  0.0000E+00
  0.0000E+00
  0.0000E+00
  0.0000E+00
  0.0000E+00
  0.0000E+00
  0.0000E+00
  5.1400E-05
  1.0277E-17
 -5.1400E-05
 -9.5410E-18
 -9.8322E-20
  1.7347E-18
 -5.1400E-05
 -1.0474E-17
  5.1400E-05
  1.2962E-05
 -4.6013E-17
 -1.2962E-05
  1.3878E-17
 -1.6135E-17
  3.4694E-18
 -1.2962E-05
  1.3743E-17
  1.2962E-05
 -2.3292E-04
  1.2637E-16
  2.3292E-04
  3.4694E-18
  2.8411E-18
  6.9389E-18
  2.3292E-04
 -1.2069E-16
 -2.3292E-04
  6.2372E-04
 -5.9362E-17
 -6.2372E-04
  3.4694E-18
  7.2102E-18
 -1.7347E-17
 -6.2372E-04
  7.3782E-17
  6.2372E-04
 -1.1597E-03
  1.2166E-16
  1.1597E-03
  1.7347E-18
 -5.0781E-18
  1.8431E-18
  1.1597E-03
 -1.3182E-16
 -1.1597E-03
  1.7532E-03
 -2.1348E-17
 -1.7532E-03
 -8.6736E-19
 -5.4840E-18
  7.8063E-18
 -1.7532E-03
  1.0380E-17
  1.7532E-03
 -2.2331E-03
 -3.4495E-17
  2.2331E-03
 -6.9389E-18
 -2.8795E-19
  7.8063E-18
  2.2331E-03
  3.3919E-17
 -2.2331E-03
  2.3331E-03
 -8.9936E-17
 -2.3331E-03
  2.3636E-17
 -7.5259E-18
  2.8189E-18
 -2.3331E-03
  7.4884E-17
  2.3331E-03
 -1.7008E-03
  2.1456E-16
  1.7008E-03
 -2.0383E-17
  1.1656E-17
 -1.3878E-17
  1.7008E-03
 -1.9125E-16
 -1.7008E-03
 -5.5165E-05
 -2.5302E-16
  5.5165E-05
  1.3878E-17
 -7.3657E-18
  1.9949E-17
  5.5165E-05
  2.3829E-16
 -5.5165E-05
  3.2652E-03
  1.4924E-16
 -3.2652E-03
 -1.8215E-17
  2.6593E-17
 -1.9949E-17
 -3.2652E-03
 -9.6053E-17
  3.2652E-03
 -8.0361E-03
  3.7600E-17
  8.0361E-03
  1.2143E-17
 -1.6101E-17
 -2.6021E-18
  8.0361E-03
 -6.9803E-17
 -8.0361E-03
  1.4028E-02
 -2.0614E-16
 -1.4028E-02
  3.4694E-18
 -4.6006E-18
  1.9949E-17
 -1.4028E-02
  1.9693E-16
  1.4028E-02
 -2.0201E-02
  7.7777E-17
  2.0201E-02
  5.2042E-18
 -6.6104E-18
 -1.2143E-17
  2.0201E-02
 -9.0997E-17
 -2.0201E-02
  2.4584E-02
  1.8249E-17
 -2.4584E-02
 -2.2551E-17
  1.1211E-17
 -2.0817E-17
 -2.4584E-02
  4.1730E-18
  2.4584E-02
 -2.4180E-02
 -1.6457E-16
  2.4180E-02
  2.6021E-17
 -1.0405E-17
 -5.2042E-18
  2.4180E-02
  1.4376E-16
 -2.4180E-02
  1.5136E-02
  1.1665E-16
 -1.5136E-02
  8.6736E-18
 -6.4548E-18
  1.6480E-17
 -1.5136E-02
 -1.2956E-16
  1.5136E-02
  6.6550E-03
 -8.6922E-17
 -6.6550E-03
 -1.9082E-17
  4.9725E-18
 -1.5613E-17
 -6.6550E-03
  9.6866E-17
  6.6550E-03
 -4.4361E-02
 -4.1660E-17
  4.4361E-02
 -2.4286E-17
 -1.3439E-17
  3.1225E-17
  4.4361E-02
  1.4781E-17
 -4.4361E-02
  9.8376E-02
  7.0855E-16
 -9.8376E-02
  1.1796E-16
 -6.0363E-18
 -8.3267E-17
 -9.8376E-02
 -7.2062E-16
  9.8376E-02
   0.0000E+00
  0.0000E+00
  0.0000E+00
  0.0000E+00
  0.0000E+00
  0.0000E+00
  0.0000E+00
  0.0000E+00
  0.0000E+00
  0.0000E+00
  0.0000E+00
  0.0000E+00
  0.0000E+00
  0.0000E+00
  0.0000E+00
  0.0000E+00
  0.0000E+00
  0.0000E+00
  0.0000E+00
  0.0000E+00
  0.0000E+00
  0.0000E+00
  0.0000E+00
  0.0000E+00
  0.0000E+00
  0.0000E+00
  0.0000E+00
  0.0000E+00
  0.0000E+00
  0.0000E+00
  0.0000E+00
  0.0000E+00
  0.0000E+00
  0.0000E+00
  0.0000E+00
  0.0000E+00
  0.0000E+00
  0.0000E+00
  0.0000E+00
  0.0000E+00
  0.0000E+00
  0.0000E+00
  0.0000E+00
  0.0000E+00
  0.0000E+00
  0.0000E+00
  0.0000E+00
  0.0000E+00
  0.0000E+00
  0.0000E+00
  0.0000E+00
  0.0000E+00
  0.0000E+00
  0.0000E+00
  0.0000E+00
  0.0000E+00
  0.0000E+00
  0.0000E+00
  0.0000E+00
  0.0000E+00
  0.0000E+00
  0.0000E+00
  0.0000E+00
  0.0000E+00
  0.0000E+00
  0.0000E+00
  0.0000E+00
  0.0000E+00
  0.0000E+00
  0.0000E+00
  0.0000E+00
  0.0000E+00
  0.0000E+00
  0.0000E+00
  0.0000E+00
  0.0000E+00
  0.0000E+00
  0.0000E+00
  0.0000E+00
  0.0000E+00
  0.0000E+00
  0.0000E+00
  0.0000E+00
  0.0000E+00
  0.0000E+00
  0.0000E+00
  0.0000E+00
  0.0000E+00
  0.0000E+00
  0.0000E+00
  0.0000E+00
  0.0000E+00
  0.0000E+00
  0.0000E+00
  0.0000E+00
  0.0000E+00
  0.0000E+00
  0.0000E+00
  0.0000E+00
  0.0000E+00
  0.0000E+00
  0.0000E+00
  0.0000E+00
  0.0000E+00
  0.0000E+00
  0.0000E+00
  0.0000E+00
  0.0000E+00
  0.0000E+00
  0.0000E+00
  0.0000E+00
  0.0000E+00
  0.0000E+00
  0.0000E+00
  0.0000E+00
  0.0000E+00
  0.0000E+00
  0.0000E+00
  0.0000E+00
  0.0000E+00
  0.0000E+00
  0.0000E+00
  0.0000E+00
  0.0000E+00
  0.0000E+00
  0.0000E+00
  0.0000E+00
  0.0000E+00
  0.0000E+00
  0.0000E+00
  0.0000E+00
  0.0000E+00
  0.0000E+00
  0.0000E+00
  0.0000E+00
  0.0000E+00
  0.0000E+00
  0.0000E+00
  0.0000E+00
  0.0000E+00
  0.0000E+00
  0.0000E+00
  0.0000E+00
  0.0000E+00
  0.0000E+00
  0.0000E+00
  0.0000E+00
  0.0000E+00
  0.0000E+00
  0.0000E+00
  0.0000E+00
  0.0000E+00
  0.0000E+00
  0.0000E+00
  0.0000E+00
  0.0000E+00
  0.0000E+00
  0.0000E+00
  0.0000E+00
  0.0000E+00
  0.0000E+00
  0.0000E+00
  0.0000E+00
  0.0000E+00
  0.0000E+00
  0.0000E+00
  0.0000E+00
  0.0000E+00
  0.0000E+00
  0.0000E+00
  0.0000E+00
  0.0000E+00
  0.0000E+00
  0.0000E+00
  0.0000E+00
  0.0000E+00
  0.0000E+00
  0.0000E+00
  0.0000E+00
  0.0000E+00
  0.0000E+00
  0.0000E+00
  0.0000E+00
  0.0000E+00
  0.0000E+00
  0.0000E+00
  0.0000E+00
  0.0000E+00
  0.0000E+00
  0.0000E+00
   0.0000E+00
  0.0000E+00
  0.0000E+00
  0.0000E+00
  0.0000E+00
  0.0000E+00
  0.0000E+00
  0.0000E+00
  0.0000E+00
  0.0000E+00
  0.0000E+00
  0.0000E+00
  0.0000E+00
  0.0000E+00
  0.0000E+00
  0.0000E+00
  0.0000E+00
  0.0000E+00
  0.0000E+00
  0.0000E+00
  0.0000E+00
  0.0000E+00
  0.0000E+00
  0.0000E+00
  0.0000E+00
  0.0000E+00
  0.0000E+00
  0.0000E+00
  0.0000E+00
  0.0000E+00
  0.0000E+00
  0.0000E+00
  0.0000E+00
  0.0000E+00
  0.0000E+00
  0.0000E+00
  0.0000E+00
  0.0000E+00
  0.0000E+00
  0.0000E+00
  0.0000E+00
  0.0000E+00
  0.0000E+00
  0.0000E+00
  0.0000E+00
  0.0000E+00
  0.0000E+00
  0.0000E+00
  0.0000E+00
  0.0000E+00
  0.0000E+00
  0.0000E+00
  0.0000E+00
  0.0000E+00
  0.0000E+00
  0.0000E+00
  0.0000E+00
  0.0000E+00
  0.0000E+00
  0.0000E+00
  0.0000E+00
  0.0000E+00
  0.0000E+00
  0.0000E+00
  0.0000E+00
  0.0000E+00
  0.0000E+00
  0.0000E+00
  0.0000E+00
  0.0000E+00
  0.0000E+00
  0.0000E+00
  0.0000E+00
  0.0000E+00
  0.0000E+00
  0.0000E+00
  0.0000E+00
  0.0000E+00
  0.0000E+00
  0.0000E+00
  0.0000E+00
  0.0000E+00
  0.0000E+00
  0.0000E+00
  0.0000E+00
  0.0000E+00
  0.0000E+00
  0.0000E+00
  0.0000E+00
  0.0000E+00
  0.0000E+00
  0.0000E+00
  0.0000E+00
  0.0000E+00
  0.0000E+00
  0.0000E+00
  0.0000E+00
  0.0000E+00
  0.0000E+00
  0.0000E+00
  0.0000E+00
  0.0000E+00
  0.0000E+00
  0.0000E+00
  0.0000E+00
  0.0000E+00
  0.0000E+00
  0.0000E+00
  0.0000E+00
  0.0000E+00
  0.0000E+00
  0.0000E+00
  0.0000E+00
  0.0000E+00
  0.0000E+00
  0.0000E+00
  0.0000E+00
  0.0000E+00
  0.0000E+00
  0.0000E+00
  0.0000E+00
  0.0000E+00
  0.0000E+00
  0.0000E+00
  0.0000E+00
  0.0000E+00
  0.0000E+00
  0.0000E+00
  0.0000E+00
  0.0000E+00
  0.0000E+00
  0.0000E+00
  0.0000E+00
  0.0000E+00
  0.0000E+00
  0.0000E+00
  0.0000E+00
  0.0000E+00
  0.0000E+00
  0.0000E+00
  0.0000E+00
  0.0000E+00
  0.0000E+00
  0.0000E+00
  0.0000E+00
  0.0000E+00
  0.0000E+00
  0.0000E+00
  0.0000E+00
  0.0000E+00
  0.0000E+00
  0.0000E+00
  0.0000E+00
  0.0000E+00
  0.0000E+00
  0.0000E+00
  0.0000E+00
  0.0000E+00
  0.0000E+00
  0.0000E+00
  0.0000E+00
  0.0000E+00
  0.0000E+00
  0.0000E+00
  0.0000E+00
  0.0000E+00
  0.0000E+00
  0.0000E+00
  0.0000E+00
  0.0000E+00
  0.0000E+00
  0.0000E+00
  0.0000E+00
  0.0000E+00
  0.0000E+00
  0.0000E+00
  0.0000E+00
  0.0000E+00
  0.0000E+00
  0.0000E+00
  0.0000E+00
  0.0000E+00
  0.0000E+00
  0.0000E+00
  0.0000E+00
  0.0000E+00
  0.0000E+00
  0.0000E+00
  0.0000E+00
  0.0000E+00
   0.0000E+00
  0.0000E+00
  0.0000E+00
  0.0000E+00
  0.0000E+00
  0.0000E+00
  0.0000E+00
  0.0000E+00
  0.0000E+00
  0.0000E+00
  0.0000E+00
  0.0000E+00
  0.0000E+00
  0.0000E+00
  0.0000E+00
  0.0000E+00
  0.0000E+00
  0.0000E+00
  0.0000E+00
  0.0000E+00
  0.0000E+00
  0.0000E+00
  0.0000E+00
  0.0000E+00
  0.0000E+00
  0.0000E+00
  0.0000E+00
  0.0000E+00
  0.0000E+00
  0.0000E+00
  0.0000E+00
  0.0000E+00
  0.0000E+00
  0.0000E+00
  0.0000E+00
  0.0000E+00
  0.0000E+00
  0.0000E+00
  0.0000E+00
  0.0000E+00
  0.0000E+00
  0.0000E+00
  0.0000E+00
  0.0000E+00
  0.0000E+00
  0.0000E+00
  0.0000E+00
  0.0000E+00
  0.0000E+00
  0.0000E+00
  0.0000E+00
  0.0000E+00
  0.0000E+00
  0.0000E+00
  0.0000E+00
  0.0000E+00
  0.0000E+00
  0.0000E+00
  0.0000E+00
  0.0000E+00
  0.0000E+00
  0.0000E+00
  0.0000E+00
  0.0000E+00
  0.0000E+00
  0.0000E+00
  0.0000E+00
  0.0000E+00
  0.0000E+00
  0.0000E+00
  0.0000E+00
  0.0000E+00
  0.0000E+00
  0.0000E+00
  0.0000E+00
  0.0000E+00
  0.0000E+00
  0.0000E+00
  0.0000E+00
  0.0000E+00
  0.0000E+00
  0.0000E+00
  0.0000E+00
  0.0000E+00
  0.0000E+00
  0.0000E+00
  0.0000E+00
  0.0000E+00
  0.0000E+00
  0.0000E+00
  0.0000E+00
  0.0000E+00
  0.0000E+00
  0.0000E+00
  0.0000E+00
  0.0000E+00
  0.0000E+00
  0.0000E+00
  0.0000E+00
  0.0000E+00
  0.0000E+00
  0.0000E+00
  0.0000E+00
  0.0000E+00
  0.0000E+00
  0.0000E+00
  0.0000E+00
  0.0000E+00
  0.0000E+00
  0.0000E+00
  0.0000E+00
  0.0000E+00
  0.0000E+00
  0.0000E+00
  0.0000E+00
  0.0000E+00
  0.0000E+00
  0.0000E+00
  0.0000E+00
  0.0000E+00
  0.0000E+00
  0.0000E+00
  0.0000E+00
  0.0000E+00
  0.0000E+00
  0.0000E+00
  0.0000E+00
  0.0000E+00
  0.0000E+00
  0.0000E+00
  0.0000E+00
  0.0000E+00
  0.0000E+00
  0.0000E+00
  0.0000E+00
  0.0000E+00
  0.0000E+00
  0.0000E+00
  0.0000E+00
  0.0000E+00
  0.0000E+00
  0.0000E+00
  0.0000E+00
  0.0000E+00
  0.0000E+00
  0.0000E+00
  0.0000E+00
  0.0000E+00
  0.0000E+00
  0.0000E+00
  0.0000E+00
  0.0000E+00
  0.0000E+00
  0.0000E+00
  0.0000E+00
  0.0000E+00
  0.0000E+00
  0.0000E+00
  0.0000E+00
  0.0000E+00
  0.0000E+00
  0.0000E+00
  0.0000E+00
  0.0000E+00
  0.0000E+00
  0.0000E+00
  0.0000E+00
  0.0000E+00
  0.0000E+00
  0.0000E+00
  0.0000E+00
  0.0000E+00
  0.0000E+00
  0.0000E+00
  0.0000E+00
  0.0000E+00
  0.0000E+00
  0.0000E+00
  0.0000E+00
  0.0000E+00
  0.0000E+00
  0.0000E+00
  0.0000E+00
  0.0000E+00
  0.0000E+00
  0.0000E+00
  0.0000E+00
  0.0000E+00
  0.0000E+00
  0.0000E+00
   0.0000E+00
  0.0000E+00
  0.0000E+00
  0.0000E+00
  0.0000E+00
  0.0000E+00
  0.0000E+00
  0.0000E+00
  0.0000E+00
  0.0000E+00
  0.0000E+00
  0.0000E+00
  0.0000E+00
  0.0000E+00
  0.0000E+00
  0.0000E+00
  0.0000E+00
  0.0000E+00
  0.0000E+00
  0.0000E+00
  0.0000E+00
  0.0000E+00
  0.0000E+00
  0.0000E+00
  0.0000E+00
  0.0000E+00
  0.0000E+00
  0.0000E+00
  0.0000E+00
  0.0000E+00
  0.0000E+00
  0.0000E+00
  0.0000E+00
  0.0000E+00
  0.0000E+00
  0.0000E+00
  0.0000E+00
  0.0000E+00
  0.0000E+00
  0.0000E+00
  0.0000E+00
  0.0000E+00
  0.0000E+00
  0.0000E+00
  0.0000E+00
  0.0000E+00
  0.0000E+00
  0.0000E+00
  0.0000E+00
  0.0000E+00
  0.0000E+00
  0.0000E+00
  0.0000E+00
  0.0000E+00
  0.0000E+00
  0.0000E+00
  0.0000E+00
  0.0000E+00
  0.0000E+00
  0.0000E+00
  0.0000E+00
  0.0000E+00
  0.0000E+00
  0.0000E+00
  0.0000E+00
  0.0000E+00
  0.0000E+00
  0.0000E+00
  0.0000E+00
  0.0000E+00
  0.0000E+00
  0.0000E+00
  0.0000E+00
  0.0000E+00
  0.0000E+00
  0.0000E+00
  0.0000E+00
  0.0000E+00
  0.0000E+00
  0.0000E+00
  0.0000E+00
  0.0000E+00
  0.0000E+00
  0.0000E+00
  0.0000E+00
  0.0000E+00
  0.0000E+00
  0.0000E+00
  0.0000E+00
  0.0000E+00
  0.0000E+00
  0.0000E+00
  0.0000E+00
  0.0000E+00
  0.0000E+00
  0.0000E+00
  0.0000E+00
  0.0000E+00
  0.0000E+00
  0.0000E+00
  0.0000E+00
  0.0000E+00
  0.0000E+00
  0.0000E+00
  0.0000E+00
  0.0000E+00
  0.0000E+00
  0.0000E+00
  0.0000E+00
  0.0000E+00
  0.0000E+00
  0.0000E+00
  0.0000E+00
  0.0000E+00
  0.0000E+00
  0.0000E+00
  0.0000E+00
  0.0000E+00
  0.0000E+00
  0.0000E+00
  0.0000E+00
  0.0000E+00
  0.0000E+00
  0.0000E+00
  0.0000E+00
  0.0000E+00
  0.0000E+00
  0.0000E+00
  0.0000E+00
  0.0000E+00
  0.0000E+00
  0.0000E+00
  0.0000E+00
  0.0000E+00
  0.0000E+00
  0.0000E+00
  0.0000E+00
  0.0000E+00
  0.0000E+00
  0.0000E+00
  0.0000E+00
  0.0000E+00
  0.0000E+00
  0.0000E+00
  0.0000E+00
  0.0000E+00
  0.0000E+00
  0.0000E+00
  0.0000E+00
  0.0000E+00
  0.0000E+00
  0.0000E+00
  0.0000E+00
  0.0000E+00
  0.0000E+00
  0.0000E+00
  0.0000E+00
  0.0000E+00
  0.0000E+00
  0.0000E+00
  0.0000E+00
  0.0000E+00
  0.0000E+00
  0.0000E+00
  0.0000E+00
  0.0000E+00
  0.0000E+00
  0.0000E+00
  0.0000E+00
  0.0000E+00
  0.0000E+00
  0.0000E+00
  0.0000E+00
  0.0000E+00
  0.0000E+00
  0.0000E+00
  0.0000E+00
  0.0000E+00
  0.0000E+00
  0.0000E+00
  0.0000E+00
  0.0000E+00
  0.0000E+00
  0.0000E+00
  0.0000E+00
  0.0000E+00
  0.0000E+00
  0.0000E+00
  0.0000E+00
  0.0000E+00
   0.0000E+00
  0.0000E+00
  0.0000E+00
  0.0000E+00
  0.0000E+00
  0.0000E+00
  0.0000E+00
  0.0000E+00
  0.0000E+00
  0.0000E+00
  0.0000E+00
  0.0000E+00
  0.0000E+00
  0.0000E+00
  0.0000E+00
  0.0000E+00
  0.0000E+00
  0.0000E+00
  0.0000E+00
  0.0000E+00
  0.0000E+00
  0.0000E+00
  0.0000E+00
  0.0000E+00
  0.0000E+00
  0.0000E+00
  0.0000E+00
  0.0000E+00
  0.0000E+00
  0.0000E+00
  0.0000E+00
  0.0000E+00
  0.0000E+00
  0.0000E+00
  0.0000E+00
  0.0000E+00
  0.0000E+00
  0.0000E+00
  0.0000E+00
  0.0000E+00
  0.0000E+00
  0.0000E+00
  0.0000E+00
  0.0000E+00
  0.0000E+00
  0.0000E+00
  0.0000E+00
  0.0000E+00
  0.0000E+00
  0.0000E+00
  0.0000E+00
  0.0000E+00
  0.0000E+00
  0.0000E+00
  0.0000E+00
  0.0000E+00
  0.0000E+00
  0.0000E+00
  0.0000E+00
  0.0000E+00
  0.0000E+00
  0.0000E+00
  0.0000E+00
  0.0000E+00
  0.0000E+00
  0.0000E+00
  0.0000E+00
  0.0000E+00
  0.0000E+00
  0.0000E+00
  0.0000E+00
  0.0000E+00
  0.0000E+00
  0.0000E+00
  0.0000E+00
  0.0000E+00
  0.0000E+00
  0.0000E+00
  0.0000E+00
  0.0000E+00
  0.0000E+00
  0.0000E+00
  0.0000E+00
  0.0000E+00
  0.0000E+00
  0.0000E+00
  0.0000E+00
  0.0000E+00
  0.0000E+00
  0.0000E+00
  0.0000E+00
  0.0000E+00
  0.0000E+00
  0.0000E+00
  0.0000E+00
  0.0000E+00
  0.0000E+00
  0.0000E+00
  0.0000E+00
  0.0000E+00
  0.0000E+00
  0.0000E+00
  0.0000E+00
  0.0000E+00
  0.0000E+00
  0.0000E+00
  0.0000E+00
  0.0000E+00
  0.0000E+00
  0.0000E+00
  0.0000E+00
  0.0000E+00
  0.0000E+00
  0.0000E+00
  0.0000E+00
  0.0000E+00
  0.0000E+00
  0.0000E+00
  0.0000E+00
  0.0000E+00
  0.0000E+00
  0.0000E+00
  0.0000E+00
  0.0000E+00
  0.0000E+00
  0.0000E+00
  0.0000E+00
  0.0000E+00
  0.0000E+00
  0.0000E+00
  0.0000E+00
  0.0000E+00
  0.0000E+00
  0.0000E+00
  0.0000E+00
  0.0000E+00
  0.0000E+00
  0.0000E+00
  0.0000E+00
  0.0000E+00
  0.0000E+00
  0.0000E+00
  0.0000E+00
  0.0000E+00
  0.0000E+00
  0.0000E+00
  0.0000E+00
  0.0000E+00
  0.0000E+00
  0.0000E+00
  0.0000E+00
  0.0000E+00
  0.0000E+00
  0.0000E+00
  0.0000E+00
  0.0000E+00
  0.0000E+00
  0.0000E+00
  0.0000E+00
  0.0000E+00
  0.0000E+00
  0.0000E+00
  0.0000E+00
  0.0000E+00
  0.0000E+00
  0.0000E+00
  0.0000E+00
  0.0000E+00
  0.0000E+00
  0.0000E+00
  0.0000E+00
  0.0000E+00
  0.0000E+00
  0.0000E+00
  0.0000E+00
  0.0000E+00
  0.0000E+00
  0.0000E+00
  0.0000E+00
  0.0000E+00
  0.0000E+00
  0.0000E+00
  0.0000E+00
  0.0000E+00
  0.0000E+00
  0.0000E+00
  0.0000E+00
  0.0000E+00
  0.0000E+00
  0.0000E+00
   0.0000E+00
  0.0000E+00
  0.0000E+00
  0.0000E+00
  0.0000E+00
  0.0000E+00
  0.0000E+00
  0.0000E+00
  0.0000E+00
  0.0000E+00
  0.0000E+00
  0.0000E+00
  0.0000E+00
  0.0000E+00
  0.0000E+00
  0.0000E+00
  0.0000E+00
  0.0000E+00
  0.0000E+00
  0.0000E+00
  0.0000E+00
  0.0000E+00
  0.0000E+00
  0.0000E+00
  0.0000E+00
  0.0000E+00
  0.0000E+00
  0.0000E+00
  0.0000E+00
  0.0000E+00
  0.0000E+00
  0.0000E+00
  0.0000E+00
  0.0000E+00
  0.0000E+00
  0.0000E+00
  0.0000E+00
  0.0000E+00
  0.0000E+00
  0.0000E+00
  0.0000E+00
  0.0000E+00
  0.0000E+00
  0.0000E+00
  0.0000E+00
  0.0000E+00
  0.0000E+00
  0.0000E+00
  0.0000E+00
  0.0000E+00
  0.0000E+00
  0.0000E+00
  0.0000E+00
  0.0000E+00
  0.0000E+00
  0.0000E+00
  0.0000E+00
  0.0000E+00
  0.0000E+00
  0.0000E+00
  0.0000E+00
  0.0000E+00
  0.0000E+00
  0.0000E+00
  0.0000E+00
  0.0000E+00
  0.0000E+00
  0.0000E+00
  0.0000E+00
  0.0000E+00
  0.0000E+00
  0.0000E+00
  0.0000E+00
  0.0000E+00
  0.0000E+00
  0.0000E+00
  0.0000E+00
  0.0000E+00
  0.0000E+00
  0.0000E+00
  0.0000E+00
  0.0000E+00
  0.0000E+00
  0.0000E+00
  0.0000E+00
  0.0000E+00
  0.0000E+00
  0.0000E+00
  0.0000E+00
  0.0000E+00
  0.0000E+00
  0.0000E+00
  0.0000E+00
  0.0000E+00
  0.0000E+00
  0.0000E+00
  0.0000E+00
  0.0000E+00
  0.0000E+00
  0.0000E+00
  0.0000E+00
  0.0000E+00
  0.0000E+00
  0.0000E+00
  0.0000E+00
  0.0000E+00
  0.0000E+00
  0.0000E+00
  0.0000E+00
  0.0000E+00
  0.0000E+00
  0.0000E+00
  0.0000E+00
  0.0000E+00
  0.0000E+00
  0.0000E+00
  0.0000E+00
  0.0000E+00
  0.0000E+00
  0.0000E+00
  0.0000E+00
  0.0000E+00
  0.0000E+00
  0.0000E+00
  0.0000E+00
  0.0000E+00
  0.0000E+00
  0.0000E+00
  0.0000E+00
  0.0000E+00
  0.0000E+00
  0.0000E+00
  0.0000E+00
  0.0000E+00
  0.0000E+00
  0.0000E+00
  0.0000E+00
  0.0000E+00
  0.0000E+00
  0.0000E+00
  0.0000E+00
  0.0000E+00
  0.0000E+00
  0.0000E+00
  0.0000E+00
  0.0000E+00
  0.0000E+00
  0.0000E+00
  0.0000E+00
  0.0000E+00
  0.0000E+00
  0.0000E+00
  0.0000E+00
  0.0000E+00
  0.0000E+00
  0.0000E+00
  0.0000E+00
  0.0000E+00
  0.0000E+00
  0.0000E+00
  0.0000E+00
  0.0000E+00
  0.0000E+00
  0.0000E+00
  0.0000E+00
  0.0000E+00
  0.0000E+00
  0.0000E+00
  0.0000E+00
  0.0000E+00
  0.0000E+00
  0.0000E+00
  0.0000E+00
  0.0000E+00
  0.0000E+00
  0.0000E+00
  0.0000E+00
  0.0000E+00
  0.0000E+00
  0.0000E+00
  0.0000E+00
  0.0000E+00
  0.0000E+00
  0.0000E+00
  0.0000E+00
  0.0000E+00
  0.0000E+00
  0.0000E+00
  0.0000E+00
  0.0000E+00
