Scalar STRAINXX under Modal for nodeset
189
   8.8043E-04
  0.0000E+00
  0.0000E+00
  0.0000E+00
  0.0000E+00
  0.0000E+00
  0.0000E+00
  0.0000E+00
  0.0000E+00
  0.0000E+00
  1.7105E-05
  2.1173E-05
  2.5340E-05
 -4.1175E-06
 -9.8235E-17
  4.1175E-06
 -2.5340E-05
 -2.1173E-05
 -1.7105E-05
  1.1057E-05
  1.5501E-05
  1.8587E-05
 -3.7650E-06
 -1.5870E-16
  3.7650E-06
 -1.8587E-05
 -1.5501E-05
 -1.1057E-05
  1.1436E-05
  1.4721E-05
  1.8303E-05
 -3.4337E-06
  4.9277E-17
  3.4337E-06
 -1.8303E-05
 -1.4721E-05
 -1.1436E-05
  1.0233E-05
  1.3394E-05
  1.6514E-05
 -3.1406E-06
 -9.4922E-17
  3.1406E-06
 -1.6514E-05
 -1.3394E-05
 -1.0233E-05
  9.3156E-06
  1.2159E-05
  1.5013E-05
 -2.8487E-06
  3.8923E-17
  2.8487E-06
 -1.5013E-05
 -1.2159E-05
 -9.3156E-06
  8.3654E-06
  1.0924E-05
  1.3486E-05
 -2.5601E-06
  1.9277E-16
  2.5601E-06
 -1.3486E-05
 -1.0924E-05
 -8.3654E-06
  7.4400E-06
  9.7133E-06
  1.1993E-05
 -2.2766E-06
  1.3010E-18
  2.2766E-06
 -1.1993E-05
 -9.7133E-06
 -7.4400E-06
  6.5354E-06
  8.5315E-06
  1.0535E-05
 -2.0000E-06
 -7.9364E-17
  2.0000E-06
 -1.0535E-05
 -8.5315E-06
 -6.5354E-06
  5.6596E-06
  7.3868E-06
  9.1238E-06
 -1.7321E-06
 -4.8572E-17
  1.7321E-06
 -9.1238E-06
 -7.3868E-06
 -5.6596E-06
  4.8187E-06
  6.2878E-06
  7.7686E-06
 -1.4750E-06
 -1.3834E-16
  1.4750E-06
 -7.7686E-06
 -6.2878E-06
 -4.8187E-06
  4.0199E-06
  5.2437E-06
  6.4812E-06
 -1.2307E-06
 -1.2056E-16
  1.2307E-06
 -6.4812E-06
 -5.2437E-06
 -4.0199E-06
  3.2705E-06
  4.2641E-06
  5.2735E-06
 -1.0015E-06
  9.5843E-17
  1.0015E-06
 -5.2735E-06
 -4.2641E-06
 -3.2705E-06
  2.5782E-06
  3.3590E-06
  4.1578E-06
 -7.8981E-07
  1.0538E-16
  7.8981E-07
 -4.1578E-06
 -3.3590E-06
 -2.5782E-06
  1.9510E-06
  2.5389E-06
  3.1471E-06
 -5.9804E-07
 -9.8879E-17
  5.9804E-07
 -3.1471E-06
 -2.5389E-06
 -1.9510E-06
  1.3970E-06
  1.8144E-06
  2.2543E-06
 -4.2867E-07
  5.2042E-17
  4.2867E-07
 -2.2543E-06
 -1.8144E-06
 -1.3970E-06
  9.2450E-07
  1.1963E-06
  1.4930E-06
 -2.8423E-07
 -1.5699E-16
  2.8423E-07
 -1.4930E-06
 -1.1963E-06
 -9.2450E-07
  5.4192E-07
  6.9562E-07
  8.7650E-07
 -1.6729E-07
 -2.6368E-16
  1.6729E-07
 -8.7650E-07
 -6.9562E-07
 -5.4192E-07
  2.5800E-07
  3.2319E-07
  4.1889E-07
 -8.0443E-08
  8.5869E-17
  8.0443E-08
 -4.1889E-07
 -3.2319E-07
 -2.5800E-07
  7.5999E-08
  9.2023E-08
  1.2974E-07
 -2.6869E-08
 -1.3791E-16
  2.6869E-08
 -1.2974E-07
 -9.2023E-08
 -7.5999E-08
  1.5900E-08
  1.7068E-08
  2.9041E-08
 -6.5703E-09
  1.0755E-16
  6.5703E-09
 -2.9041E-08
 -1.7068E-08
 -1.5900E-08
   8.8043E-04
  0.0000E+00
  0.0000E+00
  0.0000E+00
  0.0000E+00
  0.0000E+00
  0.0000E+00
  0.0000E+00
  0.0000E+00
  0.0000E+00
  3.9459E-05
  2.3497E-06
 -3.4748E-05
  3.7104E-05
 -1.6507E-16
 -3.7104E-05
  3.4748E-05
 -2.3497E-06
 -3.9459E-05
  3.5572E-05
  1.7202E-06
 -3.2282E-05
  3.3927E-05
 -2.5423E-16
 -3.3927E-05
  3.2282E-05
 -1.7202E-06
 -3.5572E-05
  3.2591E-05
  1.6337E-06
 -2.9291E-05
  3.0941E-05
  5.2001E-17
 -3.0941E-05
  2.9291E-05
 -1.6337E-06
 -3.2591E-05
  2.9785E-05
  1.4864E-06
 -2.6816E-05
  2.8301E-05
  2.0899E-16
 -2.8301E-05
  2.6816E-05
 -1.4864E-06
 -2.9785E-05
  2.7020E-05
  1.3493E-06
 -2.4321E-05
  2.5670E-05
  4.6335E-16
 -2.5670E-05
  2.4321E-05
 -1.3493E-06
 -2.7020E-05
  2.4281E-05
  1.2123E-06
 -2.1857E-05
  2.3069E-05
  4.2166E-16
 -2.3069E-05
  2.1857E-05
 -1.2123E-06
 -2.4281E-05
  2.1593E-05
  1.0779E-06
 -1.9437E-05
  2.0515E-05
  2.5110E-16
 -2.0515E-05
  1.9437E-05
 -1.0779E-06
 -2.1593E-05
  1.8970E-05
  9.4678E-07
 -1.7075E-05
  1.8022E-05
 -3.0984E-16
 -1.8022E-05
  1.7075E-05
 -9.4678E-07
 -1.8970E-05
  1.6429E-05
  8.1975E-07
 -1.4788E-05
  1.5608E-05
 -2.5902E-16
 -1.5608E-05
  1.4788E-05
 -8.1975E-07
 -1.6429E-05
  1.3990E-05
  6.9779E-07
 -1.2593E-05
  1.3291E-05
 -6.7633E-16
 -1.3291E-05
  1.2593E-05
 -6.9779E-07
 -1.3990E-05
  1.1672E-05
  5.8191E-07
 -1.0507E-05
  1.1090E-05
 -1.4583E-16
 -1.1090E-05
  1.0507E-05
 -5.8191E-07
 -1.1672E-05
  9.4987E-06
  4.7320E-07
 -8.5506E-06
  9.0247E-06
 -1.3043E-16
 -9.0247E-06
  8.5506E-06
 -4.7320E-07
 -9.4987E-06
  7.4909E-06
  3.7276E-07
 -6.7434E-06
  7.1171E-06
 -4.4750E-16
 -7.1171E-06
  6.7434E-06
 -3.7276E-07
 -7.4909E-06
  5.6719E-06
  2.8176E-07
 -5.1061E-06
  5.3890E-06
 -2.9479E-16
 -5.3890E-06
  5.1061E-06
 -2.8176E-07
 -5.6719E-06
  4.0654E-06
  2.0135E-07
 -3.6602E-06
  3.8628E-06
 -4.8084E-16
 -3.8628E-06
  3.6602E-06
 -2.0135E-07
 -4.0654E-06
  2.6954E-06
  1.3276E-07
 -2.4271E-06
  2.5612E-06
 -6.1279E-16
 -2.5612E-06
  2.4271E-06
 -1.3276E-07
 -2.6954E-06
  1.5862E-06
  7.7195E-08
 -1.4288E-06
  1.5075E-06
 -3.6809E-16
 -1.5075E-06
  1.4288E-06
 -7.7195E-08
 -1.5862E-06
  7.6244E-07
  3.5865E-08
 -6.8732E-07
  7.2488E-07
  2.7604E-16
 -7.2488E-07
  6.8732E-07
 -3.5865E-08
 -7.6244E-07
  2.5353E-07
  1.0212E-08
 -2.3070E-07
  2.4212E-07
 -5.1369E-16
 -2.4212E-07
  2.3070E-07
 -1.0212E-08
 -2.5353E-07
  6.1700E-08
  1.8941E-09
 -5.6712E-08
  5.9206E-08
  1.1649E-15
 -5.9206E-08
  5.6712E-08
 -1.8941E-09
 -6.1700E-08
   5.3113E-03
  0.0000E+00
  0.0000E+00
  0.0000E+00
  0.0000E+00
  0.0000E+00
  0.0000E+00
  0.0000E+00
  0.0000E+00
  0.0000E+00
 -2.0862E-04
 -4.6052E-05
  1.1751E-04
 -1.6307E-04
 -5.0221E-15
  1.6307E-04
 -1.1751E-04
  4.6052E-05
  2.0862E-04
 -1.3219E-04
 -2.3404E-05
  8.8570E-05
 -1.1038E-04
  1.0113E-15
  1.1038E-04
 -8.8570E-05
  2.3404E-05
  1.3219E-04
 -7.4830E-05
 -1.3794E-05
  4.6403E-05
 -6.0616E-05
  5.5509E-15
  6.0616E-05
 -4.6403E-05
  1.3794E-05
  7.4830E-05
 -1.8137E-05
 -3.2226E-06
  1.1631E-05
 -1.4884E-05
  6.5105E-15
  1.4884E-05
 -1.1631E-05
  3.2226E-06
  1.8137E-05
  3.3642E-05
  6.3446E-06
 -2.1198E-05
  2.7420E-05
 -1.5068E-15
 -2.7420E-05
  2.1198E-05
 -6.3446E-06
 -3.3642E-05
  7.9688E-05
  1.4869E-05
 -5.0231E-05
  6.4959E-05
 -2.1008E-15
 -6.4959E-05
  5.0231E-05
 -1.4869E-05
 -7.9688E-05
  1.1837E-04
  2.2028E-05
 -7.4650E-05
  9.6511E-05
 -3.8118E-15
 -9.6511E-05
  7.4650E-05
 -2.2028E-05
 -1.1837E-04
  1.4850E-04
  2.7601E-05
 -9.3661E-05
  1.2108E-04
 -6.5672E-15
 -1.2108E-04
  9.3661E-05
 -2.7601E-05
 -1.4850E-04
  1.6918E-04
  3.1423E-05
 -1.0672E-04
  1.3795E-04
 -1.4927E-15
 -1.3795E-04
  1.0672E-04
 -3.1423E-05
 -1.6918E-04
  1.8000E-04
  3.3415E-05
 -1.1355E-04
  1.4678E-04
  2.8011E-15
 -1.4678E-04
  1.1355E-04
 -3.3415E-05
 -1.8000E-04
  1.8103E-04
  3.3589E-05
 -1.1421E-04
  1.4762E-04
 -7.6978E-16
 -1.4762E-04
  1.1421E-04
 -3.3589E-05
 -1.8103E-04
  1.7285E-04
  3.2053E-05
 -1.0905E-04
  1.4095E-04
  8.5001E-16
 -1.4095E-04
  1.0905E-04
 -3.2053E-05
 -1.7285E-04
  1.5661E-04
  2.9019E-05
 -9.8816E-05
  1.2771E-04
  1.8217E-15
 -1.2771E-04
  9.8816E-05
 -2.9019E-05
 -1.5661E-04
  1.3393E-04
  2.4788E-05
 -8.4522E-05
  1.0923E-04
 -5.9111E-16
 -1.0923E-04
  8.4522E-05
 -2.4788E-05
 -1.3393E-04
  1.0692E-04
  1.9748E-05
 -6.7494E-05
  8.7207E-05
  1.2750E-16
 -8.7207E-05
  6.7494E-05
 -1.9748E-05
 -1.0692E-04
  7.8055E-05
  1.4359E-05
 -4.9299E-05
  6.3677E-05
 -1.1165E-15
 -6.3677E-05
  4.9299E-05
 -1.4359E-05
 -7.8055E-05
  5.0121E-05
  9.1362E-06
 -3.1694E-05
  4.0907E-05
 -1.9202E-15
 -4.0907E-05
  3.1694E-05
 -9.1362E-06
 -5.0121E-05
  2.6130E-05
  4.6347E-06
 -1.6567E-05
  2.1349E-05
 -5.3386E-16
 -2.1349E-05
  1.6567E-05
 -4.6347E-06
 -2.6130E-05
  9.2967E-06
  1.4473E-06
 -6.1447E-06
  7.7207E-06
 -1.6389E-14
 -7.7207E-06
  6.1447E-06
 -1.4473E-06
 -9.2967E-06
  2.4983E-06
  3.0866E-07
 -1.7381E-06
  2.1182E-06
  4.7497E-15
 -2.1182E-06
  1.7381E-06
 -3.0866E-07
 -2.4983E-06
   5.3113E-03
  0.0000E+00
  0.0000E+00
  0.0000E+00
  0.0000E+00
  0.0000E+00
  0.0000E+00
  0.0000E+00
  0.0000E+00
  0.0000E+00
  1.7702E-05
  9.6536E-05
  1.7328E-04
 -7.7790E-05
  3.3801E-15
  7.7790E-05
 -1.7328E-04
 -9.6536E-05
 -1.7702E-05
 -6.9390E-06
  4.9059E-05
  9.8373E-05
 -5.2656E-05
  1.1286E-14
  5.2656E-05
 -9.8373E-05
 -4.9059E-05
  6.9390E-06
  8.7737E-07
  2.8916E-05
  5.8711E-05
 -2.8917E-05
  6.0993E-15
  2.8917E-05
 -5.8711E-05
 -2.8916E-05
 -8.7737E-07
 -2.8077E-07
  6.7553E-06
  1.3920E-05
 -7.1004E-06
  4.4856E-15
  7.1004E-06
 -1.3920E-05
 -6.7553E-06
  2.8077E-07
  3.8124E-08
 -1.3300E-05
 -2.6123E-05
  1.3081E-05
 -6.1869E-15
 -1.3081E-05
  2.6123E-05
  1.3300E-05
 -3.8124E-08
  1.1451E-07
 -3.1168E-05
 -6.1863E-05
  3.0989E-05
 -1.8544E-14
 -3.0989E-05
  6.1863E-05
  3.1168E-05
 -1.1451E-07
  2.1381E-07
 -4.6175E-05
 -9.1867E-05
  4.6040E-05
 -1.1258E-14
 -4.6040E-05
  9.1867E-05
  4.6175E-05
 -2.1381E-07
  2.8603E-07
 -5.7857E-05
 -1.1523E-04
  5.7760E-05
 -1.1813E-15
 -5.7760E-05
  1.1523E-04
  5.7857E-05
 -2.8603E-07
  3.3917E-07
 -6.5871E-05
 -1.3128E-04
  6.5810E-05
 -1.2351E-15
 -6.5810E-05
  1.3128E-04
  6.5871E-05
 -3.3917E-07
  3.7116E-07
 -7.0047E-05
 -1.3967E-04
  7.0020E-05
  4.9015E-15
 -7.0020E-05
  1.3967E-04
  7.0047E-05
 -3.7116E-07
  3.8295E-07
 -7.0410E-05
 -1.4046E-04
  7.0420E-05
  4.3021E-16
 -7.0420E-05
  1.4046E-04
  7.0410E-05
 -3.8295E-07
  3.7622E-07
 -6.7191E-05
 -1.3411E-04
  6.7241E-05
 -1.2140E-14
 -6.7241E-05
  1.3411E-04
  6.7191E-05
 -3.7622E-07
  3.5384E-07
 -6.0830E-05
 -1.2149E-04
  6.0924E-05
 -6.3547E-15
 -6.0924E-05
  1.2149E-04
  6.0830E-05
 -3.5384E-07
  3.1978E-07
 -5.1961E-05
 -1.0389E-04
  5.2106E-05
 -1.6866E-15
 -5.2106E-05
  1.0389E-04
  5.1961E-05
 -3.1978E-07
  2.7905E-07
 -4.1397E-05
 -8.2925E-05
  4.1602E-05
  5.3528E-15
 -4.1602E-05
  8.2925E-05
  4.1397E-05
 -2.7905E-07
  2.3747E-07
 -3.0101E-05
 -6.0517E-05
  3.0377E-05
  1.2220E-14
 -3.0377E-05
  6.0517E-05
  3.0101E-05
 -2.3747E-07
  2.0163E-07
 -1.9152E-05
 -3.8828E-05
  1.9515E-05
  1.8898E-15
 -1.9515E-05
  3.8828E-05
  1.9152E-05
 -2.0163E-07
  1.6116E-07
 -9.7155E-06
 -2.0208E-05
  1.0184E-05
 -1.2483E-14
 -1.0184E-05
  2.0208E-05
  9.7155E-06
 -1.6116E-07
  3.7942E-07
 -3.0338E-06
 -6.9868E-06
  3.6831E-06
 -2.1556E-14
 -3.6831E-06
  6.9868E-06
  3.0338E-06
 -3.7942E-07
  2.1372E-07
 -6.4701E-07
 -1.8073E-06
  1.0105E-06
 -2.3349E-15
 -1.0105E-06
  1.8073E-06
  6.4701E-07
 -2.1372E-07
   7.9251E-03
  0.0000E+00
  0.0000E+00
  0.0000E+00
  0.0000E+00
  0.0000E+00
  0.0000E+00
  0.0000E+00
  0.0000E+00
  0.0000E+00
 -1.9589E-14
 -3.7306E-14
 -6.4817E-15
 -6.3562E-15
  2.1958E-15
  2.1206E-14
  6.8767E-15
  4.1698E-14
  4.8894E-14
  7.4615E-15
  5.4274E-14
 -1.1415E-14
 -3.5809E-14
 -1.0240E-14
  3.2831E-14
 -7.9080E-14
 -7.4754E-14
  7.7077E-14
 -2.0401E-14
 -4.9382E-14
 -2.1795E-14
  5.1929E-15
 -1.2546E-14
 -7.8323E-15
  3.0787E-14
  2.4290E-14
  6.1309E-15
  5.3427E-14
 -4.7609E-15
 -1.8356E-14
  1.2550E-14
 -1.2540E-14
 -3.1221E-14
 -2.8326E-14
 -2.0319E-14
 -4.4087E-14
  2.2904E-14
  2.9662E-14
 -2.3933E-14
 -2.8224E-15
  2.8848E-15
  1.3054E-15
 -2.8548E-14
 -2.3892E-14
  2.6544E-14
 -3.2290E-14
 -3.2981E-14
 -9.6555E-15
  3.7461E-15
  9.7687E-15
 -7.6762E-16
  3.9782E-14
  5.2518E-14
  8.1202E-15
  4.3560E-14
  6.5392E-14
  2.0321E-14
  6.8669E-15
  1.9601E-14
  1.3618E-15
 -2.9826E-14
 -2.6190E-14
 -1.7597E-14
 -1.1067E-14
 -2.8224E-14
  4.8173E-15
 -1.5092E-15
  4.0501E-15
  1.5651E-14
  8.0482E-15
  3.6324E-14
  2.6484E-14
 -2.9747E-14
  2.3386E-14
  2.3054E-14
  1.1736E-14
  1.0310E-14
  4.9821E-15
  5.3220E-14
 -2.7660E-15
 -1.3090E-14
  1.4809E-14
  1.5962E-14
 -1.6794E-14
  1.4813E-14
  4.4166E-15
 -2.1450E-15
  1.4816E-14
 -7.1291E-15
  1.2504E-14
  1.7127E-14
 -2.0695E-14
 -3.9850E-14
 -1.3516E-14
  8.3622E-15
  9.6494E-15
 -4.4159E-14
  3.7420E-14
  5.9149E-14
 -2.3823E-14
  5.6740E-14
  5.7530E-14
  1.0989E-15
  1.4641E-14
 -7.8930E-15
  2.6021E-14
 -2.7459E-14
 -7.3316E-14
  1.0757E-14
 -2.5486E-14
 -2.4238E-14
  1.5868E-14
  5.4401E-15
 -1.6593E-14
  2.0980E-14
  3.6366E-14
 -8.9477E-15
  4.0733E-14
  1.3893E-14
 -8.9932E-14
 -2.2249E-14
  7.3812E-16
 -1.1128E-15
 -8.5230E-14
 -1.2417E-14
  8.7706E-14
 -6.0705E-14
  5.3239E-15
  7.5212E-14
 -2.3731E-14
 -4.3581E-15
  1.2806E-14
  1.3243E-14
 -1.4040E-14
 -4.9601E-14
  3.3923E-14
 -5.0624E-14
 -4.0887E-15
  1.0136E-14
 -4.5016E-15
 -5.0819E-15
 -1.3651E-14
  4.1621E-14
 -6.0750E-15
  1.1799E-13
  5.4481E-14
 -7.7051E-14
  2.6049E-14
  4.7163E-15
 -5.5077E-15
 -6.5895E-14
 -4.5048E-14
  6.6036E-14
 -1.3385E-13
 -2.3100E-14
  3.6379E-14
 -3.6676E-14
  1.8479E-14
  3.7781E-14
  6.0504E-14
  6.0057E-14
  3.9184E-14
  3.2672E-14
  4.1610E-14
  2.6907E-14
  7.7967E-15
  2.4913E-14
  1.8440E-14
 -1.7078E-14
  8.2157E-15
  9.9729E-15
  1.6376E-14
  2.0374E-14
  1.2817E-13
  1.3854E-14
  2.8606E-15
  2.9341E-14
  1.1331E-14
 -1.4653E-14
 -6.9490E-14
   1.2850E-02
  0.0000E+00
  0.0000E+00
  0.0000E+00
  0.0000E+00
  0.0000E+00
  0.0000E+00
  0.0000E+00
  0.0000E+00
  0.0000E+00
 -2.5253E-04
 -2.5143E-04
 -2.5253E-04
 -2.5253E-04
 -2.5143E-04
 -2.5253E-04
 -2.5253E-04
 -2.5143E-04
 -2.5253E-04
 -2.3786E-04
 -2.4330E-04
 -2.3786E-04
 -2.3786E-04
 -2.4330E-04
 -2.3786E-04
 -2.3786E-04
 -2.4330E-04
 -2.3786E-04
 -2.3432E-04
 -2.3367E-04
 -2.3432E-04
 -2.3432E-04
 -2.3367E-04
 -2.3432E-04
 -2.3432E-04
 -2.3367E-04
 -2.3432E-04
 -2.2884E-04
 -2.2897E-04
 -2.2884E-04
 -2.2884E-04
 -2.2897E-04
 -2.2884E-04
 -2.2884E-04
 -2.2897E-04
 -2.2884E-04
 -2.2246E-04
 -2.2256E-04
 -2.2246E-04
 -2.2246E-04
 -2.2256E-04
 -2.2246E-04
 -2.2246E-04
 -2.2256E-04
 -2.2246E-04
 -2.1463E-04
 -2.1473E-04
 -2.1463E-04
 -2.1463E-04
 -2.1473E-04
 -2.1463E-04
 -2.1463E-04
 -2.1473E-04
 -2.1463E-04
 -2.0547E-04
 -2.0556E-04
 -2.0547E-04
 -2.0547E-04
 -2.0556E-04
 -2.0547E-04
 -2.0547E-04
 -2.0556E-04
 -2.0547E-04
 -1.9502E-04
 -1.9511E-04
 -1.9502E-04
 -1.9502E-04
 -1.9511E-04
 -1.9502E-04
 -1.9502E-04
 -1.9511E-04
 -1.9502E-04
 -1.8336E-04
 -1.8344E-04
 -1.8336E-04
 -1.8336E-04
 -1.8344E-04
 -1.8336E-04
 -1.8336E-04
 -1.8344E-04
 -1.8336E-04
 -1.7055E-04
 -1.7063E-04
 -1.7055E-04
 -1.7055E-04
 -1.7063E-04
 -1.7055E-04
 -1.7055E-04
 -1.7063E-04
 -1.7055E-04
 -1.5668E-04
 -1.5675E-04
 -1.5668E-04
 -1.5668E-04
 -1.5675E-04
 -1.5668E-04
 -1.5668E-04
 -1.5675E-04
 -1.5668E-04
 -1.4184E-04
 -1.4190E-04
 -1.4184E-04
 -1.4184E-04
 -1.4190E-04
 -1.4184E-04
 -1.4184E-04
 -1.4190E-04
 -1.4184E-04
 -1.2611E-04
 -1.2616E-04
 -1.2611E-04
 -1.2611E-04
 -1.2616E-04
 -1.2611E-04
 -1.2611E-04
 -1.2616E-04
 -1.2611E-04
 -1.0959E-04
 -1.0964E-04
 -1.0959E-04
 -1.0959E-04
 -1.0964E-04
 -1.0959E-04
 -1.0959E-04
 -1.0964E-04
 -1.0959E-04
 -9.2388E-05
 -9.2429E-05
 -9.2388E-05
 -9.2388E-05
 -9.2429E-05
 -9.2388E-05
 -9.2388E-05
 -9.2429E-05
 -9.2388E-05
 -7.4613E-05
 -7.4646E-05
 -7.4613E-05
 -7.4613E-05
 -7.4646E-05
 -7.4613E-05
 -7.4613E-05
 -7.4646E-05
 -7.4613E-05
 -5.6361E-05
 -5.6408E-05
 -5.6361E-05
 -5.6361E-05
 -5.6408E-05
 -5.6361E-05
 -5.6361E-05
 -5.6408E-05
 -5.6361E-05
 -3.7744E-05
 -3.7642E-05
 -3.7744E-05
 -3.7744E-05
 -3.7642E-05
 -3.7744E-05
 -3.7744E-05
 -3.7642E-05
 -3.7744E-05
 -1.8503E-05
 -1.8261E-05
 -1.8503E-05
 -1.8503E-05
 -1.8261E-05
 -1.8503E-05
 -1.8503E-05
 -1.8261E-05
 -1.8503E-05
 -6.5388E-06
 -6.3296E-06
 -6.5388E-06
 -6.5388E-06
 -6.3296E-06
 -6.5388E-06
 -6.5388E-06
 -6.3296E-06
 -6.5388E-06
   1.4128E-02
  0.0000E+00
  0.0000E+00
  0.0000E+00
  0.0000E+00
  0.0000E+00
  0.0000E+00
  0.0000E+00
  0.0000E+00
  0.0000E+00
  2.7163E-04
 -7.5012E-05
 -4.1772E-04
  3.4467E-04
 -4.7157E-14
 -3.4467E-04
  4.1772E-04
  7.5012E-05
 -2.7163E-04
  1.1004E-04
 -1.7166E-05
 -1.3922E-04
  1.2463E-04
  6.8108E-14
 -1.2463E-04
  1.3922E-04
  1.7166E-05
 -1.1004E-04
 -5.6654E-05
  1.1663E-05
  7.7277E-05
 -6.6966E-05
  7.3916E-14
  6.6966E-05
 -7.7277E-05
 -1.1663E-05
  5.6654E-05
 -1.7957E-04
  3.7089E-05
  2.5214E-04
 -2.1586E-04
 -1.1334E-13
  2.1586E-04
 -2.5214E-04
 -3.7089E-05
  1.7957E-04
 -2.6079E-04
  5.3358E-05
  3.6537E-04
 -3.1308E-04
  1.0804E-13
  3.1308E-04
 -3.6537E-04
 -5.3358E-05
  2.6079E-04
 -2.9131E-04
  5.9481E-05
  4.0812E-04
 -3.4972E-04
  6.2911E-14
  3.4972E-04
 -4.0812E-04
 -5.9481E-05
  2.9131E-04
 -2.7005E-04
  5.5089E-05
  3.7829E-04
 -3.2417E-04
  1.9220E-14
  3.2417E-04
 -3.7829E-04
 -5.5089E-05
  2.7005E-04
 -2.0235E-04
  4.1283E-05
  2.8346E-04
 -2.4291E-04
 -2.9408E-14
  2.4291E-04
 -2.8346E-04
 -4.1283E-05
  2.0235E-04
 -9.9731E-05
  2.0395E-05
  1.3974E-04
 -1.1973E-04
 -1.5900E-14
  1.1973E-04
 -1.3974E-04
 -2.0395E-05
  9.9731E-05
  2.1701E-05
 -4.3016E-06
 -3.0324E-05
  2.6012E-05
 -1.5915E-13
 -2.6012E-05
  3.0324E-05
  4.3016E-06
 -2.1701E-05
  1.4354E-04
 -2.9067E-05
 -2.0095E-04
  1.7225E-04
 -8.1645E-14
 -1.7225E-04
  2.0095E-04
  2.9067E-05
 -1.4354E-04
  2.4782E-04
 -5.0245E-05
 -3.4696E-04
  2.9739E-04
 -7.0688E-14
 -2.9739E-04
  3.4696E-04
  5.0245E-05
 -2.4782E-04
  3.1967E-04
 -6.4813E-05
 -4.4757E-04
  3.8362E-04
 -1.2442E-13
 -3.8362E-04
  4.4757E-04
  6.4813E-05
 -3.1967E-04
  3.4972E-04
 -7.0859E-05
 -4.8961E-04
  4.1967E-04
  1.1648E-14
 -4.1967E-04
  4.8961E-04
  7.0859E-05
 -3.4972E-04
  3.3561E-04
 -6.7892E-05
 -4.6979E-04
  4.0270E-04
 -9.6870E-14
 -4.0270E-04
  4.6979E-04
  6.7892E-05
 -3.3561E-04
  2.8265E-04
 -5.6982E-05
 -3.9553E-04
  3.3909E-04
 -8.9018E-14
 -3.3909E-04
  3.9553E-04
  5.6982E-05
 -2.8265E-04
  2.0343E-04
 -4.0667E-05
 -2.8445E-04
  2.4394E-04
 -3.6393E-14
 -2.4394E-04
  2.8445E-04
  4.0667E-05
 -2.0343E-04
  1.1652E-04
 -2.2720E-05
 -1.6271E-04
  1.3962E-04
  5.2746E-15
 -1.3962E-04
  1.6271E-04
  2.2720E-05
 -1.1652E-04
  4.6336E-05
 -7.7265E-06
 -6.2790E-05
  5.4563E-05
 -1.3995E-13
 -5.4563E-05
  6.2790E-05
  7.7265E-06
 -4.6336E-05
  1.4294E-05
 -1.8277E-06
 -1.8591E-05
  1.6442E-05
  2.7064E-13
 -1.6442E-05
  1.8591E-05
  1.8277E-06
 -1.4294E-05
   1.4128E-02
  0.0000E+00
  0.0000E+00
  0.0000E+00
  0.0000E+00
  0.0000E+00
  0.0000E+00
  0.0000E+00
  0.0000E+00
  0.0000E+00
  3.2910E-04
  2.1376E-04
  8.7191E-05
  1.2095E-04
 -3.5159E-14
 -1.2095E-04
 -8.7191E-05
 -2.1376E-04
 -3.2910E-04
  8.5325E-05
  4.8918E-05
 -2.1455E-06
  4.3735E-05
  9.1540E-14
 -4.3735E-05
  2.1455E-06
 -4.8918E-05
 -8.5325E-05
 -5.2884E-05
 -3.3234E-05
 -5.8846E-06
 -2.3499E-05
 -4.6553E-14
  2.3499E-05
  5.8846E-06
  3.3234E-05
  5.2884E-05
 -1.7915E-04
 -1.0569E-04
 -2.7654E-05
 -7.5748E-05
  1.2949E-14
  7.5748E-05
  2.7654E-05
  1.0569E-04
  1.7915E-04
 -2.5887E-04
 -1.5205E-04
 -3.9142E-05
 -1.0987E-04
  5.1415E-14
  1.0987E-04
  3.9142E-05
  1.5205E-04
  2.5887E-04
 -2.8916E-04
 -1.6950E-04
 -4.3716E-05
 -1.2272E-04
 -1.7921E-14
  1.2272E-04
  4.3716E-05
  1.6950E-04
  2.8916E-04
 -2.6799E-04
 -1.5698E-04
 -4.0472E-05
 -1.1376E-04
  3.6655E-14
  1.1376E-04
  4.0472E-05
  1.5698E-04
  2.6799E-04
 -2.0081E-04
 -1.1764E-04
 -3.0332E-05
 -8.5241E-05
 -1.1985E-13
  8.5241E-05
  3.0332E-05
  1.1764E-04
  2.0081E-04
 -9.9020E-05
 -5.8119E-05
 -1.4986E-05
 -4.2017E-05
 -5.7882E-14
  4.2017E-05
  1.4986E-05
  5.8119E-05
  9.9020E-05
  2.1413E-05
  1.2258E-05
  3.1567E-06
  9.1283E-06
 -4.3072E-14
 -9.1283E-06
 -3.1567E-06
 -1.2258E-05
 -2.1413E-05
  1.4224E-04
  8.2831E-05
  2.1350E-05
  6.0445E-05
 -1.8977E-14
 -6.0445E-05
 -2.1350E-05
 -8.2831E-05
 -1.4224E-04
  2.4563E-04
  1.4318E-04
  3.6906E-05
  1.0436E-04
  5.3484E-14
 -1.0436E-04
 -3.6906E-05
 -1.4318E-04
 -2.4563E-04
  3.1685E-04
  1.8470E-04
  4.7607E-05
  1.3462E-04
 -4.4544E-14
 -1.3462E-04
 -4.7607E-05
 -1.8470E-04
 -3.1685E-04
  3.4659E-04
  2.0192E-04
  5.2047E-05
  1.4727E-04
  9.7755E-14
 -1.4727E-04
 -5.2047E-05
 -2.0192E-04
 -3.4659E-04
  3.3249E-04
  1.9347E-04
  4.9864E-05
  1.4132E-04
  3.2284E-14
 -1.4132E-04
 -4.9864E-05
 -1.9347E-04
 -3.3249E-04
  2.7983E-04
  1.6238E-04
  4.1846E-05
  1.1899E-04
 -3.1841E-14
 -1.1899E-04
 -4.1846E-05
 -1.6238E-04
 -2.7983E-04
  2.0106E-04
  1.1589E-04
  2.9850E-05
  8.5603E-05
 -2.3924E-14
 -8.5603E-05
 -2.9850E-05
 -1.1589E-04
 -2.0106E-04
  1.1481E-04
  6.4744E-05
  1.6819E-05
  4.8994E-05
 -2.3934E-14
 -4.8994E-05
 -1.6819E-05
 -6.4744E-05
 -1.1481E-04
  4.2591E-05
  2.2018E-05
  4.2972E-06
  1.9147E-05
  9.5167E-15
 -1.9147E-05
 -4.2972E-06
 -2.2018E-05
 -4.2591E-05
  1.1893E-05
  5.2084E-06
  3.5282E-07
  5.7700E-06
 -2.7818E-13
 -5.7700E-06
 -3.5281E-07
 -5.2084E-06
 -1.1893E-05
   2.3824E-02
  0.0000E+00
  0.0000E+00
  0.0000E+00
  0.0000E+00
  0.0000E+00
  0.0000E+00
  0.0000E+00
  0.0000E+00
  0.0000E+00
 -8.2437E-14
 -1.0751E-13
 -6.9624E-14
 -1.2543E-13
 -3.7965E-13
  2.0651E-13
 -1.6841E-13
 -6.5178E-13
  4.8263E-13
  3.7470E-15
 -6.3091E-14
 -2.3002E-13
  3.1244E-14
  6.4674E-14
 -5.7294E-13
  5.8741E-14
  1.9244E-13
 -9.1586E-13
  1.6298E-13
 -4.4463E-13
  6.4898E-13
  4.7041E-14
 -1.6763E-13
  2.5185E-13
 -6.8895E-14
  1.0937E-13
 -1.4528E-13
 -6.4358E-13
  4.9633E-13
 -2.3028E-13
 -4.0590E-13
  3.5532E-13
 -3.5540E-14
 -1.6822E-13
  2.1430E-13
  1.5920E-13
 -9.6265E-14
  1.9855E-13
 -1.3189E-13
  3.4267E-13
  1.7494E-13
 -1.8631E-13
  7.8160E-13
  1.5134E-13
 -2.4073E-13
  5.8726E-13
 -2.0484E-14
 -3.2565E-13
  1.9704E-13
  5.0057E-14
 -8.7595E-14
 -1.9318E-13
  1.2060E-13
  1.5046E-13
  3.2703E-13
  3.7318E-13
 -4.8238E-13
  1.1050E-13
  2.2902E-13
 -2.6555E-14
 -1.0602E-13
  8.4869E-14
  4.2927E-13
  1.0206E-13
 -2.1835E-13
  3.6051E-13
  2.5426E-13
 -1.5635E-13
  2.0114E-13
  4.0646E-13
 -9.4340E-14
  4.1767E-14
  4.0543E-13
 -1.4459E-13
  4.6280E-13
  6.9111E-15
  1.3626E-13
  2.9273E-13
 -3.9161E-13
  4.1712E-13
  1.2267E-13
  1.3273E-13
 -1.6424E-13
 -2.8447E-13
 -7.1039E-14
 -2.2726E-13
  1.8404E-14
 -2.7481E-13
 -2.9027E-13
  3.2128E-13
 -7.9718E-13
 -1.7107E-13
 -2.8843E-14
 -3.2820E-13
 -1.3155E-13
 -1.3364E-13
  1.4078E-13
 -9.2037E-14
 -2.3843E-13
 -4.9546E-13
 -8.6061E-14
 -6.4496E-13
 -3.6150E-13
 -2.3940E-13
 -4.1741E-13
 -2.2753E-13
 -3.9274E-13
 -1.8986E-13
  6.1048E-13
 -1.4301E-13
 -4.6680E-13
  4.4071E-14
 -3.8490E-14
 -3.8311E-13
 -5.2233E-13
  6.6028E-14
 -2.9941E-13
 -9.0932E-13
 -2.7944E-14
  1.3798E-13
 -3.2941E-13
 -7.4027E-14
 -1.8808E-13
  2.5049E-13
 -1.2011E-13
 -5.1414E-13
 -4.0790E-13
 -1.2243E-13
  2.0146E-13
 -1.0582E-13
 -3.0839E-13
  2.0153E-13
  1.9626E-13
 -4.9435E-13
  2.0160E-13
  6.3033E-13
 -3.0830E-14
  3.1754E-14
 -6.5135E-14
  1.5435E-13
  7.4022E-14
 -7.6060E-13
  3.3952E-13
  1.1629E-13
 -6.7384E-13
  1.0084E-13
  5.3777E-13
  1.6240E-13
  6.0724E-15
  1.3063E-13
  9.9863E-13
 -8.8696E-14
 -2.7651E-13
 -2.0013E-13
  5.0318E-13
  3.2772E-13
  2.0892E-14
  3.4163E-13
  1.4856E-13
  2.4191E-13
  1.8008E-13
 -3.0594E-14
  2.6253E-13
  3.1311E-13
 -8.4870E-13
 -5.6634E-13
  4.0682E-13
 -5.3714E-13
 -1.3952E-12
  5.0054E-13
 -2.2558E-13
  1.8281E-12
 -3.0349E-13
  2.8877E-12
  2.7329E-12
 -6.3215E-13
  2.5013E-12
  3.6376E-12
 -9.6081E-13
  2.1149E-12
   2.6015E-02
  0.0000E+00
  0.0000E+00
  0.0000E+00
  0.0000E+00
  0.0000E+00
  0.0000E+00
  0.0000E+00
  0.0000E+00
  0.0000E+00
  9.1992E-05
  2.7880E-04
  4.3913E-04
 -1.7357E-04
  3.1869E-13
  1.7357E-04
 -4.3913E-04
 -2.7880E-04
 -9.1992E-05
 -3.3710E-05
 -5.6020E-05
 -9.2175E-05
  2.9232E-05
 -4.4311E-14
 -2.9232E-05
  9.2175E-05
  5.6020E-05
  3.3710E-05
 -2.1305E-05
 -2.0822E-04
 -3.7077E-04
  1.7473E-04
 -1.0817E-13
 -1.7473E-04
  3.7077E-04
  2.0822E-04
  2.1305E-05
 -3.5798E-05
 -2.8574E-04
 -5.1652E-04
  2.4036E-04
 -2.9670E-13
 -2.4036E-04
  5.1652E-04
  2.8574E-04
  3.5798E-05
 -3.1886E-05
 -2.6136E-04
 -4.7344E-04
  2.2078E-04
  2.0743E-13
 -2.2078E-04
  4.7344E-04
  2.6136E-04
  3.1886E-05
 -1.8557E-05
 -1.5131E-04
 -2.7402E-04
  1.2773E-04
  1.8422E-13
 -1.2773E-04
  2.7402E-04
  1.5131E-04
  1.8557E-05
  1.0035E-06
  9.0365E-06
  1.7430E-05
 -8.2131E-06
  4.1998E-13
  8.2131E-06
 -1.7430E-05
 -9.0365E-06
 -1.0035E-06
  2.0695E-05
  1.7090E-04
  3.1185E-04
 -1.4558E-04
 -2.7884E-13
  1.4558E-04
 -3.1185E-04
 -1.7090E-04
 -2.0695E-05
  3.4714E-05
  2.8611E-04
  5.2142E-04
 -2.4335E-04
  2.9638E-13
  2.4335E-04
 -5.2142E-04
 -2.8611E-04
 -3.4714E-05
  3.8900E-05
  3.2038E-04
  5.8360E-04
 -2.7235E-04
 -1.5706E-13
  2.7235E-04
 -5.8360E-04
 -3.2038E-04
 -3.8900E-05
  3.1940E-05
  2.6286E-04
  4.7858E-04
 -2.2332E-04
  1.5279E-13
  2.2332E-04
 -4.7858E-04
 -2.6286E-04
 -3.1940E-05
  1.5717E-05
  1.2900E-04
  2.3446E-04
 -1.0937E-04
  2.9378E-15
  1.0937E-04
 -2.3446E-04
 -1.2900E-04
 -1.5717E-05
 -5.2561E-06
 -4.4078E-05
 -8.1236E-05
  3.7990E-05
  2.1300E-13
 -3.7990E-05
  8.1236E-05
  4.4078E-05
  5.2561E-06
 -2.5163E-05
 -2.0856E-04
 -3.8148E-04
  1.7816E-04
 -3.4052E-13
 -1.7816E-04
  3.8148E-04
  2.0856E-04
  2.5163E-05
 -3.8590E-05
 -3.1998E-04
 -5.8544E-04
  2.7342E-04
 -3.2463E-13
 -2.7342E-04
  5.8544E-04
  3.1998E-04
  3.8590E-05
 -4.2161E-05
 -3.5066E-04
 -6.4288E-04
  3.0036E-04
 -8.6997E-14
 -3.0036E-04
  6.4288E-04
  3.5066E-04
  4.2161E-05
 -3.5526E-05
 -2.9845E-04
 -5.5031E-04
  2.5739E-04
 -3.7009E-14
 -2.5739E-04
  5.5031E-04
  2.9845E-04
  3.5526E-05
 -2.2489E-05
 -1.8922E-04
 -3.5578E-04
  1.6664E-04
  9.3934E-14
 -1.6664E-04
  3.5578E-04
  1.8922E-04
  2.2489E-05
 -2.3473E-06
 -7.0766E-05
 -1.4495E-04
  7.1301E-05
  8.4452E-13
 -7.1301E-05
  1.4495E-04
  7.0766E-05
  2.3473E-06
  2.8131E-06
 -1.8413E-05
 -4.4397E-05
  2.3605E-05
 -1.6493E-12
 -2.3605E-05
  4.4397E-05
  1.8413E-05
 -2.8131E-06
   2.6015E-02
  0.0000E+00
  0.0000E+00
  0.0000E+00
  0.0000E+00
  0.0000E+00
  0.0000E+00
  0.0000E+00
  0.0000E+00
  0.0000E+00
  5.2763E-04
  1.1601E-04
 -3.0663E-04
  4.1713E-04
  2.9189E-13
 -4.1713E-04
  3.0663E-04
 -1.1601E-04
 -5.2763E-04
 -9.6443E-05
 -2.3310E-05
  4.4062E-05
 -7.0253E-05
 -1.6908E-13
  7.0253E-05
 -4.4062E-05
  2.3310E-05
  9.6443E-05
 -5.0149E-04
 -8.6640E-05
  3.3835E-04
 -4.1992E-04
 -2.4586E-13
  4.1992E-04
 -3.3835E-04
  8.6640E-05
  5.0149E-04
 -6.9256E-04
 -1.1890E-04
  4.6273E-04
 -5.7765E-04
 -2.5063E-13
  5.7765E-04
 -4.6273E-04
  1.1890E-04
  6.9256E-04
 -6.3572E-04
 -1.0876E-04
  4.2545E-04
 -5.3058E-04
  1.6648E-13
  5.3058E-04
 -4.2545E-04
  1.0876E-04
  6.3572E-04
 -3.6784E-04
 -6.2960E-05
  2.4610E-04
 -3.0697E-04
 -1.7222E-13
  3.0697E-04
 -2.4610E-04
  6.2960E-05
  3.6784E-04
  2.3573E-05
  3.7601E-06
 -1.5903E-05
  1.9738E-05
  3.9416E-13
 -1.9738E-05
  1.5903E-05
 -3.7601E-06
 -2.3573E-05
  4.1905E-04
  7.1112E-05
 -2.8067E-04
  3.4986E-04
  2.2725E-13
 -3.4986E-04
  2.8067E-04
 -7.1112E-05
 -4.1905E-04
  7.0054E-04
  1.1905E-04
 -4.6913E-04
  5.8483E-04
 -3.8364E-14
 -5.8483E-04
  4.6913E-04
 -1.1905E-04
 -7.0054E-04
  7.8404E-04
  1.3331E-04
 -5.2501E-04
  6.5452E-04
 -1.0996E-13
 -6.5452E-04
  5.2501E-04
 -1.3331E-04
 -7.8404E-04
  6.4291E-04
  1.0938E-04
 -4.3048E-04
  5.3669E-04
 -3.1688E-13
 -5.3669E-04
  4.3048E-04
 -1.0938E-04
 -6.4291E-04
  3.1490E-04
  5.3679E-05
 -2.1080E-04
  2.6285E-04
 -1.6314E-13
 -2.6285E-04
  2.1080E-04
 -5.3679E-05
 -3.1490E-04
 -1.0929E-04
 -1.8341E-05
  7.3305E-05
 -9.1300E-05
 -2.0097E-13
  9.1300E-05
 -7.3305E-05
  1.8341E-05
  1.0929E-04
 -5.1276E-04
 -8.6781E-05
  3.4355E-04
 -4.2815E-04
 -1.0153E-13
  4.2815E-04
 -3.4355E-04
  8.6781E-05
  5.1276E-04
 -7.8693E-04
 -1.3315E-04
  5.2727E-04
 -6.5710E-04
 -5.3043E-13
  6.5710E-04
 -5.2727E-04
  1.3315E-04
  7.8693E-04
 -8.6437E-04
 -1.4591E-04
  5.7931E-04
 -7.2184E-04
  1.8938E-13
  7.2184E-04
 -5.7931E-04
  1.4591E-04
  8.6437E-04
 -7.4045E-04
 -1.2418E-04
  4.9669E-04
 -6.1857E-04
 -1.3109E-13
  6.1857E-04
 -4.9669E-04
  1.2418E-04
  7.4045E-04
 -4.7918E-04
 -7.8734E-05
  3.2179E-04
 -4.0048E-04
  4.7423E-13
  4.0048E-04
 -3.2179E-04
  7.8734E-05
  4.7918E-04
 -2.0200E-04
 -2.9446E-05
  1.4071E-04
 -1.7135E-04
  3.4815E-13
  1.7135E-04
 -1.4071E-04
  2.9446E-05
  2.0200E-04
 -6.5380E-05
 -7.6616E-06
  4.8077E-05
 -5.6728E-05
  1.1174E-12
  5.6728E-05
 -4.8077E-05
  7.6616E-06
  6.5380E-05
   3.8606E-02
  0.0000E+00
  0.0000E+00
  0.0000E+00
  0.0000E+00
  0.0000E+00
  0.0000E+00
  0.0000E+00
  0.0000E+00
  0.0000E+00
  7.4868E-04
  7.4806E-04
  7.4868E-04
  7.4868E-04
  7.4806E-04
  7.4868E-04
  7.4868E-04
  7.4806E-04
  7.4868E-04
  6.5664E-04
  6.7557E-04
  6.5664E-04
  6.5664E-04
  6.7557E-04
  6.5664E-04
  6.5664E-04
  6.7557E-04
  6.5664E-04
  5.6447E-04
  5.6450E-04
  5.6447E-04
  5.6447E-04
  5.6450E-04
  5.6447E-04
  5.6447E-04
  5.6450E-04
  5.6447E-04
  4.3950E-04
  4.4135E-04
  4.3950E-04
  4.3950E-04
  4.4135E-04
  4.3950E-04
  4.3950E-04
  4.4135E-04
  4.3950E-04
  2.9158E-04
  2.9275E-04
  2.9158E-04
  2.9158E-04
  2.9275E-04
  2.9158E-04
  2.9158E-04
  2.9275E-04
  2.9158E-04
  1.2717E-04
  1.2768E-04
  1.2717E-04
  1.2717E-04
  1.2768E-04
  1.2717E-04
  1.2717E-04
  1.2768E-04
  1.2717E-04
 -4.4343E-05
 -4.4521E-05
 -4.4343E-05
 -4.4343E-05
 -4.4521E-05
 -4.4343E-05
 -4.4343E-05
 -4.4521E-05
 -4.4343E-05
 -2.1338E-04
 -2.1424E-04
 -2.1338E-04
 -2.1338E-04
 -2.1424E-04
 -2.1338E-04
 -2.1338E-04
 -2.1424E-04
 -2.1338E-04
 -3.7049E-04
 -3.7198E-04
 -3.7049E-04
 -3.7049E-04
 -3.7198E-04
 -3.7049E-04
 -3.7049E-04
 -3.7198E-04
 -3.7049E-04
 -5.0690E-04
 -5.0894E-04
 -5.0690E-04
 -5.0690E-04
 -5.0894E-04
 -5.0690E-04
 -5.0690E-04
 -5.0894E-04
 -5.0690E-04
 -6.1498E-04
 -6.1745E-04
 -6.1498E-04
 -6.1498E-04
 -6.1745E-04
 -6.1498E-04
 -6.1498E-04
 -6.1745E-04
 -6.1498E-04
 -6.8869E-04
 -6.9146E-04
 -6.8869E-04
 -6.8869E-04
 -6.9146E-04
 -6.8869E-04
 -6.8869E-04
 -6.9146E-04
 -6.8869E-04
 -7.2391E-04
 -7.2682E-04
 -7.2391E-04
 -7.2391E-04
 -7.2682E-04
 -7.2391E-04
 -7.2391E-04
 -7.2682E-04
 -7.2391E-04
 -7.1868E-04
 -7.2157E-04
 -7.1868E-04
 -7.1868E-04
 -7.2157E-04
 -7.1868E-04
 -7.1868E-04
 -7.2157E-04
 -7.1868E-04
 -6.7329E-04
 -6.7600E-04
 -6.7329E-04
 -6.7329E-04
 -6.7600E-04
 -6.7329E-04
 -6.7329E-04
 -6.7600E-04
 -6.7329E-04
 -5.9029E-04
 -5.9266E-04
 -5.9029E-04
 -5.9029E-04
 -5.9266E-04
 -5.9029E-04
 -5.9029E-04
 -5.9266E-04
 -5.9029E-04
 -4.7419E-04
 -4.7629E-04
 -4.7419E-04
 -4.7419E-04
 -4.7629E-04
 -4.7419E-04
 -4.7419E-04
 -4.7629E-04
 -4.7419E-04
 -3.3143E-04
 -3.3166E-04
 -3.3143E-04
 -3.3143E-04
 -3.3166E-04
 -3.3143E-04
 -3.3143E-04
 -3.3166E-04
 -3.3143E-04
 -1.6672E-04
 -1.6505E-04
 -1.6672E-04
 -1.6672E-04
 -1.6505E-04
 -1.6672E-04
 -1.6672E-04
 -1.6505E-04
 -1.6672E-04
 -6.0129E-05
 -5.8374E-05
 -6.0129E-05
 -6.0129E-05
 -5.8374E-05
 -6.0129E-05
 -6.0129E-05
 -5.8374E-05
 -6.0129E-05
