Scalar MT under Modal for nodeset
189
   8.3926E-01
  0.0000E+00
  0.0000E+00
  0.0000E+00
  0.0000E+00
  0.0000E+00
  0.0000E+00
  0.0000E+00
  0.0000E+00
  0.0000E+00
  1.3099E-02
  9.1156E-03
  1.3099E-02
  9.1156E-03
  5.4327E-10
  9.1156E-03
  1.3099E-02
  9.1156E-03
  1.3099E-02
  2.4723E-02
  1.7716E-02
  2.4723E-02
  1.7716E-02
  8.8853E-10
  1.7716E-02
  2.4723E-02
  1.7716E-02
  2.4723E-02
  2.6305E-02
  1.8765E-02
  2.6305E-02
  1.8765E-02
  1.4529E-09
  1.8765E-02
  2.6305E-02
  1.8765E-02
  2.6305E-02
  1.6189E-02
  1.0526E-02
  1.6189E-02
  1.0526E-02
  2.2229E-09
  1.0526E-02
  1.6189E-02
  1.0526E-02
  1.6189E-02
  7.7494E-03
  2.4503E-03
  7.7494E-03
  2.4503E-03
  2.5751E-09
  2.4503E-03
  7.7494E-03
  2.4503E-03
  7.7494E-03
  1.7298E-02
  1.2346E-02
  1.7298E-02
  1.2346E-02
  3.5231E-09
  1.2346E-02
  1.7298E-02
  1.2346E-02
  1.7298E-02
  1.8211E-02
  1.3188E-02
  1.8211E-02
  1.3188E-02
  3.9274E-09
  1.3188E-02
  1.8211E-02
  1.3188E-02
  1.8211E-02
  8.4434E-03
  4.7504E-03
  8.4434E-03
  4.7504E-03
  4.1968E-09
  4.7504E-03
  8.4434E-03
  4.7504E-03
  8.4434E-03
  1.1324E-02
  7.2692E-03
  1.1324E-02
  7.2692E-03
  5.0647E-09
  7.2692E-03
  1.1324E-02
  7.2692E-03
  1.1324E-02
  2.0625E-02
  1.4908E-02
  2.0625E-02
  1.4908E-02
  5.0276E-09
  1.4908E-02
  2.0625E-02
  1.4908E-02
  2.0625E-02
  1.8374E-02
  1.3064E-02
  1.8374E-02
  1.3064E-02
  3.9045E-09
  1.3064E-02
  1.8374E-02
  1.3064E-02
  1.8374E-02
  7.5117E-03
  2.7811E-03
  7.5116E-03
  2.7811E-03
  2.9512E-09
  2.7811E-03
  7.5117E-03
  2.7811E-03
  7.5117E-03
  1.4139E-02
  9.4454E-03
  1.4139E-02
  9.4454E-03
  3.2153E-09
  9.4454E-03
  1.4139E-02
  9.4454E-03
  1.4139E-02
  2.1975E-02
  1.5876E-02
  2.1975E-02
  1.5876E-02
  3.3985E-09
  1.5876E-02
  2.1975E-02
  1.5876E-02
  2.1975E-02
  1.7726E-02
  1.2549E-02
  1.7726E-02
  1.2549E-02
  3.6541E-09
  1.2549E-02
  1.7726E-02
  1.2549E-02
  1.7726E-02
  6.0812E-03
  1.8542E-03
  6.0812E-03
  1.8542E-03
  3.9053E-09
  1.8542E-03
  6.0812E-03
  1.8542E-03
  6.0812E-03
  1.2697E-02
  8.9827E-03
  1.2697E-02
  8.9827E-03
  4.5279E-09
  8.9827E-03
  1.2697E-02
  8.9827E-03
  1.2697E-02
  1.7185E-02
  1.2546E-02
  1.7185E-02
  1.2546E-02
  5.0247E-09
  1.2546E-02
  1.7185E-02
  1.2546E-02
  1.7185E-02
  1.0381E-02
  5.9866E-03
  1.0381E-02
  5.9866E-03
  5.2159E-09
  5.9866E-03
  1.0381E-02
  5.9866E-03
  1.0381E-02
  1.3795E-02
  7.1724E-03
  1.3795E-02
  7.1724E-03
  5.8603E-09
  7.1724E-03
  1.3795E-02
  7.1724E-03
  1.3795E-02
   8.4470E-01
  0.0000E+00
  0.0000E+00
  0.0000E+00
  0.0000E+00
  0.0000E+00
  0.0000E+00
  0.0000E+00
  0.0000E+00
  0.0000E+00
  8.7379E-03
  5.6874E-03
  8.7379E-03
  5.6874E-03
  4.5648E-10
  5.6874E-03
  8.7379E-03
  5.6874E-03
  8.7379E-03
  2.0025E-02
  1.4030E-02
  2.0025E-02
  1.4030E-02
  3.9139E-10
  1.4030E-02
  2.0025E-02
  1.4030E-02
  2.0025E-02
  2.8397E-02
  2.0328E-02
  2.8397E-02
  2.0328E-02
  9.7441E-10
  2.0328E-02
  2.8397E-02
  2.0328E-02
  2.8397E-02
  2.9361E-02
  2.1003E-02
  2.9361E-02
  2.1003E-02
  1.9341E-09
  2.1003E-02
  2.9361E-02
  2.1003E-02
  2.9361E-02
  2.1927E-02
  1.5143E-02
  2.1927E-02
  1.5143E-02
  2.4342E-09
  1.5143E-02
  2.1927E-02
  1.5143E-02
  2.1927E-02
  1.0025E-02
  4.8712E-03
  1.0025E-02
  4.8712E-03
  2.7805E-09
  4.8712E-03
  1.0025E-02
  4.8712E-03
  1.0025E-02
  9.6269E-03
  5.6175E-03
  9.6269E-03
  5.6175E-03
  2.3347E-09
  5.6175E-03
  9.6269E-03
  5.6175E-03
  9.6269E-03
  1.6543E-02
  1.1951E-02
  1.6543E-02
  1.1951E-02
  2.0123E-09
  1.1951E-02
  1.6543E-02
  1.1951E-02
  1.6543E-02
  1.5986E-02
  1.1542E-02
  1.5986E-02
  1.1542E-02
  1.8358E-09
  1.1542E-02
  1.5986E-02
  1.1542E-02
  1.5986E-02
  8.3964E-03
  4.7539E-03
  8.3964E-03
  4.7539E-03
  1.6005E-09
  4.7539E-03
  8.3964E-03
  4.7539E-03
  8.3964E-03
  9.4991E-03
  5.2525E-03
  9.4991E-03
  5.2525E-03
  1.1201E-09
  5.2525E-03
  9.4991E-03
  5.2525E-03
  9.4991E-03
  1.9722E-02
  1.3927E-02
  1.9722E-02
  1.3927E-02
  9.1022E-10
  1.3927E-02
  1.9722E-02
  1.3927E-02
  1.9722E-02
  2.4065E-02
  1.7356E-02
  2.4065E-02
  1.7356E-02
  9.3462E-10
  1.7356E-02
  2.4065E-02
  1.7356E-02
  2.4065E-02
  1.9814E-02
  1.4008E-02
  1.9814E-02
  1.4008E-02
  9.1962E-10
  1.4008E-02
  1.9814E-02
  1.4008E-02
  1.9814E-02
  9.6110E-03
  5.4163E-03
  9.6110E-03
  5.4163E-03
  8.5469E-10
  5.4163E-03
  9.6110E-03
  5.4163E-03
  9.6110E-03
  8.0399E-03
  4.5025E-03
  8.0399E-03
  4.5025E-03
  1.2438E-09
  4.5025E-03
  8.0399E-03
  4.5025E-03
  8.0399E-03
  1.5467E-02
  1.1195E-02
  1.5467E-02
  1.1195E-02
  1.6740E-09
  1.1195E-02
  1.5467E-02
  1.1195E-02
  1.5467E-02
  1.5895E-02
  1.1498E-02
  1.5895E-02
  1.1498E-02
  1.8234E-09
  1.1498E-02
  1.5895E-02
  1.1498E-02
  1.5895E-02
  9.0548E-03
  5.0501E-03
  9.0548E-03
  5.0501E-03
  3.1925E-09
  5.0501E-03
  9.0548E-03
  5.0501E-03
  9.0548E-03
  1.1133E-02
  5.5459E-03
  1.1133E-02
  5.5458E-03
  6.0763E-09
  5.5459E-03
  1.1133E-02
  5.5458E-03
  1.1133E-02
   8.4722E-01
  0.0000E+00
  0.0000E+00
  0.0000E+00
  0.0000E+00
  0.0000E+00
  0.0000E+00
  0.0000E+00
  0.0000E+00
  0.0000E+00
  9.7851E-04
  8.4468E-05
  9.7851E-04
  8.4468E-05
  5.5077E-10
  8.4469E-05
  9.7851E-04
  8.4469E-05
  9.7851E-04
  2.8976E-03
  1.3847E-03
  2.8976E-03
  1.3847E-03
  5.7515E-10
  1.3847E-03
  2.8976E-03
  1.3847E-03
  2.8976E-03
  6.6626E-03
  4.2361E-03
  6.6626E-03
  4.2361E-03
  5.5989E-10
  4.2361E-03
  6.6626E-03
  4.2361E-03
  6.6626E-03
  1.1454E-02
  7.8310E-03
  1.1454E-02
  7.8310E-03
  6.3486E-10
  7.8310E-03
  1.1454E-02
  7.8310E-03
  1.1454E-02
  1.6054E-02
  1.1273E-02
  1.6054E-02
  1.1273E-02
  4.7636E-10
  1.1273E-02
  1.6054E-02
  1.1273E-02
  1.6054E-02
  1.9312E-02
  1.3707E-02
  1.9312E-02
  1.3707E-02
  5.3092E-10
  1.3707E-02
  1.9312E-02
  1.3707E-02
  1.9312E-02
  2.0519E-02
  1.4605E-02
  2.0519E-02
  1.4605E-02
  5.4326E-10
  1.4605E-02
  2.0519E-02
  1.4605E-02
  2.0519E-02
  1.9627E-02
  1.3944E-02
  1.9627E-02
  1.3944E-02
  6.1200E-10
  1.3944E-02
  1.9627E-02
  1.3944E-02
  1.9627E-02
  1.7269E-02
  1.2208E-02
  1.7269E-02
  1.2208E-02
  7.6585E-10
  1.2208E-02
  1.7269E-02
  1.2208E-02
  1.7269E-02
  1.4548E-02
  1.0231E-02
  1.4548E-02
  1.0231E-02
  1.1848E-09
  1.0231E-02
  1.4548E-02
  1.0231E-02
  1.4548E-02
  1.2709E-02
  8.9079E-03
  1.2709E-02
  8.9079E-03
  1.3768E-09
  8.9079E-03
  1.2709E-02
  8.9079E-03
  1.2709E-02
  1.2736E-02
  8.8983E-03
  1.2736E-02
  8.8983E-03
  1.4179E-09
  8.8983E-03
  1.2736E-02
  8.8983E-03
  1.2736E-02
  1.4908E-02
  1.0400E-02
  1.4908E-02
  1.0400E-02
  9.4275E-10
  1.0400E-02
  1.4908E-02
  1.0400E-02
  1.4908E-02
  1.8676E-02
  1.3082E-02
  1.8676E-02
  1.3082E-02
  9.5578E-10
  1.3082E-02
  1.8676E-02
  1.3082E-02
  1.8676E-02
  2.2970E-02
  1.6198E-02
  2.2970E-02
  1.6198E-02
  1.1673E-09
  1.6198E-02
  2.2970E-02
  1.6198E-02
  2.2970E-02
  2.6564E-02
  1.8833E-02
  2.6564E-02
  1.8833E-02
  1.4474E-09
  1.8833E-02
  2.6564E-02
  1.8833E-02
  2.6564E-02
  2.8436E-02
  2.0212E-02
  2.8436E-02
  2.0212E-02
  2.1757E-09
  2.0212E-02
  2.8436E-02
  2.0212E-02
  2.8436E-02
  2.8095E-02
  1.9964E-02
  2.8095E-02
  1.9964E-02
  2.7764E-09
  1.9964E-02
  2.8095E-02
  1.9964E-02
  2.8095E-02
  2.5734E-02
  1.8241E-02
  2.5734E-02
  1.8241E-02
  3.5757E-09
  1.8241E-02
  2.5734E-02
  1.8241E-02
  2.5734E-02
  2.2162E-02
  1.5675E-02
  2.2162E-02
  1.5675E-02
  4.6866E-09
  1.5675E-02
  2.2162E-02
  1.5675E-02
  2.2162E-02
   8.4812E-01
  0.0000E+00
  0.0000E+00
  0.0000E+00
  0.0000E+00
  0.0000E+00
  0.0000E+00
  0.0000E+00
  0.0000E+00
  0.0000E+00
  3.3198E-03
  1.6019E-03
  3.3198E-03
  1.6019E-03
  2.6204E-10
  1.6019E-03
  3.3198E-03
  1.6019E-03
  3.3198E-03
  9.5644E-03
  6.1464E-03
  9.5644E-03
  6.1464E-03
  6.9377E-10
  6.1464E-03
  9.5644E-03
  6.1464E-03
  9.5644E-03
  1.7586E-02
  1.2163E-02
  1.7586E-02
  1.2163E-02
  4.8453E-10
  1.2163E-02
  1.7586E-02
  1.2163E-02
  1.7586E-02
  2.4895E-02
  1.7676E-02
  2.4895E-02
  1.7676E-02
  5.4489E-10
  1.7676E-02
  2.4895E-02
  1.7676E-02
  2.4895E-02
  2.8996E-02
  2.0770E-02
  2.8996E-02
  2.0770E-02
  8.3001E-10
  2.0770E-02
  2.8996E-02
  2.0770E-02
  2.8996E-02
  2.8219E-02
  2.0147E-02
  2.8219E-02
  2.0147E-02
  1.3295E-09
  2.0147E-02
  2.8219E-02
  2.0147E-02
  2.8219E-02
  2.2316E-02
  1.5510E-02
  2.2316E-02
  1.5510E-02
  1.6503E-09
  1.5510E-02
  2.2316E-02
  1.5510E-02
  2.2316E-02
  1.3006E-02
  7.6662E-03
  1.3006E-02
  7.6662E-03
  1.4278E-09
  7.6662E-03
  1.3006E-02
  7.6662E-03
  1.3006E-02
  8.1236E-03
  1.6921E-03
  8.1236E-03
  1.6921E-03
  1.3736E-09
  1.6921E-03
  8.1236E-03
  1.6921E-03
  8.1236E-03
  1.5959E-02
  1.0458E-02
  1.5959E-02
  1.0458E-02
  1.5504E-09
  1.0458E-02
  1.5959E-02
  1.0458E-02
  1.5959E-02
  2.3608E-02
  1.6698E-02
  2.3608E-02
  1.6698E-02
  2.0945E-09
  1.6698E-02
  2.3608E-02
  1.6698E-02
  2.3608E-02
  2.6772E-02
  1.9191E-02
  2.6772E-02
  1.9191E-02
  2.2392E-09
  1.9191E-02
  2.6772E-02
  1.9191E-02
  2.6772E-02
  2.4865E-02
  1.7765E-02
  2.4865E-02
  1.7765E-02
  1.8131E-09
  1.7765E-02
  2.4865E-02
  1.7765E-02
  2.4865E-02
  1.8995E-02
  1.3324E-02
  1.8995E-02
  1.3324E-02
  1.1709E-09
  1.3324E-02
  1.8995E-02
  1.3324E-02
  1.8995E-02
  1.1384E-02
  7.5811E-03
  1.1384E-02
  7.5811E-03
  8.9371E-10
  7.5811E-03
  1.1384E-02
  7.5811E-03
  1.1384E-02
  4.6268E-03
  2.5448E-03
  4.6268E-03
  2.5448E-03
  1.6763E-09
  2.5448E-03
  4.6268E-03
  2.5448E-03
  4.6268E-03
  5.8556E-04
  6.6561E-05
  5.8557E-04
  6.6564E-05
  2.1361E-09
  6.6563E-05
  5.8556E-04
  6.6565E-05
  5.8556E-04
  2.2137E-03
  6.6994E-04
  2.2137E-03
  6.6994E-04
  1.5513E-09
  6.6994E-04
  2.2137E-03
  6.6994E-04
  2.2137E-03
  7.6974E-03
  4.6091E-03
  7.6974E-03
  4.6091E-03
  6.9151E-10
  4.6091E-03
  7.6974E-03
  4.6091E-03
  7.6974E-03
  1.5765E-02
  1.0569E-02
  1.5765E-02
  1.0569E-02
  1.4223E-09
  1.0569E-02
  1.5765E-02
  1.0569E-02
  1.5765E-02
   8.4870E-01
  0.0000E+00
  0.0000E+00
  0.0000E+00
  0.0000E+00
  0.0000E+00
  0.0000E+00
  0.0000E+00
  0.0000E+00
  0.0000E+00
  1.7984E-03
  1.3154E-03
  1.7984E-03
  1.3154E-03
  7.1146E-10
  1.3154E-03
  1.7984E-03
  1.3154E-03
  1.7984E-03
  2.9810E-03
  2.1361E-03
  2.9810E-03
  2.1361E-03
  1.1664E-09
  2.1361E-03
  2.9810E-03
  2.1361E-03
  2.9810E-03
  2.8537E-03
  1.6185E-03
  2.8537E-03
  1.6185E-03
  1.0126E-09
  1.6185E-03
  2.8537E-03
  1.6185E-03
  2.8537E-03
  3.4008E-03
  7.0025E-04
  3.4008E-03
  7.0025E-04
  1.0939E-09
  7.0025E-04
  3.4008E-03
  7.0024E-04
  3.4008E-03
  7.9982E-03
  4.7563E-03
  7.9982E-03
  4.7563E-03
  1.5715E-09
  4.7563E-03
  7.9982E-03
  4.7563E-03
  7.9982E-03
  1.4750E-02
  9.9481E-03
  1.4750E-02
  9.9481E-03
  1.9974E-09
  9.9481E-03
  1.4750E-02
  9.9481E-03
  1.4750E-02
  2.1795E-02
  1.5265E-02
  2.1795E-02
  1.5265E-02
  1.7552E-09
  1.5265E-02
  2.1795E-02
  1.5265E-02
  2.1795E-02
  2.7463E-02
  1.9527E-02
  2.7463E-02
  1.9527E-02
  1.0597E-09
  1.9527E-02
  2.7463E-02
  1.9527E-02
  2.7463E-02
  3.0315E-02
  2.1671E-02
  3.0315E-02
  2.1671E-02
  1.3857E-09
  2.1671E-02
  3.0315E-02
  2.1671E-02
  3.0315E-02
  2.9460E-02
  2.1015E-02
  2.9460E-02
  2.1015E-02
  2.0715E-09
  2.1015E-02
  2.9460E-02
  2.1015E-02
  2.9460E-02
  2.4794E-02
  1.7444E-02
  2.4794E-02
  1.7444E-02
  2.1902E-09
  1.7444E-02
  2.4794E-02
  1.7444E-02
  2.4794E-02
  1.7155E-02
  1.1446E-02
  1.7155E-02
  1.1446E-02
  1.6444E-09
  1.1446E-02
  1.7155E-02
  1.1446E-02
  1.7155E-02
  8.8942E-03
  4.0157E-03
  8.8942E-03
  4.0157E-03
  1.3762E-09
  4.0157E-03
  8.8942E-03
  4.0157E-03
  8.8942E-03
  8.1814E-03
  3.5702E-03
  8.1814E-03
  3.5702E-03
  1.2177E-09
  3.5702E-03
  8.1814E-03
  3.5702E-03
  8.1814E-03
  1.4921E-02
  1.0040E-02
  1.4921E-02
  1.0040E-02
  1.0010E-09
  1.0040E-02
  1.4921E-02
  1.0040E-02
  1.4921E-02
  2.0371E-02
  1.4415E-02
  2.0371E-02
  1.4415E-02
  1.3602E-09
  1.4415E-02
  2.0371E-02
  1.4415E-02
  2.0371E-02
  2.2684E-02
  1.6219E-02
  2.2684E-02
  1.6219E-02
  1.7170E-09
  1.6219E-02
  2.2684E-02
  1.6219E-02
  2.2684E-02
  2.1792E-02
  1.5566E-02
  2.1792E-02
  1.5566E-02
  2.6355E-09
  1.5566E-02
  2.1792E-02
  1.5566E-02
  2.1792E-02
  1.8470E-02
  1.3103E-02
  1.8470E-02
  1.3103E-02
  3.8308E-09
  1.3103E-02
  1.8470E-02
  1.3103E-02
  1.8470E-02
  1.3969E-02
  9.8246E-03
  1.3969E-02
  9.8246E-03
  5.3419E-09
  9.8246E-03
  1.3969E-02
  9.8246E-03
  1.3969E-02
   8.5515E-01
  0.0000E+00
  0.0000E+00
  0.0000E+00
  0.0000E+00
  0.0000E+00
  0.0000E+00
  0.0000E+00
  0.0000E+00
  0.0000E+00
  4.8863E-05
  2.7422E-05
  4.8864E-05
  2.7422E-05
  4.2867E-10
  2.7423E-05
  4.8864E-05
  2.7423E-05
  4.8865E-05
  8.9052E-05
  4.1340E-06
  8.9052E-05
  4.1346E-06
  8.8274E-10
  4.1330E-06
  8.9052E-05
  4.1336E-06
  8.9052E-05
  2.2174E-04
  1.1457E-04
  2.2174E-04
  1.1457E-04
  7.7696E-10
  1.1457E-04
  2.2174E-04
  1.1457E-04
  2.2174E-04
  4.7932E-04
  3.1172E-04
  4.7932E-04
  3.1172E-04
  4.9644E-10
  3.1172E-04
  4.7932E-04
  3.1172E-04
  4.7932E-04
  8.3673E-04
  5.8299E-04
  8.3673E-04
  5.8298E-04
  7.6811E-10
  5.8299E-04
  8.3673E-04
  5.8299E-04
  8.3673E-04
  1.2335E-03
  8.8451E-04
  1.2335E-03
  8.8451E-04
  1.0695E-09
  8.8451E-04
  1.2335E-03
  8.8451E-04
  1.2335E-03
  1.5610E-03
  1.1304E-03
  1.5610E-03
  1.1304E-03
  7.8331E-10
  1.1304E-03
  1.5610E-03
  1.1304E-03
  1.5610E-03
  1.6668E-03
  1.1864E-03
  1.6668E-03
  1.1864E-03
  1.0122E-09
  1.1864E-03
  1.6668E-03
  1.1864E-03
  1.6668E-03
  1.4340E-03
  8.7431E-04
  1.4340E-03
  8.7431E-04
  9.1658E-10
  8.7431E-04
  1.4340E-03
  8.7431E-04
  1.4340E-03
  1.3641E-03
  4.4972E-06
  1.3640E-03
  4.4968E-06
  1.0544E-09
  4.4961E-06
  1.3640E-03
  4.4956E-06
  1.3640E-03
  2.9848E-03
  1.6190E-03
  2.9848E-03
  1.6190E-03
  1.4293E-09
  1.6190E-03
  2.9848E-03
  1.6190E-03
  2.9848E-03
  6.0652E-03
  4.0266E-03
  6.0652E-03
  4.0266E-03
  1.4036E-09
  4.0266E-03
  6.0652E-03
  4.0266E-03
  6.0652E-03
  1.0042E-02
  7.0603E-03
  1.0042E-02
  7.0603E-03
  1.1486E-09
  7.0603E-03
  1.0042E-02
  7.0603E-03
  1.0042E-02
  1.4170E-02
  1.0200E-02
  1.4170E-02
  1.0200E-02
  1.0765E-09
  1.0200E-02
  1.4170E-02
  1.0200E-02
  1.4170E-02
  1.7208E-02
  1.2455E-02
  1.7208E-02
  1.2455E-02
  1.0300E-09
  1.2455E-02
  1.7208E-02
  1.2455E-02
  1.7208E-02
  1.7518E-02
  1.2316E-02
  1.7518E-02
  1.2316E-02
  5.6912E-10
  1.2316E-02
  1.7518E-02
  1.2316E-02
  1.7518E-02
  1.4380E-02
  7.8356E-03
  1.4380E-02
  7.8356E-03
  7.1242E-10
  7.8356E-03
  1.4380E-02
  7.8356E-03
  1.4380E-02
  1.6499E-02
  3.0624E-03
  1.6499E-02
  3.0624E-03
  1.1591E-09
  3.0624E-03
  1.6499E-02
  3.0624E-03
  1.6499E-02
  3.7859E-02
  2.1969E-02
  3.7859E-02
  2.1969E-02
  1.0190E-09
  2.1969E-02
  3.7859E-02
  2.1969E-02
  3.7859E-02
  7.3475E-02
  4.9015E-02
  7.3475E-02
  4.9015E-02
  2.4323E-09
  4.9015E-02
  7.3475E-02
  4.9015E-02
  7.3475E-02
   0.0000E+00
  0.0000E+00
  0.0000E+00
  0.0000E+00
  0.0000E+00
  0.0000E+00
  0.0000E+00
  0.0000E+00
  0.0000E+00
  0.0000E+00
  0.0000E+00
  0.0000E+00
  0.0000E+00
  0.0000E+00
  0.0000E+00
  0.0000E+00
  0.0000E+00
  0.0000E+00
  0.0000E+00
  0.0000E+00
  0.0000E+00
  0.0000E+00
  0.0000E+00
  0.0000E+00
  0.0000E+00
  0.0000E+00
  0.0000E+00
  0.0000E+00
  0.0000E+00
  0.0000E+00
  0.0000E+00
  0.0000E+00
  0.0000E+00
  0.0000E+00
  0.0000E+00
  0.0000E+00
  0.0000E+00
  0.0000E+00
  0.0000E+00
  0.0000E+00
  0.0000E+00
  0.0000E+00
  0.0000E+00
  0.0000E+00
  0.0000E+00
  0.0000E+00
  0.0000E+00
  0.0000E+00
  0.0000E+00
  0.0000E+00
  0.0000E+00
  0.0000E+00
  0.0000E+00
  0.0000E+00
  0.0000E+00
  0.0000E+00
  0.0000E+00
  0.0000E+00
  0.0000E+00
  0.0000E+00
  0.0000E+00
  0.0000E+00
  0.0000E+00
  0.0000E+00
  0.0000E+00
  0.0000E+00
  0.0000E+00
  0.0000E+00
  0.0000E+00
  0.0000E+00
  0.0000E+00
  0.0000E+00
  0.0000E+00
  0.0000E+00
  0.0000E+00
  0.0000E+00
  0.0000E+00
  0.0000E+00
  0.0000E+00
  0.0000E+00
  0.0000E+00
  0.0000E+00
  0.0000E+00
  0.0000E+00
  0.0000E+00
  0.0000E+00
  0.0000E+00
  0.0000E+00
  0.0000E+00
  0.0000E+00
  0.0000E+00
  0.0000E+00
  0.0000E+00
  0.0000E+00
  0.0000E+00
  0.0000E+00
  0.0000E+00
  0.0000E+00
  0.0000E+00
  0.0000E+00
  0.0000E+00
  0.0000E+00
  0.0000E+00
  0.0000E+00
  0.0000E+00
  0.0000E+00
  0.0000E+00
  0.0000E+00
  0.0000E+00
  0.0000E+00
  0.0000E+00
  0.0000E+00
  0.0000E+00
  0.0000E+00
  0.0000E+00
  0.0000E+00
  0.0000E+00
  0.0000E+00
  0.0000E+00
  0.0000E+00
  0.0000E+00
  0.0000E+00
  0.0000E+00
  0.0000E+00
  0.0000E+00
  0.0000E+00
  0.0000E+00
  0.0000E+00
  0.0000E+00
  0.0000E+00
  0.0000E+00
  0.0000E+00
  0.0000E+00
  0.0000E+00
  0.0000E+00
  0.0000E+00
  0.0000E+00
  0.0000E+00
  0.0000E+00
  0.0000E+00
  0.0000E+00
  0.0000E+00
  0.0000E+00
  0.0000E+00
  0.0000E+00
  0.0000E+00
  0.0000E+00
  0.0000E+00
  0.0000E+00
  0.0000E+00
  0.0000E+00
  0.0000E+00
  0.0000E+00
  0.0000E+00
  0.0000E+00
  0.0000E+00
  0.0000E+00
  0.0000E+00
  0.0000E+00
  0.0000E+00
  0.0000E+00
  0.0000E+00
  0.0000E+00
  0.0000E+00
  0.0000E+00
  0.0000E+00
  0.0000E+00
  0.0000E+00
  0.0000E+00
  0.0000E+00
  0.0000E+00
  0.0000E+00
  0.0000E+00
  0.0000E+00
  0.0000E+00
  0.0000E+00
  0.0000E+00
  0.0000E+00
  0.0000E+00
  0.0000E+00
  0.0000E+00
  0.0000E+00
  0.0000E+00
  0.0000E+00
  0.0000E+00
  0.0000E+00
  0.0000E+00
  0.0000E+00
  0.0000E+00
  0.0000E+00
   0.0000E+00
  0.0000E+00
  0.0000E+00
  0.0000E+00
  0.0000E+00
  0.0000E+00
  0.0000E+00
  0.0000E+00
  0.0000E+00
  0.0000E+00
  0.0000E+00
  0.0000E+00
  0.0000E+00
  0.0000E+00
  0.0000E+00
  0.0000E+00
  0.0000E+00
  0.0000E+00
  0.0000E+00
  0.0000E+00
  0.0000E+00
  0.0000E+00
  0.0000E+00
  0.0000E+00
  0.0000E+00
  0.0000E+00
  0.0000E+00
  0.0000E+00
  0.0000E+00
  0.0000E+00
  0.0000E+00
  0.0000E+00
  0.0000E+00
  0.0000E+00
  0.0000E+00
  0.0000E+00
  0.0000E+00
  0.0000E+00
  0.0000E+00
  0.0000E+00
  0.0000E+00
  0.0000E+00
  0.0000E+00
  0.0000E+00
  0.0000E+00
  0.0000E+00
  0.0000E+00
  0.0000E+00
  0.0000E+00
  0.0000E+00
  0.0000E+00
  0.0000E+00
  0.0000E+00
  0.0000E+00
  0.0000E+00
  0.0000E+00
  0.0000E+00
  0.0000E+00
  0.0000E+00
  0.0000E+00
  0.0000E+00
  0.0000E+00
  0.0000E+00
  0.0000E+00
  0.0000E+00
  0.0000E+00
  0.0000E+00
  0.0000E+00
  0.0000E+00
  0.0000E+00
  0.0000E+00
  0.0000E+00
  0.0000E+00
  0.0000E+00
  0.0000E+00
  0.0000E+00
  0.0000E+00
  0.0000E+00
  0.0000E+00
  0.0000E+00
  0.0000E+00
  0.0000E+00
  0.0000E+00
  0.0000E+00
  0.0000E+00
  0.0000E+00
  0.0000E+00
  0.0000E+00
  0.0000E+00
  0.0000E+00
  0.0000E+00
  0.0000E+00
  0.0000E+00
  0.0000E+00
  0.0000E+00
  0.0000E+00
  0.0000E+00
  0.0000E+00
  0.0000E+00
  0.0000E+00
  0.0000E+00
  0.0000E+00
  0.0000E+00
  0.0000E+00
  0.0000E+00
  0.0000E+00
  0.0000E+00
  0.0000E+00
  0.0000E+00
  0.0000E+00
  0.0000E+00
  0.0000E+00
  0.0000E+00
  0.0000E+00
  0.0000E+00
  0.0000E+00
  0.0000E+00
  0.0000E+00
  0.0000E+00
  0.0000E+00
  0.0000E+00
  0.0000E+00
  0.0000E+00
  0.0000E+00
  0.0000E+00
  0.0000E+00
  0.0000E+00
  0.0000E+00
  0.0000E+00
  0.0000E+00
  0.0000E+00
  0.0000E+00
  0.0000E+00
  0.0000E+00
  0.0000E+00
  0.0000E+00
  0.0000E+00
  0.0000E+00
  0.0000E+00
  0.0000E+00
  0.0000E+00
  0.0000E+00
  0.0000E+00
  0.0000E+00
  0.0000E+00
  0.0000E+00
  0.0000E+00
  0.0000E+00
  0.0000E+00
  0.0000E+00
  0.0000E+00
  0.0000E+00
  0.0000E+00
  0.0000E+00
  0.0000E+00
  0.0000E+00
  0.0000E+00
  0.0000E+00
  0.0000E+00
  0.0000E+00
  0.0000E+00
  0.0000E+00
  0.0000E+00
  0.0000E+00
  0.0000E+00
  0.0000E+00
  0.0000E+00
  0.0000E+00
  0.0000E+00
  0.0000E+00
  0.0000E+00
  0.0000E+00
  0.0000E+00
  0.0000E+00
  0.0000E+00
  0.0000E+00
  0.0000E+00
  0.0000E+00
  0.0000E+00
  0.0000E+00
  0.0000E+00
  0.0000E+00
  0.0000E+00
  0.0000E+00
  0.0000E+00
  0.0000E+00
  0.0000E+00
  0.0000E+00
  0.0000E+00
  0.0000E+00
   0.0000E+00
  0.0000E+00
  0.0000E+00
  0.0000E+00
  0.0000E+00
  0.0000E+00
  0.0000E+00
  0.0000E+00
  0.0000E+00
  0.0000E+00
  0.0000E+00
  0.0000E+00
  0.0000E+00
  0.0000E+00
  0.0000E+00
  0.0000E+00
  0.0000E+00
  0.0000E+00
  0.0000E+00
  0.0000E+00
  0.0000E+00
  0.0000E+00
  0.0000E+00
  0.0000E+00
  0.0000E+00
  0.0000E+00
  0.0000E+00
  0.0000E+00
  0.0000E+00
  0.0000E+00
  0.0000E+00
  0.0000E+00
  0.0000E+00
  0.0000E+00
  0.0000E+00
  0.0000E+00
  0.0000E+00
  0.0000E+00
  0.0000E+00
  0.0000E+00
  0.0000E+00
  0.0000E+00
  0.0000E+00
  0.0000E+00
  0.0000E+00
  0.0000E+00
  0.0000E+00
  0.0000E+00
  0.0000E+00
  0.0000E+00
  0.0000E+00
  0.0000E+00
  0.0000E+00
  0.0000E+00
  0.0000E+00
  0.0000E+00
  0.0000E+00
  0.0000E+00
  0.0000E+00
  0.0000E+00
  0.0000E+00
  0.0000E+00
  0.0000E+00
  0.0000E+00
  0.0000E+00
  0.0000E+00
  0.0000E+00
  0.0000E+00
  0.0000E+00
  0.0000E+00
  0.0000E+00
  0.0000E+00
  0.0000E+00
  0.0000E+00
  0.0000E+00
  0.0000E+00
  0.0000E+00
  0.0000E+00
  0.0000E+00
  0.0000E+00
  0.0000E+00
  0.0000E+00
  0.0000E+00
  0.0000E+00
  0.0000E+00
  0.0000E+00
  0.0000E+00
  0.0000E+00
  0.0000E+00
  0.0000E+00
  0.0000E+00
  0.0000E+00
  0.0000E+00
  0.0000E+00
  0.0000E+00
  0.0000E+00
  0.0000E+00
  0.0000E+00
  0.0000E+00
  0.0000E+00
  0.0000E+00
  0.0000E+00
  0.0000E+00
  0.0000E+00
  0.0000E+00
  0.0000E+00
  0.0000E+00
  0.0000E+00
  0.0000E+00
  0.0000E+00
  0.0000E+00
  0.0000E+00
  0.0000E+00
  0.0000E+00
  0.0000E+00
  0.0000E+00
  0.0000E+00
  0.0000E+00
  0.0000E+00
  0.0000E+00
  0.0000E+00
  0.0000E+00
  0.0000E+00
  0.0000E+00
  0.0000E+00
  0.0000E+00
  0.0000E+00
  0.0000E+00
  0.0000E+00
  0.0000E+00
  0.0000E+00
  0.0000E+00
  0.0000E+00
  0.0000E+00
  0.0000E+00
  0.0000E+00
  0.0000E+00
  0.0000E+00
  0.0000E+00
  0.0000E+00
  0.0000E+00
  0.0000E+00
  0.0000E+00
  0.0000E+00
  0.0000E+00
  0.0000E+00
  0.0000E+00
  0.0000E+00
  0.0000E+00
  0.0000E+00
  0.0000E+00
  0.0000E+00
  0.0000E+00
  0.0000E+00
  0.0000E+00
  0.0000E+00
  0.0000E+00
  0.0000E+00
  0.0000E+00
  0.0000E+00
  0.0000E+00
  0.0000E+00
  0.0000E+00
  0.0000E+00
  0.0000E+00
  0.0000E+00
  0.0000E+00
  0.0000E+00
  0.0000E+00
  0.0000E+00
  0.0000E+00
  0.0000E+00
  0.0000E+00
  0.0000E+00
  0.0000E+00
  0.0000E+00
  0.0000E+00
  0.0000E+00
  0.0000E+00
  0.0000E+00
  0.0000E+00
  0.0000E+00
  0.0000E+00
  0.0000E+00
  0.0000E+00
  0.0000E+00
  0.0000E+00
  0.0000E+00
  0.0000E+00
  0.0000E+00
   0.0000E+00
  0.0000E+00
  0.0000E+00
  0.0000E+00
  0.0000E+00
  0.0000E+00
  0.0000E+00
  0.0000E+00
  0.0000E+00
  0.0000E+00
  0.0000E+00
  0.0000E+00
  0.0000E+00
  0.0000E+00
  0.0000E+00
  0.0000E+00
  0.0000E+00
  0.0000E+00
  0.0000E+00
  0.0000E+00
  0.0000E+00
  0.0000E+00
  0.0000E+00
  0.0000E+00
  0.0000E+00
  0.0000E+00
  0.0000E+00
  0.0000E+00
  0.0000E+00
  0.0000E+00
  0.0000E+00
  0.0000E+00
  0.0000E+00
  0.0000E+00
  0.0000E+00
  0.0000E+00
  0.0000E+00
  0.0000E+00
  0.0000E+00
  0.0000E+00
  0.0000E+00
  0.0000E+00
  0.0000E+00
  0.0000E+00
  0.0000E+00
  0.0000E+00
  0.0000E+00
  0.0000E+00
  0.0000E+00
  0.0000E+00
  0.0000E+00
  0.0000E+00
  0.0000E+00
  0.0000E+00
  0.0000E+00
  0.0000E+00
  0.0000E+00
  0.0000E+00
  0.0000E+00
  0.0000E+00
  0.0000E+00
  0.0000E+00
  0.0000E+00
  0.0000E+00
  0.0000E+00
  0.0000E+00
  0.0000E+00
  0.0000E+00
  0.0000E+00
  0.0000E+00
  0.0000E+00
  0.0000E+00
  0.0000E+00
  0.0000E+00
  0.0000E+00
  0.0000E+00
  0.0000E+00
  0.0000E+00
  0.0000E+00
  0.0000E+00
  0.0000E+00
  0.0000E+00
  0.0000E+00
  0.0000E+00
  0.0000E+00
  0.0000E+00
  0.0000E+00
  0.0000E+00
  0.0000E+00
  0.0000E+00
  0.0000E+00
  0.0000E+00
  0.0000E+00
  0.0000E+00
  0.0000E+00
  0.0000E+00
  0.0000E+00
  0.0000E+00
  0.0000E+00
  0.0000E+00
  0.0000E+00
  0.0000E+00
  0.0000E+00
  0.0000E+00
  0.0000E+00
  0.0000E+00
  0.0000E+00
  0.0000E+00
  0.0000E+00
  0.0000E+00
  0.0000E+00
  0.0000E+00
  0.0000E+00
  0.0000E+00
  0.0000E+00
  0.0000E+00
  0.0000E+00
  0.0000E+00
  0.0000E+00
  0.0000E+00
  0.0000E+00
  0.0000E+00
  0.0000E+00
  0.0000E+00
  0.0000E+00
  0.0000E+00
  0.0000E+00
  0.0000E+00
  0.0000E+00
  0.0000E+00
  0.0000E+00
  0.0000E+00
  0.0000E+00
  0.0000E+00
  0.0000E+00
  0.0000E+00
  0.0000E+00
  0.0000E+00
  0.0000E+00
  0.0000E+00
  0.0000E+00
  0.0000E+00
  0.0000E+00
  0.0000E+00
  0.0000E+00
  0.0000E+00
  0.0000E+00
  0.0000E+00
  0.0000E+00
  0.0000E+00
  0.0000E+00
  0.0000E+00
  0.0000E+00
  0.0000E+00
  0.0000E+00
  0.0000E+00
  0.0000E+00
  0.0000E+00
  0.0000E+00
  0.0000E+00
  0.0000E+00
  0.0000E+00
  0.0000E+00
  0.0000E+00
  0.0000E+00
  0.0000E+00
  0.0000E+00
  0.0000E+00
  0.0000E+00
  0.0000E+00
  0.0000E+00
  0.0000E+00
  0.0000E+00
  0.0000E+00
  0.0000E+00
  0.0000E+00
  0.0000E+00
  0.0000E+00
  0.0000E+00
  0.0000E+00
  0.0000E+00
  0.0000E+00
  0.0000E+00
  0.0000E+00
  0.0000E+00
  0.0000E+00
  0.0000E+00
  0.0000E+00
  0.0000E+00
  0.0000E+00
   0.0000E+00
  0.0000E+00
  0.0000E+00
  0.0000E+00
  0.0000E+00
  0.0000E+00
  0.0000E+00
  0.0000E+00
  0.0000E+00
  0.0000E+00
  0.0000E+00
  0.0000E+00
  0.0000E+00
  0.0000E+00
  0.0000E+00
  0.0000E+00
  0.0000E+00
  0.0000E+00
  0.0000E+00
  0.0000E+00
  0.0000E+00
  0.0000E+00
  0.0000E+00
  0.0000E+00
  0.0000E+00
  0.0000E+00
  0.0000E+00
  0.0000E+00
  0.0000E+00
  0.0000E+00
  0.0000E+00
  0.0000E+00
  0.0000E+00
  0.0000E+00
  0.0000E+00
  0.0000E+00
  0.0000E+00
  0.0000E+00
  0.0000E+00
  0.0000E+00
  0.0000E+00
  0.0000E+00
  0.0000E+00
  0.0000E+00
  0.0000E+00
  0.0000E+00
  0.0000E+00
  0.0000E+00
  0.0000E+00
  0.0000E+00
  0.0000E+00
  0.0000E+00
  0.0000E+00
  0.0000E+00
  0.0000E+00
  0.0000E+00
  0.0000E+00
  0.0000E+00
  0.0000E+00
  0.0000E+00
  0.0000E+00
  0.0000E+00
  0.0000E+00
  0.0000E+00
  0.0000E+00
  0.0000E+00
  0.0000E+00
  0.0000E+00
  0.0000E+00
  0.0000E+00
  0.0000E+00
  0.0000E+00
  0.0000E+00
  0.0000E+00
  0.0000E+00
  0.0000E+00
  0.0000E+00
  0.0000E+00
  0.0000E+00
  0.0000E+00
  0.0000E+00
  0.0000E+00
  0.0000E+00
  0.0000E+00
  0.0000E+00
  0.0000E+00
  0.0000E+00
  0.0000E+00
  0.0000E+00
  0.0000E+00
  0.0000E+00
  0.0000E+00
  0.0000E+00
  0.0000E+00
  0.0000E+00
  0.0000E+00
  0.0000E+00
  0.0000E+00
  0.0000E+00
  0.0000E+00
  0.0000E+00
  0.0000E+00
  0.0000E+00
  0.0000E+00
  0.0000E+00
  0.0000E+00
  0.0000E+00
  0.0000E+00
  0.0000E+00
  0.0000E+00
  0.0000E+00
  0.0000E+00
  0.0000E+00
  0.0000E+00
  0.0000E+00
  0.0000E+00
  0.0000E+00
  0.0000E+00
  0.0000E+00
  0.0000E+00
  0.0000E+00
  0.0000E+00
  0.0000E+00
  0.0000E+00
  0.0000E+00
  0.0000E+00
  0.0000E+00
  0.0000E+00
  0.0000E+00
  0.0000E+00
  0.0000E+00
  0.0000E+00
  0.0000E+00
  0.0000E+00
  0.0000E+00
  0.0000E+00
  0.0000E+00
  0.0000E+00
  0.0000E+00
  0.0000E+00
  0.0000E+00
  0.0000E+00
  0.0000E+00
  0.0000E+00
  0.0000E+00
  0.0000E+00
  0.0000E+00
  0.0000E+00
  0.0000E+00
  0.0000E+00
  0.0000E+00
  0.0000E+00
  0.0000E+00
  0.0000E+00
  0.0000E+00
  0.0000E+00
  0.0000E+00
  0.0000E+00
  0.0000E+00
  0.0000E+00
  0.0000E+00
  0.0000E+00
  0.0000E+00
  0.0000E+00
  0.0000E+00
  0.0000E+00
  0.0000E+00
  0.0000E+00
  0.0000E+00
  0.0000E+00
  0.0000E+00
  0.0000E+00
  0.0000E+00
  0.0000E+00
  0.0000E+00
  0.0000E+00
  0.0000E+00
  0.0000E+00
  0.0000E+00
  0.0000E+00
  0.0000E+00
  0.0000E+00
  0.0000E+00
  0.0000E+00
  0.0000E+00
  0.0000E+00
  0.0000E+00
  0.0000E+00
  0.0000E+00
  0.0000E+00
   0.0000E+00
  0.0000E+00
  0.0000E+00
  0.0000E+00
  0.0000E+00
  0.0000E+00
  0.0000E+00
  0.0000E+00
  0.0000E+00
  0.0000E+00
  0.0000E+00
  0.0000E+00
  0.0000E+00
  0.0000E+00
  0.0000E+00
  0.0000E+00
  0.0000E+00
  0.0000E+00
  0.0000E+00
  0.0000E+00
  0.0000E+00
  0.0000E+00
  0.0000E+00
  0.0000E+00
  0.0000E+00
  0.0000E+00
  0.0000E+00
  0.0000E+00
  0.0000E+00
  0.0000E+00
  0.0000E+00
  0.0000E+00
  0.0000E+00
  0.0000E+00
  0.0000E+00
  0.0000E+00
  0.0000E+00
  0.0000E+00
  0.0000E+00
  0.0000E+00
  0.0000E+00
  0.0000E+00
  0.0000E+00
  0.0000E+00
  0.0000E+00
  0.0000E+00
  0.0000E+00
  0.0000E+00
  0.0000E+00
  0.0000E+00
  0.0000E+00
  0.0000E+00
  0.0000E+00
  0.0000E+00
  0.0000E+00
  0.0000E+00
  0.0000E+00
  0.0000E+00
  0.0000E+00
  0.0000E+00
  0.0000E+00
  0.0000E+00
  0.0000E+00
  0.0000E+00
  0.0000E+00
  0.0000E+00
  0.0000E+00
  0.0000E+00
  0.0000E+00
  0.0000E+00
  0.0000E+00
  0.0000E+00
  0.0000E+00
  0.0000E+00
  0.0000E+00
  0.0000E+00
  0.0000E+00
  0.0000E+00
  0.0000E+00
  0.0000E+00
  0.0000E+00
  0.0000E+00
  0.0000E+00
  0.0000E+00
  0.0000E+00
  0.0000E+00
  0.0000E+00
  0.0000E+00
  0.0000E+00
  0.0000E+00
  0.0000E+00
  0.0000E+00
  0.0000E+00
  0.0000E+00
  0.0000E+00
  0.0000E+00
  0.0000E+00
  0.0000E+00
  0.0000E+00
  0.0000E+00
  0.0000E+00
  0.0000E+00
  0.0000E+00
  0.0000E+00
  0.0000E+00
  0.0000E+00
  0.0000E+00
  0.0000E+00
  0.0000E+00
  0.0000E+00
  0.0000E+00
  0.0000E+00
  0.0000E+00
  0.0000E+00
  0.0000E+00
  0.0000E+00
  0.0000E+00
  0.0000E+00
  0.0000E+00
  0.0000E+00
  0.0000E+00
  0.0000E+00
  0.0000E+00
  0.0000E+00
  0.0000E+00
  0.0000E+00
  0.0000E+00
  0.0000E+00
  0.0000E+00
  0.0000E+00
  0.0000E+00
  0.0000E+00
  0.0000E+00
  0.0000E+00
  0.0000E+00
  0.0000E+00
  0.0000E+00
  0.0000E+00
  0.0000E+00
  0.0000E+00
  0.0000E+00
  0.0000E+00
  0.0000E+00
  0.0000E+00
  0.0000E+00
  0.0000E+00
  0.0000E+00
  0.0000E+00
  0.0000E+00
  0.0000E+00
  0.0000E+00
  0.0000E+00
  0.0000E+00
  0.0000E+00
  0.0000E+00
  0.0000E+00
  0.0000E+00
  0.0000E+00
  0.0000E+00
  0.0000E+00
  0.0000E+00
  0.0000E+00
  0.0000E+00
  0.0000E+00
  0.0000E+00
  0.0000E+00
  0.0000E+00
  0.0000E+00
  0.0000E+00
  0.0000E+00
  0.0000E+00
  0.0000E+00
  0.0000E+00
  0.0000E+00
  0.0000E+00
  0.0000E+00
  0.0000E+00
  0.0000E+00
  0.0000E+00
  0.0000E+00
  0.0000E+00
  0.0000E+00
  0.0000E+00
  0.0000E+00
  0.0000E+00
  0.0000E+00
  0.0000E+00
  0.0000E+00
  0.0000E+00
  0.0000E+00
