Scalar STRAINXX under Modal for nodeset
189
   8.8043E-04
  0.0000E+00
  0.0000E+00
  0.0000E+00
  0.0000E+00
  0.0000E+00
  0.0000E+00
  0.0000E+00
  0.0000E+00
  0.0000E+00
  3.0749E-05
  2.0491E-05
  1.0328E-05
  1.0211E-05
 -1.0842E-18
 -1.0211E-05
 -1.0328E-05
 -2.0491E-05
 -3.0749E-05
  2.3681E-05
  1.5001E-05
  5.0080E-06
  9.3365E-06
 -1.1655E-18
 -9.3365E-06
 -5.0080E-06
 -1.5001E-05
 -2.3681E-05
  2.2905E-05
  1.4247E-05
  5.8751E-06
  8.5149E-06
 -8.6736E-19
 -8.5149E-06
 -5.8751E-06
 -1.4247E-05
 -2.2905E-05
  2.0731E-05
  1.2962E-05
  5.1546E-06
  7.7882E-06
 -1.0300E-18
 -7.7882E-06
 -5.1546E-06
 -1.2962E-05
 -2.0731E-05
  1.8837E-05
  1.1767E-05
  4.7079E-06
  7.0644E-06
 -8.6736E-19
 -7.0644E-06
 -4.7079E-06
 -1.1767E-05
 -1.8837E-05
  1.6922E-05
  1.0572E-05
  4.2248E-06
  6.3485E-06
 -8.6736E-19
 -6.3485E-06
 -4.2248E-06
 -1.0572E-05
 -1.6922E-05
  1.5049E-05
  9.4003E-06
  3.7578E-06
  5.6456E-06
 -1.0842E-18
 -5.6456E-06
 -3.7578E-06
 -9.4003E-06
 -1.5049E-05
  1.3220E-05
  8.2566E-06
  3.3006E-06
  4.9597E-06
  2.1684E-19
 -4.9597E-06
 -3.3006E-06
 -8.2566E-06
 -1.3220E-05
  1.1449E-05
  7.1488E-06
  2.8581E-06
  4.2954E-06
 -8.6736E-19
 -4.2954E-06
 -2.8581E-06
 -7.1488E-06
 -1.1449E-05
  9.7485E-06
  6.0852E-06
  2.4332E-06
  3.6577E-06
 -8.6736E-19
 -3.6577E-06
 -2.4332E-06
 -6.0852E-06
 -9.7485E-06
  8.1332E-06
  5.0747E-06
  2.0295E-06
  3.0518E-06
 -2.6021E-18
 -3.0518E-06
 -2.0295E-06
 -5.0747E-06
 -8.1332E-06
  6.6178E-06
  4.1267E-06
  1.6507E-06
  2.4835E-06
 -2.1684E-18
 -2.4835E-06
 -1.6507E-06
 -4.1267E-06
 -6.6178E-06
  5.2181E-06
  3.2508E-06
  1.3009E-06
  1.9586E-06
 -1.3010E-18
 -1.9586E-06
 -1.3009E-06
 -3.2508E-06
 -5.2181E-06
  3.9499E-06
  2.4571E-06
  9.8384E-07
  1.4830E-06
  8.6736E-19
 -1.4830E-06
 -9.8384E-07
 -2.4571E-06
 -3.9499E-06
  2.8298E-06
  1.7559E-06
  7.0381E-07
  1.0630E-06
  8.6736E-19
 -1.0630E-06
 -7.0381E-07
 -1.7559E-06
 -2.8298E-06
  1.8746E-06
  1.1578E-06
  4.6494E-07
  7.0484E-07
  2.6021E-18
 -7.0484E-07
 -4.6494E-07
 -1.1578E-06
 -1.8746E-06
  1.1012E-06
  6.7320E-07
  2.7150E-07
  4.1485E-07
  1.7347E-18
 -4.1485E-07
 -2.7150E-07
 -6.7320E-07
 -1.1012E-06
  5.2702E-07
  3.1277E-07
  1.2806E-07
  1.9948E-07
 -2.6021E-18
 -1.9948E-07
 -1.2806E-07
 -3.1277E-07
 -5.2702E-07
  1.6618E-07
  8.9057E-08
  3.2922E-08
  6.6630E-08
 -3.4694E-18
 -6.6630E-08
 -3.2922E-08
 -8.9057E-08
 -1.6618E-07
  3.8040E-08
  1.6518E-08
  5.4533E-09
  1.6293E-08
  4.3368E-18
 -1.6293E-08
 -5.4533E-09
 -1.6518E-08
 -3.8040E-08
   8.8043E-04
  0.0000E+00
  0.0000E+00
  0.0000E+00
  0.0000E+00
  0.0000E+00
  0.0000E+00
  0.0000E+00
  0.0000E+00
  0.0000E+00
  3.0068E-05
 -5.8268E-06
 -4.1748E-05
  3.5908E-05
 -2.6936E-19
 -3.5908E-05
  4.1748E-05
  5.8268E-06
 -3.0068E-05
  2.8754E-05
 -4.2657E-06
 -3.6912E-05
  3.2833E-05
 -2.4395E-19
 -3.2833E-05
  3.6912E-05
  4.2657E-06
 -2.8754E-05
  2.5852E-05
 -4.0512E-06
 -3.4036E-05
  2.9944E-05
  4.0658E-20
 -2.9944E-05
  3.4036E-05
  4.0512E-06
 -2.5852E-05
  2.3708E-05
 -3.6860E-06
 -3.1069E-05
  2.7388E-05
  5.4210E-19
 -2.7388E-05
  3.1069E-05
  3.6860E-06
 -2.3708E-05
  2.1496E-05
 -3.3461E-06
 -2.8191E-05
  2.4843E-05
  3.5237E-19
 -2.4843E-05
  2.8191E-05
  3.3461E-06
 -2.1496E-05
  1.9319E-05
 -3.0062E-06
 -2.5332E-05
  2.2326E-05
  8.6736E-19
 -2.2326E-05
  2.5332E-05
  3.0062E-06
 -1.9319E-05
  1.7180E-05
 -2.6731E-06
 -2.2528E-05
  1.9854E-05
  3.7947E-19
 -1.9854E-05
  2.2528E-05
  2.6731E-06
 -1.7180E-05
  1.5093E-05
 -2.3478E-06
 -1.9791E-05
  1.7442E-05
  8.6736E-19
 -1.7442E-05
  1.9791E-05
  2.3478E-06
 -1.5093E-05
  1.3071E-05
 -2.0328E-06
 -1.7140E-05
  1.5105E-05
  1.0842E-18
 -1.5105E-05
  1.7140E-05
  2.0328E-06
 -1.3071E-05
  1.1131E-05
 -1.7304E-06
 -1.4595E-05
  1.2863E-05
  1.6263E-18
 -1.2863E-05
  1.4595E-05
  1.7304E-06
 -1.1131E-05
  9.2874E-06
 -1.4430E-06
 -1.2177E-05
  1.0732E-05
  1.9516E-18
 -1.0732E-05
  1.2177E-05
  1.4430E-06
 -9.2874E-06
  7.5582E-06
 -1.1735E-06
 -9.9094E-06
  8.7338E-06
  6.5052E-19
 -8.7338E-06
  9.9094E-06
  1.1735E-06
 -7.5582E-06
  5.9609E-06
 -9.2439E-07
 -7.8146E-06
  6.8877E-06
  4.3368E-19
 -6.8877E-06
  7.8146E-06
  9.2439E-07
 -5.9609E-06
  4.5138E-06
 -6.9870E-07
 -5.9168E-06
  5.2153E-06
 -1.5179E-18
 -5.2153E-06
  5.9168E-06
  6.9870E-07
 -4.5138E-06
  3.2359E-06
 -4.9932E-07
 -4.2407E-06
  3.7383E-06
  0.0000E+00
 -3.7383E-06
  4.2407E-06
  4.9932E-07
 -3.2359E-06
  2.1460E-06
 -3.2923E-07
 -2.8113E-06
  2.4787E-06
 -1.7347E-18
 -2.4787E-06
  2.8113E-06
  3.2923E-07
 -2.1460E-06
  1.2637E-06
 -1.9143E-07
 -1.6541E-06
  1.4589E-06
 -4.3368E-19
 -1.4589E-06
  1.6541E-06
  1.9143E-07
 -1.2637E-06
  6.0838E-07
 -8.8940E-08
 -7.9466E-07
  7.0152E-07
  8.6736E-19
 -7.0152E-07
  7.9466E-07
  8.8940E-08
 -6.0838E-07
  2.0601E-07
 -2.5324E-08
 -2.6262E-07
  2.3431E-07
  6.5052E-19
 -2.3431E-07
  2.6262E-07
  2.5324E-08
 -2.0601E-07
  5.1114E-08
 -4.6971E-09
 -6.3482E-08
  5.7298E-08
  0.0000E+00
 -5.7298E-08
  6.3482E-08
  4.6971E-09
 -5.1114E-08
   5.3113E-03
  0.0000E+00
  0.0000E+00
  0.0000E+00
  0.0000E+00
  0.0000E+00
  0.0000E+00
  0.0000E+00
  0.0000E+00
  0.0000E+00
  2.0579E-04
  7.0118E-05
 -6.7071E-05
  1.3643E-04
  2.5479E-18
 -1.3643E-04
  6.7071E-05
 -7.0118E-05
 -2.0579E-04
  1.2556E-04
  3.5634E-05
 -5.9144E-05
  9.2350E-05
  1.7347E-18
 -9.2350E-05
  5.9144E-05
 -3.5634E-05
 -1.2556E-04
  7.2356E-05
  2.1003E-05
 -2.9075E-05
  5.0715E-05
  1.1926E-18
 -5.0715E-05
  2.9075E-05
 -2.1003E-05
 -7.2356E-05
  1.7406E-05
  4.9066E-06
 -7.4996E-06
  1.2453E-05
  2.1684E-18
 -1.2453E-05
  7.4996E-06
 -4.9066E-06
 -1.7406E-05
 -3.2414E-05
 -9.6602E-06
  1.3468E-05
 -2.2941E-05
  0.0000E+00
  2.2941E-05
 -1.3468E-05
  9.6602E-06
  3.2414E-05
 -7.6774E-05
 -2.2639E-05
  3.1924E-05
 -5.4349E-05
 -3.0358E-18
  5.4349E-05
 -3.1924E-05
  2.2639E-05
  7.6774E-05
 -1.1403E-04
 -3.3539E-05
  4.7461E-05
 -8.0747E-05
 -4.3368E-19
  8.0747E-05
 -4.7461E-05
  3.3539E-05
  1.1403E-04
 -1.4305E-04
 -4.2024E-05
  5.9556E-05
 -1.0130E-04
  1.7347E-18
  1.0130E-04
 -5.9556E-05
  4.2024E-05
  1.4305E-04
 -1.6297E-04
 -4.7845E-05
  6.7865E-05
 -1.1542E-04
 -3.4694E-18
  1.1542E-04
 -6.7865E-05
  4.7845E-05
  1.6297E-04
 -1.7339E-04
 -5.0878E-05
  7.2215E-05
 -1.2280E-04
 -1.3010E-18
  1.2280E-04
 -7.2215E-05
  5.0878E-05
  1.7339E-04
 -1.7438E-04
 -5.1142E-05
  7.2634E-05
 -1.2350E-04
 -1.7347E-18
  1.2350E-04
 -7.2634E-05
  5.1142E-05
  1.7438E-04
 -1.6650E-04
 -4.8804E-05
  6.9363E-05
 -1.1793E-04
 -4.3368E-19
  1.1793E-04
 -6.9363E-05
  4.8804E-05
  1.6650E-04
 -1.5084E-04
 -4.4184E-05
  6.2856E-05
 -1.0685E-04
 -8.6736E-19
  1.0685E-04
 -6.2856E-05
  4.4184E-05
  1.5084E-04
 -1.2900E-04
 -3.7742E-05
  5.3771E-05
 -9.1385E-05
  3.4694E-18
  9.1385E-05
 -5.3771E-05
  3.7742E-05
  1.2900E-04
 -1.0298E-04
 -3.0068E-05
  4.2948E-05
 -7.2963E-05
  4.5536E-18
  7.2963E-05
 -4.2948E-05
  3.0068E-05
  1.0298E-04
 -7.5168E-05
 -2.1863E-05
  3.1385E-05
 -5.3276E-05
  1.6805E-18
  5.3276E-05
 -3.1385E-05
  2.1863E-05
  7.5168E-05
 -4.8254E-05
 -1.3911E-05
  2.0198E-05
 -3.4226E-05
 -2.1684E-19
  3.4226E-05
 -2.0198E-05
  1.3911E-05
  4.8254E-05
 -2.5142E-05
 -7.0568E-06
  1.0581E-05
 -1.7862E-05
  2.1684E-18
  1.7862E-05
 -1.0581E-05
  7.0568E-06
  2.5142E-05
 -8.8592E-06
 -2.2036E-06
  4.0600E-06
 -6.4596E-06
 -8.6736E-19
  6.4596E-06
 -4.0600E-06
  2.2036E-06
  8.8592E-06
 -2.3510E-06
 -4.6995E-07
  1.1935E-06
 -1.7722E-06
 -1.7347E-18
  1.7722E-06
 -1.1935E-06
  4.6995E-07
  2.3510E-06
   5.3113E-03
  0.0000E+00
  0.0000E+00
  0.0000E+00
  0.0000E+00
  0.0000E+00
  0.0000E+00
  0.0000E+00
  0.0000E+00
  0.0000E+00
 -3.8547E-05
  8.0768E-05
  1.9833E-04
 -1.1844E-04
 -2.7105E-20
  1.1844E-04
 -1.9833E-04
 -8.0768E-05
  3.8547E-05
 -4.1923E-05
  4.1046E-05
  1.1842E-04
 -8.0173E-05
 -3.2526E-19
  8.0173E-05
 -1.1842E-04
 -4.1046E-05
  4.1923E-05
 -1.9101E-05
  2.4193E-05
  6.8956E-05
 -4.4028E-05
 -4.3368E-19
  4.4028E-05
 -6.8956E-05
 -2.4193E-05
  1.9101E-05
 -5.1052E-06
  5.6519E-06
  1.6517E-05
 -1.0811E-05
 -6.5052E-19
  1.0811E-05
 -1.6517E-05
 -5.6519E-06
  5.1052E-06
  9.0041E-06
 -1.1127E-05
 -3.0828E-05
  1.9916E-05
  0.0000E+00
 -1.9916E-05
  3.0828E-05
  1.1127E-05
 -9.0041E-06
  2.1352E-05
 -2.6077E-05
 -7.3014E-05
  4.7183E-05
 -1.3010E-18
 -4.7183E-05
  7.3014E-05
  2.6077E-05
 -2.1352E-05
  3.1759E-05
 -3.8633E-05
 -1.0844E-04
  7.0100E-05
  8.6736E-19
 -7.0100E-05
  1.0844E-04
  3.8633E-05
 -3.1759E-05
  3.9858E-05
 -4.8407E-05
 -1.3603E-04
  8.7945E-05
 -8.6736E-19
 -8.7945E-05
  1.3603E-04
  4.8407E-05
 -3.9858E-05
  4.5424E-05
 -5.5111E-05
 -1.5498E-04
  1.0020E-04
 -3.0358E-18
 -1.0020E-04
  1.5498E-04
  5.5111E-05
 -4.5424E-05
  4.8339E-05
 -5.8605E-05
 -1.6488E-04
  1.0661E-04
 -3.9031E-18
 -1.0661E-04
  1.6488E-04
  5.8605E-05
 -4.8339E-05
  4.8623E-05
 -5.8909E-05
 -1.6582E-04
  1.0722E-04
 -4.3368E-19
 -1.0722E-04
  1.6582E-04
  5.8909E-05
 -4.8623E-05
  4.6437E-05
 -5.6216E-05
 -1.5832E-04
  1.0238E-04
 -1.7347E-18
 -1.0238E-04
  1.5832E-04
  5.6216E-05
 -4.6437E-05
  4.2085E-05
 -5.0894E-05
 -1.4344E-04
  9.2762E-05
 -2.1684E-18
 -9.2762E-05
  1.4344E-04
  5.0894E-05
 -4.2085E-05
  3.6008E-05
 -4.3474E-05
 -1.2266E-04
  7.9336E-05
 -2.1684E-19
 -7.9336E-05
  1.2266E-04
  4.3474E-05
 -3.6008E-05
  2.8769E-05
 -3.4635E-05
 -9.7915E-05
  6.3342E-05
  2.4937E-18
 -6.3342E-05
  9.7915E-05
  3.4635E-05
 -2.8769E-05
  2.1035E-05
 -2.5184E-05
 -7.1468E-05
  4.6251E-05
  2.4395E-18
 -4.6251E-05
  7.1468E-05
  2.5184E-05
 -2.1035E-05
  1.3554E-05
 -1.6023E-05
 -4.5871E-05
  2.9713E-05
  6.5052E-19
 -2.9713E-05
  4.5871E-05
  1.6023E-05
 -1.3554E-05
  7.1205E-06
 -8.1286E-06
 -2.3893E-05
  1.5507E-05
 -8.6736E-19
 -1.5507E-05
  2.3893E-05
  8.1286E-06
 -7.1205E-06
  2.8438E-06
 -2.5382E-06
 -8.3719E-06
  5.6079E-06
 -4.3368E-18
 -5.6079E-06
  8.3719E-06
  2.5382E-06
 -2.8438E-06
  8.7193E-07
 -5.4133E-07
 -2.2052E-06
  1.5386E-06
 -8.6736E-18
 -1.5386E-06
  2.2052E-06
  5.4133E-07
 -8.7193E-07
   7.9251E-03
  0.0000E+00
  0.0000E+00
  0.0000E+00
  0.0000E+00
  0.0000E+00
  0.0000E+00
  0.0000E+00
  0.0000E+00
  0.0000E+00
  6.5052E-19
  2.9273E-18
  6.8305E-18
 -3.0900E-18
 -1.6263E-19
  3.3068E-18
 -6.8305E-18
 -3.2526E-18
 -2.1684E-19
 -8.6736E-19
  2.1684E-18
  4.7705E-18
 -2.3852E-18
 -6.5052E-19
  2.7105E-18
 -3.9031E-18
 -3.4694E-18
  6.5052E-19
  1.7347E-18
 -8.6736E-19
  4.3368E-18
 -1.0842E-18
 -4.3368E-19
  4.3368E-19
 -3.9031E-18
  0.0000E+00
 -3.4694E-18
  1.7347E-18
  1.7347E-18
  8.6736E-19
 -8.6736E-19
  4.3368E-19
 -4.3368E-19
 -3.4694E-18
 -8.6736E-19
 -1.7347E-18
  3.4694E-18
  0.0000E+00
  1.7347E-18
  4.3368E-18
  0.0000E+00
  8.6736E-19
  5.2042E-18
  0.0000E+00
  0.0000E+00
  0.0000E+00
 -1.7347E-18
 -4.3368E-18
  1.7347E-18
  0.0000E+00
 -3.4694E-18
  3.4694E-18
  1.7347E-18
 -2.6021E-18
 -2.6021E-18
 -1.7347E-18
 -6.0715E-18
  8.6736E-19
 -1.3010E-18
 -4.3368E-18
  4.3368E-18
 -8.6736E-19
 -2.6021E-18
 -2.6021E-18
  1.7347E-18
 -3.4694E-18
  4.3368E-19
  0.0000E+00
 -1.7347E-18
  3.4694E-18
 -1.7347E-18
  0.0000E+00
  1.7347E-18
 -2.6021E-18
 -1.2143E-17
  6.0715E-18
 -8.6736E-19
 -4.3368E-18
  1.0408E-17
  8.6736E-19
  3.4694E-18
  1.7347E-18
 -1.5111E-18
 -5.2042E-18
  4.3368E-18
  2.8460E-19
 -7.8063E-18
  6.9389E-18
  2.0803E-18
 -1.0408E-17
  6.9389E-18
 -1.3010E-18
 -3.4694E-18
  4.3368E-18
 -1.3010E-18
 -3.4694E-18
  1.7347E-18
 -1.3010E-18
 -3.4694E-18
  5.2042E-18
 -8.6736E-19
 -3.4694E-18
  8.6736E-18
  4.3368E-19
 -3.4694E-18
  1.2143E-17
  1.7347E-18
 -3.4694E-18
  8.6736E-18
 -8.6736E-19
 -5.2042E-18
  6.0715E-18
  4.3368E-19
 -8.6736E-19
  3.4694E-18
  1.7347E-18
  3.4694E-18
  3.4694E-18
 -8.6736E-19
 -1.3878E-17
  5.2042E-18
 -1.3010E-18
 -2.6021E-18
  6.9389E-18
 -1.7347E-18
  8.6736E-18
  0.0000E+00
 -2.6021E-18
 -8.6736E-18
  3.4694E-18
  4.3368E-19
 -3.4694E-18
  6.9389E-18
  3.4694E-18
  1.7347E-18
  6.9389E-18
  4.3368E-19
  0.0000E+00
  0.0000E+00
  0.0000E+00
  0.0000E+00
 -6.9389E-18
 -4.3368E-19
  0.0000E+00
  0.0000E+00
 -8.6736E-19
  1.3878E-17
  1.7347E-18
 -5.4210E-19
  6.0715E-18
  3.4694E-18
 -2.1684E-19
 -1.7347E-18
  1.0408E-17
 -3.2526E-18
  1.2143E-17
  8.6736E-18
  3.2526E-19
  1.7347E-18
  6.9389E-18
  3.9031E-18
 -8.6736E-18
 -3.4694E-18
  4.3368E-18
 -1.0408E-17
  5.2042E-18
  0.0000E+00
 -1.7347E-18
  1.3878E-17
 -4.3368E-18
  6.9389E-18
  1.7347E-18
  3.4694E-18
 -6.9389E-18
 -8.6736E-19
  1.7347E-18
 -6.9389E-18
 -3.4694E-18
  0.0000E+00
 -6.9389E-18
   1.2850E-02
  0.0000E+00
  0.0000E+00
  0.0000E+00
  0.0000E+00
  0.0000E+00
  0.0000E+00
  0.0000E+00
  0.0000E+00
  0.0000E+00
  2.5253E-04
  2.5143E-04
  2.5253E-04
  2.5253E-04
  2.5143E-04
  2.5253E-04
  2.5253E-04
  2.5143E-04
  2.5253E-04
  2.3786E-04
  2.4330E-04
  2.3786E-04
  2.3786E-04
  2.4330E-04
  2.3786E-04
  2.3786E-04
  2.4330E-04
  2.3786E-04
  2.3432E-04
  2.3367E-04
  2.3432E-04
  2.3432E-04
  2.3367E-04
  2.3432E-04
  2.3432E-04
  2.3367E-04
  2.3432E-04
  2.2884E-04
  2.2897E-04
  2.2884E-04
  2.2884E-04
  2.2897E-04
  2.2884E-04
  2.2884E-04
  2.2897E-04
  2.2884E-04
  2.2246E-04
  2.2256E-04
  2.2246E-04
  2.2246E-04
  2.2256E-04
  2.2246E-04
  2.2246E-04
  2.2256E-04
  2.2246E-04
  2.1463E-04
  2.1473E-04
  2.1463E-04
  2.1463E-04
  2.1473E-04
  2.1463E-04
  2.1463E-04
  2.1473E-04
  2.1463E-04
  2.0547E-04
  2.0556E-04
  2.0547E-04
  2.0547E-04
  2.0556E-04
  2.0547E-04
  2.0547E-04
  2.0556E-04
  2.0547E-04
  1.9502E-04
  1.9511E-04
  1.9502E-04
  1.9502E-04
  1.9511E-04
  1.9502E-04
  1.9502E-04
  1.9511E-04
  1.9502E-04
  1.8336E-04
  1.8344E-04
  1.8336E-04
  1.8336E-04
  1.8344E-04
  1.8336E-04
  1.8336E-04
  1.8344E-04
  1.8336E-04
  1.7055E-04
  1.7063E-04
  1.7055E-04
  1.7055E-04
  1.7063E-04
  1.7055E-04
  1.7055E-04
  1.7063E-04
  1.7055E-04
  1.5668E-04
  1.5675E-04
  1.5668E-04
  1.5668E-04
  1.5675E-04
  1.5668E-04
  1.5668E-04
  1.5675E-04
  1.5668E-04
  1.4184E-04
  1.4190E-04
  1.4184E-04
  1.4184E-04
  1.4190E-04
  1.4184E-04
  1.4184E-04
  1.4190E-04
  1.4184E-04
  1.2611E-04
  1.2616E-04
  1.2611E-04
  1.2611E-04
  1.2616E-04
  1.2611E-04
  1.2611E-04
  1.2616E-04
  1.2611E-04
  1.0959E-04
  1.0964E-04
  1.0959E-04
  1.0959E-04
  1.0964E-04
  1.0959E-04
  1.0959E-04
  1.0964E-04
  1.0959E-04
  9.2388E-05
  9.2429E-05
  9.2388E-05
  9.2388E-05
  9.2429E-05
  9.2388E-05
  9.2388E-05
  9.2429E-05
  9.2388E-05
  7.4613E-05
  7.4646E-05
  7.4613E-05
  7.4613E-05
  7.4646E-05
  7.4613E-05
  7.4613E-05
  7.4646E-05
  7.4613E-05
  5.6361E-05
  5.6408E-05
  5.6361E-05
  5.6361E-05
  5.6408E-05
  5.6361E-05
  5.6361E-05
  5.6408E-05
  5.6361E-05
  3.7744E-05
  3.7642E-05
  3.7744E-05
  3.7744E-05
  3.7642E-05
  3.7744E-05
  3.7744E-05
  3.7642E-05
  3.7744E-05
  1.8503E-05
  1.8261E-05
  1.8503E-05
  1.8503E-05
  1.8261E-05
  1.8503E-05
  1.8503E-05
  1.8261E-05
  1.8503E-05
  6.5388E-06
  6.3296E-06
  6.5388E-06
  6.5388E-06
  6.3296E-06
  6.5388E-06
  6.5388E-06
  6.3296E-06
  6.5388E-06
   1.4128E-02
  0.0000E+00
  0.0000E+00
  0.0000E+00
  0.0000E+00
  0.0000E+00
  0.0000E+00
  0.0000E+00
  0.0000E+00
  0.0000E+00
 -3.6593E-04
 -2.0018E-04
 -2.3903E-05
 -1.7102E-04
  1.3010E-18
  1.7102E-04
  2.3903E-05
  2.0018E-04
  3.6593E-04
 -1.0078E-04
 -4.5810E-05
  2.2890E-05
 -6.1837E-05
  0.0000E+00
  6.1837E-05
 -2.2890E-05
  4.5810E-05
  1.0078E-04
  6.0743E-05
  3.1123E-05
 -5.7090E-06
  3.3226E-05
 -1.7347E-18
 -3.3226E-05
  5.7090E-06
 -3.1123E-05
 -6.0743E-05
  2.0393E-04
  9.8975E-05
 -1.0269E-05
  1.0710E-04
  3.9031E-18
 -1.0710E-04
  1.0269E-05
 -9.8975E-05
 -2.0393E-04
  2.9488E-04
  1.4239E-04
 -1.5800E-05
  1.5534E-04
 -8.6736E-19
 -1.5534E-04
  1.5800E-05
 -1.4239E-04
 -2.9488E-04
  3.2938E-04
  1.5873E-04
 -1.7655E-05
  1.7352E-04
 -3.4694E-18
 -1.7352E-04
  1.7655E-05
 -1.5873E-04
 -3.2938E-04
  3.0527E-04
  1.4701E-04
 -1.6413E-05
  1.6084E-04
  0.0000E+00
 -1.6084E-04
  1.6413E-05
 -1.4701E-04
 -3.0527E-04
  2.2875E-04
  1.1017E-04
 -1.2293E-05
  1.2052E-04
 -4.3368E-19
 -1.2052E-04
  1.2293E-05
 -1.1017E-04
 -2.2875E-04
  1.1279E-04
  5.4426E-05
 -6.0270E-06
  5.9408E-05
 -1.5179E-18
 -5.9408E-05
  6.0270E-06
 -5.4426E-05
 -1.1279E-04
 -2.4411E-05
 -1.1479E-05
  1.4021E-06
 -1.2907E-05
 -6.3697E-19
  1.2907E-05
 -1.4021E-06
  1.1479E-05
  2.4411E-05
 -1.6206E-04
 -7.7568E-05
  8.8659E-06
 -8.5463E-05
 -6.5052E-19
  8.5463E-05
 -8.8659E-06
  7.7568E-05
  1.6206E-04
 -2.7984E-04
 -1.3408E-04
  1.5264E-05
 -1.4755E-04
  2.6021E-18
  1.4755E-04
 -1.5264E-05
  1.3408E-04
  2.7984E-04
 -3.6099E-04
 -1.7296E-04
  1.9691E-05
 -1.9034E-04
  4.3368E-18
  1.9034E-04
 -1.9691E-05
  1.7296E-04
  3.6099E-04
 -3.9488E-04
 -1.8909E-04
  2.1573E-05
 -2.0823E-04
 -3.4694E-18
  2.0823E-04
 -2.1573E-05
  1.8909E-04
  3.9488E-04
 -3.7884E-04
 -1.8118E-04
  2.0774E-05
 -1.9981E-04
  1.3010E-17
  1.9981E-04
 -2.0774E-05
  1.8118E-04
  3.7884E-04
 -3.1886E-04
 -1.5206E-04
  1.7625E-05
 -1.6824E-04
 -8.6736E-19
  1.6824E-04
 -1.7625E-05
  1.5206E-04
  3.1886E-04
 -2.2915E-04
 -1.0852E-04
  1.2918E-05
 -1.2103E-04
  1.0734E-17
  1.2103E-04
 -1.2918E-05
  1.0852E-04
  2.2915E-04
 -1.3090E-04
 -6.0630E-05
  7.6418E-06
 -6.9273E-05
  1.3010E-17
  6.9273E-05
 -7.6418E-06
  6.0630E-05
  1.3090E-04
 -4.9027E-05
 -2.0619E-05
  5.1175E-06
 -2.7072E-05
  4.3368E-19
  2.7072E-05
 -5.1175E-06
  2.0619E-05
  4.9027E-05
 -1.3892E-05
 -4.8774E-06
  2.4244E-06
 -8.1582E-06
  6.9389E-18
  8.1582E-06
 -2.4244E-06
  4.8774E-06
  1.3892E-05
   1.4128E-02
  0.0000E+00
  0.0000E+00
  0.0000E+00
  0.0000E+00
  0.0000E+00
  0.0000E+00
  0.0000E+00
  0.0000E+00
  0.0000E+00
 -2.1950E-04
  1.0606E-04
  4.2605E-04
 -3.2277E-04
  1.1384E-18
  3.2277E-04
 -4.2605E-04
 -1.0606E-04
  2.1950E-04
 -9.6076E-05
  2.4272E-05
  1.3735E-04
 -1.1671E-04
  2.1684E-19
  1.1671E-04
 -1.3735E-04
 -2.4272E-05
  9.6076E-05
  4.8131E-05
 -1.6490E-05
 -7.7290E-05
  6.2711E-05
 -2.1684E-19
 -6.2711E-05
  7.7290E-05
  1.6490E-05
 -4.8131E-05
  1.5084E-04
 -5.2440E-05
 -2.5345E-04
  2.0214E-04
  0.0000E+00
 -2.0214E-04
  2.5345E-04
  5.2440E-05
 -1.5084E-04
  2.1926E-04
 -7.5444E-05
 -3.6712E-04
  2.9319E-04
 -1.7347E-18
 -2.9319E-04
  3.6712E-04
  7.5444E-05
 -2.1926E-04
  2.4492E-04
 -8.4100E-05
 -4.1008E-04
  3.2750E-04
 -2.1684E-18
 -3.2750E-04
  4.1008E-04
  8.4100E-05
 -2.4492E-04
  2.2705E-04
 -7.7890E-05
 -3.8010E-04
  3.0358E-04
 -4.3368E-19
 -3.0358E-04
  3.8010E-04
  7.7890E-05
 -2.2705E-04
  1.7013E-04
 -5.8370E-05
 -2.8482E-04
  2.2747E-04
 -1.9516E-18
 -2.2747E-04
  2.8482E-04
  5.8370E-05
 -1.7013E-04
  8.3844E-05
 -2.8837E-05
 -1.4041E-04
  1.1213E-04
 -1.7347E-18
 -1.1213E-04
  1.4041E-04
  2.8837E-05
 -8.3844E-05
 -1.8264E-05
  6.0820E-06
  3.0455E-05
 -2.4360E-05
 -8.6736E-19
  2.4360E-05
 -3.0455E-05
 -6.0820E-06
  1.8264E-05
 -1.2072E-04
  4.1098E-05
  2.0189E-04
 -1.6130E-04
 -1.0842E-18
  1.6130E-04
 -2.0189E-04
 -4.1098E-05
  1.2072E-04
 -2.0840E-04
  7.1041E-05
  3.4858E-04
 -2.7849E-04
  2.1684E-19
  2.7849E-04
 -3.4858E-04
 -7.1041E-05
  2.0840E-04
 -2.6883E-04
  9.1640E-05
  4.4966E-04
 -3.5925E-04
  0.0000E+00
  3.5925E-04
 -4.4966E-04
 -9.1640E-05
  2.6883E-04
 -2.9411E-04
  1.0019E-04
  4.9190E-04
 -3.9300E-04
  3.9031E-18
  3.9300E-04
 -4.9190E-04
 -1.0019E-04
  2.9411E-04
 -2.8226E-04
  9.5993E-05
  4.7197E-04
 -3.7711E-04
  3.0358E-18
  3.7711E-04
 -4.7197E-04
 -9.5993E-05
  2.8226E-04
 -2.3774E-04
  8.0568E-05
  3.9734E-04
 -3.1754E-04
 -8.6736E-19
  3.1754E-04
 -3.9734E-04
 -8.0568E-05
  2.3774E-04
 -1.7116E-04
  5.7499E-05
  2.8572E-04
 -2.2844E-04
 -9.7578E-19
  2.2844E-04
 -2.8572E-04
 -5.7499E-05
  1.7116E-04
 -9.8091E-05
  3.2124E-05
  1.6340E-04
 -1.3074E-04
 -8.6736E-19
  1.3074E-04
 -1.6340E-04
 -3.2124E-05
  9.8091E-05
 -3.9464E-05
  1.0924E-05
  6.2728E-05
 -5.1096E-05
  2.1684E-18
  5.1096E-05
 -6.2728E-05
 -1.0924E-05
  3.9464E-05
 -1.2360E-05
  2.5842E-06
  1.8436E-05
 -1.5398E-05
 -3.4694E-18
  1.5398E-05
 -1.8436E-05
 -2.5842E-06
  1.2360E-05
   2.3824E-02
  0.0000E+00
  0.0000E+00
  0.0000E+00
  0.0000E+00
  0.0000E+00
  0.0000E+00
  0.0000E+00
  0.0000E+00
  0.0000E+00
 -9.9747E-18
  5.6379E-18
 -6.9389E-18
 -6.7221E-18
 -6.5052E-19
 -1.0842E-18
 -3.4694E-18
 -6.9389E-18
  4.7705E-18
  1.8215E-17
  3.0358E-17
  8.6736E-19
  2.6021E-18
  6.0715E-18
 -1.5613E-17
 -1.3010E-17
 -1.8215E-17
 -3.2092E-17
 -1.2143E-17
  3.4694E-17
 -2.9490E-17
  1.9082E-17
  8.6736E-18
 -5.2042E-18
  5.0307E-17
 -1.7347E-17
  1.9082E-17
  4.1633E-17
 -3.6429E-17
  5.3776E-17
  1.0408E-17
 -1.5613E-17
 -6.9389E-18
 -2.0817E-17
  5.2042E-18
 -6.7654E-17
  2.2551E-17
  2.2551E-17
 -3.4694E-18
  1.3878E-17
 -7.8063E-18
 -7.8063E-18
  5.2042E-18
 -3.8164E-17
 -1.2143E-17
  2.0817E-17
  8.6736E-18
 -1.0408E-17
 -5.2042E-18
  1.1709E-17
 -6.9389E-18
 -3.1225E-17
  1.4745E-17
 -3.4694E-18
 -2.9490E-17
 -9.6223E-18
  5.2042E-18
 -8.6736E-19
 -7.7792E-18
 -9.5410E-18
  2.7756E-17
 -5.9360E-18
 -2.4286E-17
 -1.5613E-17
  4.3368E-18
 -1.9082E-17
 -4.1633E-17
 -1.7347E-18
  2.8623E-17
 -6.7654E-17
 -7.8063E-18
  7.6328E-17
  1.0408E-17
  1.5613E-17
 -8.6736E-18
  3.4694E-18
  3.4694E-18
 -8.6736E-19
 -3.4694E-18
 -8.6736E-18
  6.9389E-18
  8.1532E-17
 -6.2450E-17
  3.8164E-17
  2.3419E-17
 -5.2042E-18
  2.2551E-17
 -3.4694E-17
  5.2042E-17
  6.9389E-18
 -5.3776E-17
  2.6888E-17
  3.9031E-17
  1.5613E-17
  5.2042E-18
 -1.2143E-17
  8.5001E-17
 -1.6480E-17
 -6.3317E-17
 -4.0766E-17
  1.1276E-17
 -5.5077E-17
 -1.7347E-18
 -5.4210E-18
 -5.5511E-17
  3.7297E-17
 -2.2118E-17
 -5.5945E-17
  7.5135E-17
  6.2884E-18
  4.0766E-17
  2.9436E-17
 -7.3184E-18
  4.1850E-17
 -1.6263E-17
 -2.0925E-17
  4.2934E-17
 -1.3878E-17
  6.4185E-17
 -9.4109E-17
 -2.9924E-17
  1.7781E-17
 -5.0090E-17
 -4.5970E-17
 -2.8623E-17
 -6.0715E-18
 -3.4694E-18
 -6.5919E-17
  7.9797E-17
 -1.7347E-18
 -5.3776E-17
  1.4745E-17
  0.0000E+00
 -4.1633E-17
 -5.0307E-17
 -6.0715E-17
  3.6429E-17
  1.0408E-16
 -6.6787E-17
  1.3010E-17
  1.1709E-17
 -7.2858E-17
 -1.0408E-17
 -8.0665E-17
 -1.0061E-16
 -5.6379E-17
 -3.4694E-17
 -2.6021E-18
 -4.2934E-17
  7.8063E-17
  9.5410E-17
 -2.9490E-17
  1.9082E-16
  7.4593E-17
 -1.3618E-16
  1.3531E-16
  2.7756E-17
 -5.1066E-17
  1.1276E-17
 -1.9082E-17
  3.4044E-17
 -1.1276E-16
  1.2490E-16
  9.5410E-18
 -1.0235E-16
  6.9389E-17
 -3.4694E-18
 -2.4286E-17
  1.3878E-17
 -1.6480E-17
  5.3776E-17
 -1.8388E-16
 -1.0408E-17
  1.6306E-16
  1.3878E-17
 -1.7347E-17
  1.1276E-17
  2.1164E-16
 -2.4286E-17
 -1.4051E-16
   2.6015E-02
  0.0000E+00
  0.0000E+00
  0.0000E+00
  0.0000E+00
  0.0000E+00
  0.0000E+00
  0.0000E+00
  0.0000E+00
  0.0000E+00
  5.1677E-06
  2.5629E-04
  4.8306E-04
 -2.3895E-04
 -7.4704E-14
  2.3895E-04
 -4.8306E-04
 -2.5629E-04
 -5.1677E-06
 -1.7616E-05
 -5.1496E-05
 -9.8102E-05
  4.0243E-05
 -2.0718E-13
 -4.0243E-05
  9.8102E-05
  5.1496E-05
  1.7616E-05
  6.0341E-05
 -1.9140E-04
 -4.2075E-04
  2.4055E-04
 -1.7544E-13
 -2.4055E-04
  4.2075E-04
  1.9140E-04
 -6.0341E-05
  7.7040E-05
 -2.6267E-04
 -5.8475E-04
  3.3090E-04
  2.0991E-13
 -3.3090E-04
  5.8475E-04
  2.6267E-04
 -7.7040E-05
  7.1678E-05
 -2.4026E-04
 -5.3620E-04
  3.0394E-04
  1.0588E-14
 -3.0394E-04
  5.3620E-04
  2.4026E-04
 -7.1678E-05
  4.1369E-05
 -1.3909E-04
 -3.1032E-04
  1.7584E-04
 -4.9153E-14
 -1.7584E-04
  3.1032E-04
  1.3909E-04
 -4.1369E-05
 -2.8344E-06
  8.3067E-06
  1.9779E-05
 -1.1307E-05
  1.9623E-13
  1.1307E-05
 -1.9779E-05
 -8.3067E-06
  2.8344E-06
 -4.7568E-05
  1.5710E-04
  3.5326E-04
 -2.0041E-04
 -6.1450E-14
  2.0041E-04
 -3.5326E-04
 -1.5710E-04
  4.7568E-05
 -7.9404E-05
  2.6300E-04
  5.9062E-04
 -3.3501E-04
  1.1686E-14
  3.3501E-04
 -5.9062E-04
 -2.6300E-04
  7.9404E-05
 -8.8822E-05
  2.9451E-04
  6.6105E-04
 -3.7494E-04
  2.2831E-13
  3.7494E-04
 -6.6105E-04
 -2.9451E-04
  8.8822E-05
 -7.2792E-05
  2.4163E-04
  5.4208E-04
 -3.0744E-04
  3.3026E-14
  3.0744E-04
 -5.4208E-04
 -2.4163E-04
  7.2792E-05
 -3.5581E-05
  1.1858E-04
  2.6555E-04
 -1.5057E-04
  1.3308E-13
  1.5057E-04
 -2.6555E-04
 -1.1858E-04
  3.5581E-05
  1.2546E-05
 -4.0518E-05
 -9.2053E-05
  5.2300E-05
 -1.7221E-13
 -5.2300E-05
  9.2053E-05
  4.0518E-05
 -1.2546E-05
  5.8362E-05
 -1.9171E-04
 -4.3216E-04
  2.4526E-04
 -1.3332E-13
 -2.4526E-04
  4.3216E-04
  1.9171E-04
 -5.8362E-05
  8.9597E-05
 -2.9414E-04
 -6.6323E-04
  3.7641E-04
  1.8791E-15
 -3.7641E-04
  6.6323E-04
  2.9414E-04
 -8.9597E-05
  9.8636E-05
 -3.2234E-04
 -7.2836E-04
  4.1350E-04
  1.3916E-14
 -4.1350E-04
  7.2836E-04
  3.2234E-04
 -9.8636E-05
  8.5079E-05
 -2.7434E-04
 -6.2360E-04
  3.5434E-04
  4.1061E-15
 -3.5434E-04
  6.2360E-04
  2.7434E-04
 -8.5079E-05
  5.5554E-05
 -1.7394E-04
 -4.0327E-04
  2.2941E-04
  8.1975E-14
 -2.2941E-04
  4.0327E-04
  1.7394E-04
 -5.5554E-05
  3.0457E-05
 -6.5051E-05
 -1.6586E-04
  9.8157E-05
 -1.0867E-13
 -9.8157E-05
  1.6586E-04
  6.5051E-05
 -3.0457E-05
  1.3383E-05
 -1.6926E-05
 -5.1609E-05
  3.2496E-05
 -8.0485E-14
 -3.2496E-05
  5.1609E-05
  1.6926E-05
 -1.3383E-05
   2.6015E-02
  0.0000E+00
  0.0000E+00
  0.0000E+00
  0.0000E+00
  0.0000E+00
  0.0000E+00
  0.0000E+00
  0.0000E+00
  0.0000E+00
 -5.3556E-04
 -1.5971E-04
  2.3132E-04
 -3.8344E-04
 -6.9162E-14
  3.8344E-04
 -2.3132E-04
  1.5971E-04
  5.3556E-04
  1.0063E-04
  3.2090E-05
 -2.8523E-05
  6.4579E-05
 -1.9113E-13
 -6.4579E-05
  2.8523E-05
 -3.2090E-05
 -1.0063E-04
  4.9830E-04
  1.1927E-04
 -2.7371E-04
  3.8601E-04
 -1.6177E-13
 -3.8601E-04
  2.7371E-04
 -1.1927E-04
 -4.9830E-04
  6.8919E-04
  1.6368E-04
 -3.7280E-04
  5.3099E-04
  1.9346E-13
 -5.3099E-04
  3.7280E-04
 -1.6368E-04
 -6.8919E-04
  6.3247E-04
  1.4972E-04
 -3.4300E-04
  4.8773E-04
  9.9053E-15
 -4.8773E-04
  3.4300E-04
 -1.4972E-04
 -6.3247E-04
  3.6598E-04
  8.6675E-05
 -1.9838E-04
  2.8218E-04
 -4.5158E-14
 -2.8218E-04
  1.9838E-04
 -8.6675E-05
 -3.6598E-04
 -2.3424E-05
 -5.1764E-06
  1.2864E-05
 -1.8144E-05
  1.8096E-13
  1.8144E-05
 -1.2864E-05
  5.1764E-06
  2.3424E-05
 -4.1685E-04
 -9.7898E-05
  2.2636E-04
 -3.2161E-04
 -5.6397E-14
  3.2161E-04
 -2.2636E-04
  9.7898E-05
  4.1685E-04
 -6.9689E-04
 -1.6389E-04
  3.7832E-04
 -5.3760E-04
  1.1055E-14
  5.3760E-04
 -3.7832E-04
  1.6389E-04
  6.9689E-04
 -7.7996E-04
 -1.8353E-04
  4.2337E-04
 -6.0167E-04
  2.1071E-13
  6.0167E-04
 -4.2337E-04
  1.8353E-04
  7.7996E-04
 -6.3957E-04
 -1.5057E-04
  3.4713E-04
 -4.9335E-04
  3.0699E-14
  4.9335E-04
 -3.4713E-04
  1.5057E-04
  6.3957E-04
 -3.1327E-04
 -7.3898E-05
  1.6996E-04
 -2.4162E-04
  1.2269E-13
  2.4162E-04
 -1.6996E-04
  7.3898E-05
  3.1327E-04
  1.0870E-04
  2.5249E-05
 -5.9153E-05
  8.3926E-05
 -1.5886E-13
 -8.3926E-05
  5.9153E-05
 -2.5249E-05
 -1.0870E-04
  5.1004E-04
  1.1947E-04
 -2.7711E-04
  3.9358E-04
 -1.2324E-13
 -3.9358E-04
  2.7711E-04
 -1.1947E-04
 -5.1004E-04
  7.8277E-04
  1.8330E-04
 -4.2530E-04
  6.0404E-04
  1.5495E-15
 -6.0404E-04
  4.2530E-04
 -1.8330E-04
 -7.8277E-04
  8.5975E-04
  2.0087E-04
 -4.6733E-04
  6.6354E-04
  1.2523E-14
 -6.6354E-04
  4.6733E-04
 -2.0087E-04
 -8.5975E-04
  7.3641E-04
  1.7096E-04
 -4.0082E-04
  5.6861E-04
  3.6887E-15
 -5.6861E-04
  4.0082E-04
 -1.7096E-04
 -7.3641E-04
  4.7648E-04
  1.0839E-04
 -2.5980E-04
  3.6814E-04
  7.5449E-14
 -3.6814E-04
  2.5980E-04
 -1.0839E-04
 -4.7648E-04
  1.9970E-04
  4.0537E-05
 -1.1533E-04
  1.5751E-04
 -1.0024E-13
 -1.5751E-04
  1.1533E-04
 -4.0537E-05
 -1.9970E-04
  6.4057E-05
  1.0547E-05
 -4.0237E-05
  5.2147E-05
 -7.4176E-14
 -5.2147E-05
  4.0237E-05
 -1.0547E-05
 -6.4057E-05
   3.8606E-02
  0.0000E+00
  0.0000E+00
  0.0000E+00
  0.0000E+00
  0.0000E+00
  0.0000E+00
  0.0000E+00
  0.0000E+00
  0.0000E+00
  7.4868E-04
  7.4806E-04
  7.4868E-04
  7.4868E-04
  7.4806E-04
  7.4868E-04
  7.4868E-04
  7.4806E-04
  7.4868E-04
  6.5664E-04
  6.7557E-04
  6.5664E-04
  6.5664E-04
  6.7557E-04
  6.5664E-04
  6.5664E-04
  6.7557E-04
  6.5664E-04
  5.6447E-04
  5.6450E-04
  5.6447E-04
  5.6447E-04
  5.6450E-04
  5.6447E-04
  5.6447E-04
  5.6450E-04
  5.6447E-04
  4.3950E-04
  4.4135E-04
  4.3950E-04
  4.3950E-04
  4.4135E-04
  4.3950E-04
  4.3950E-04
  4.4135E-04
  4.3950E-04
  2.9158E-04
  2.9275E-04
  2.9158E-04
  2.9158E-04
  2.9275E-04
  2.9158E-04
  2.9158E-04
  2.9275E-04
  2.9158E-04
  1.2717E-04
  1.2768E-04
  1.2717E-04
  1.2717E-04
  1.2768E-04
  1.2717E-04
  1.2717E-04
  1.2768E-04
  1.2717E-04
 -4.4343E-05
 -4.4521E-05
 -4.4343E-05
 -4.4343E-05
 -4.4521E-05
 -4.4343E-05
 -4.4343E-05
 -4.4521E-05
 -4.4343E-05
 -2.1338E-04
 -2.1424E-04
 -2.1338E-04
 -2.1338E-04
 -2.1424E-04
 -2.1338E-04
 -2.1338E-04
 -2.1424E-04
 -2.1338E-04
 -3.7049E-04
 -3.7198E-04
 -3.7049E-04
 -3.7049E-04
 -3.7198E-04
 -3.7049E-04
 -3.7049E-04
 -3.7198E-04
 -3.7049E-04
 -5.0690E-04
 -5.0894E-04
 -5.0690E-04
 -5.0690E-04
 -5.0894E-04
 -5.0690E-04
 -5.0690E-04
 -5.0894E-04
 -5.0690E-04
 -6.1498E-04
 -6.1745E-04
 -6.1498E-04
 -6.1498E-04
 -6.1745E-04
 -6.1498E-04
 -6.1498E-04
 -6.1745E-04
 -6.1498E-04
 -6.8869E-04
 -6.9146E-04
 -6.8869E-04
 -6.8869E-04
 -6.9146E-04
 -6.8869E-04
 -6.8869E-04
 -6.9146E-04
 -6.8869E-04
 -7.2391E-04
 -7.2682E-04
 -7.2391E-04
 -7.2391E-04
 -7.2682E-04
 -7.2391E-04
 -7.2391E-04
 -7.2682E-04
 -7.2391E-04
 -7.1868E-04
 -7.2157E-04
 -7.1868E-04
 -7.1868E-04
 -7.2157E-04
 -7.1868E-04
 -7.1868E-04
 -7.2157E-04
 -7.1868E-04
 -6.7329E-04
 -6.7600E-04
 -6.7329E-04
 -6.7329E-04
 -6.7600E-04
 -6.7329E-04
 -6.7329E-04
 -6.7600E-04
 -6.7329E-04
 -5.9029E-04
 -5.9266E-04
 -5.9029E-04
 -5.9029E-04
 -5.9266E-04
 -5.9029E-04
 -5.9029E-04
 -5.9266E-04
 -5.9029E-04
 -4.7419E-04
 -4.7629E-04
 -4.7419E-04
 -4.7419E-04
 -4.7629E-04
 -4.7419E-04
 -4.7419E-04
 -4.7629E-04
 -4.7419E-04
 -3.3143E-04
 -3.3166E-04
 -3.3143E-04
 -3.3143E-04
 -3.3166E-04
 -3.3143E-04
 -3.3143E-04
 -3.3166E-04
 -3.3143E-04
 -1.6672E-04
 -1.6505E-04
 -1.6672E-04
 -1.6672E-04
 -1.6505E-04
 -1.6672E-04
 -1.6672E-04
 -1.6505E-04
 -1.6672E-04
 -6.0129E-05
 -5.8374E-05
 -6.0129E-05
 -6.0129E-05
 -5.8374E-05
 -6.0129E-05
 -6.0129E-05
 -5.8374E-05
 -6.0129E-05
