Scalar MT under Modal for nodeset
189
   8.5515E-01
  0.0000E+00
  0.0000E+00
  0.0000E+00
  0.0000E+00
  0.0000E+00
  0.0000E+00
  0.0000E+00
  0.0000E+00
  0.0000E+00
  2.2238E-05
  1.2481E-05
  2.2239E-05
  1.2480E-05
  5.9504E-10
  1.2480E-05
  2.2238E-05
  1.2479E-05
  2.2238E-05
  4.0529E-05
  1.8817E-06
  4.0531E-05
  1.8821E-06
  8.5309E-10
  1.8827E-06
  4.0530E-05
  1.8832E-06
  4.0530E-05
  1.0092E-04
  5.2144E-05
  1.0092E-04
  5.2144E-05
  1.1895E-09
  5.2146E-05
  1.0092E-04
  5.2145E-05
  1.0092E-04
  2.1815E-04
  1.4187E-04
  2.1815E-04
  1.4187E-04
  1.5737E-09
  1.4188E-04
  2.1815E-04
  1.4187E-04
  2.1815E-04
  3.8081E-04
  2.6533E-04
  3.8081E-04
  2.6533E-04
  1.7762E-09
  2.6533E-04
  3.8081E-04
  2.6533E-04
  3.8081E-04
  5.6139E-04
  4.0256E-04
  5.6139E-04
  4.0255E-04
  2.1450E-09
  4.0256E-04
  5.6139E-04
  4.0256E-04
  5.6139E-04
  7.1044E-04
  5.1447E-04
  7.1044E-04
  5.1447E-04
  2.1358E-09
  5.1447E-04
  7.1044E-04
  5.1447E-04
  7.1044E-04
  7.5857E-04
  5.3995E-04
  7.5858E-04
  5.3994E-04
  2.1329E-09
  5.3995E-04
  7.5857E-04
  5.3995E-04
  7.5858E-04
  6.5262E-04
  3.9791E-04
  6.5262E-04
  3.9791E-04
  1.9867E-09
  3.9791E-04
  6.5262E-04
  3.9791E-04
  6.5262E-04
  6.2080E-04
  2.0492E-06
  6.2080E-04
  2.0504E-06
  1.1977E-09
  2.0483E-06
  6.2080E-04
  2.0494E-06
  6.2080E-04
  1.3584E-03
  7.3684E-04
  1.3584E-03
  7.3684E-04
  1.0445E-09
  7.3684E-04
  1.3584E-03
  7.3684E-04
  1.3584E-03
  2.7604E-03
  1.8325E-03
  2.7604E-03
  1.8325E-03
  8.9285E-10
  1.8325E-03
  2.7604E-03
  1.8325E-03
  2.7604E-03
  4.5704E-03
  3.2132E-03
  4.5704E-03
  3.2132E-03
  8.9927E-10
  3.2132E-03
  4.5704E-03
  3.2132E-03
  4.5704E-03
  6.4490E-03
  4.6421E-03
  6.4490E-03
  4.6421E-03
  1.0810E-09
  4.6421E-03
  6.4490E-03
  4.6421E-03
  6.4490E-03
  7.8314E-03
  5.6686E-03
  7.8314E-03
  5.6686E-03
  8.8217E-10
  5.6686E-03
  7.8314E-03
  5.6686E-03
  7.8314E-03
  7.9724E-03
  5.6053E-03
  7.9724E-03
  5.6053E-03
  8.4784E-10
  5.6053E-03
  7.9724E-03
  5.6053E-03
  7.9724E-03
  6.5444E-03
  3.5660E-03
  6.5444E-03
  3.5660E-03
  6.6956E-10
  3.5660E-03
  6.5444E-03
  3.5660E-03
  6.5444E-03
  7.5089E-03
  1.3937E-03
  7.5089E-03
  1.3937E-03
  8.6709E-10
  1.3937E-03
  7.5089E-03
  1.3937E-03
  7.5089E-03
  1.7230E-02
  9.9983E-03
  1.7230E-02
  9.9983E-03
  1.9758E-09
  9.9983E-03
  1.7230E-02
  9.9983E-03
  1.7230E-02
  3.3439E-02
  2.2307E-02
  3.3439E-02
  2.2307E-02
  4.4052E-09
  2.2307E-02
  3.3439E-02
  2.2307E-02
  3.3439E-02
   8.5515E-01
  0.0000E+00
  0.0000E+00
  0.0000E+00
  0.0000E+00
  0.0000E+00
  0.0000E+00
  0.0000E+00
  0.0000E+00
  0.0000E+00
  3.5800E-05
  2.0090E-05
  3.5800E-05
  2.0090E-05
  3.3437E-10
  2.0090E-05
  3.5800E-05
  2.0090E-05
  3.5800E-05
  6.5246E-05
  3.0323E-06
  6.5248E-05
  3.0323E-06
  6.3386E-10
  3.0324E-06
  6.5248E-05
  3.0326E-06
  6.5247E-05
  1.6247E-04
  8.3947E-05
  1.6247E-04
  8.3946E-05
  1.0247E-09
  8.3948E-05
  1.6247E-04
  8.3948E-05
  1.6247E-04
  3.5119E-04
  2.2839E-04
  3.5119E-04
  2.2839E-04
  1.2037E-09
  2.2840E-04
  3.5119E-04
  2.2840E-04
  3.5119E-04
  6.1305E-04
  4.2714E-04
  6.1305E-04
  4.2714E-04
  1.0968E-09
  4.2714E-04
  6.1305E-04
  4.2714E-04
  6.1305E-04
  9.0374E-04
  6.4805E-04
  9.0375E-04
  6.4805E-04
  7.4509E-10
  6.4805E-04
  9.0375E-04
  6.4805E-04
  9.0375E-04
  1.1437E-03
  8.2820E-04
  1.1437E-03
  8.2820E-04
  4.3223E-10
  8.2821E-04
  1.1437E-03
  8.2821E-04
  1.1437E-03
  1.2212E-03
  8.6922E-04
  1.2212E-03
  8.6922E-04
  3.8973E-10
  8.6922E-04
  1.2212E-03
  8.6922E-04
  1.2212E-03
  1.0506E-03
  6.4056E-04
  1.0506E-03
  6.4056E-04
  3.6284E-10
  6.4056E-04
  1.0506E-03
  6.4056E-04
  1.0506E-03
  9.9938E-04
  3.3085E-06
  9.9938E-04
  3.3077E-06
  6.9264E-10
  3.3076E-06
  9.9938E-04
  3.3067E-06
  9.9938E-04
  2.1868E-03
  1.1862E-03
  2.1868E-03
  1.1862E-03
  1.0765E-09
  1.1862E-03
  2.1868E-03
  1.1862E-03
  2.1868E-03
  4.4437E-03
  2.9501E-03
  4.4437E-03
  2.9501E-03
  1.3167E-09
  2.9501E-03
  4.4437E-03
  2.9501E-03
  4.4437E-03
  7.3576E-03
  5.1728E-03
  7.3576E-03
  5.1728E-03
  1.8003E-09
  5.1728E-03
  7.3576E-03
  5.1728E-03
  7.3576E-03
  1.0382E-02
  7.4730E-03
  1.0382E-02
  7.4730E-03
  2.0104E-09
  7.4730E-03
  1.0382E-02
  7.4730E-03
  1.0382E-02
  1.2607E-02
  9.1256E-03
  1.2607E-02
  9.1256E-03
  2.1162E-09
  9.1256E-03
  1.2607E-02
  9.1256E-03
  1.2607E-02
  1.2834E-02
  9.0236E-03
  1.2834E-02
  9.0236E-03
  1.8377E-09
  9.0236E-03
  1.2834E-02
  9.0236E-03
  1.2834E-02
  1.0535E-02
  5.7408E-03
  1.0535E-02
  5.7408E-03
  1.1490E-09
  5.7408E-03
  1.0535E-02
  5.7408E-03
  1.0535E-02
  1.2088E-02
  2.2437E-03
  1.2088E-02
  2.2437E-03
  7.5069E-10
  2.2437E-03
  1.2088E-02
  2.2437E-03
  1.2088E-02
  2.7738E-02
  1.6096E-02
  2.7738E-02
  1.6096E-02
  5.5438E-10
  1.6096E-02
  2.7738E-02
  1.6096E-02
  2.7738E-02
  5.3832E-02
  3.5911E-02
  5.3832E-02
  3.5911E-02
  2.1498E-09
  3.5911E-02
  5.3832E-02
  3.5911E-02
  5.3832E-02
   8.5515E-01
  0.0000E+00
  0.0000E+00
  0.0000E+00
  0.0000E+00
  0.0000E+00
  0.0000E+00
  0.0000E+00
  0.0000E+00
  0.0000E+00
  2.0345E-05
  1.1417E-05
  2.0344E-05
  1.1417E-05
  3.5871E-10
  1.1417E-05
  2.0344E-05
  1.1417E-05
  2.0344E-05
  3.7077E-05
  1.7210E-06
  3.7076E-05
  1.7203E-06
  7.5093E-10
  1.7217E-06
  3.7075E-05
  1.7209E-06
  3.7077E-05
  9.2322E-05
  4.7702E-05
  9.2322E-05
  4.7699E-05
  1.5540E-09
  4.7702E-05
  9.2319E-05
  4.7700E-05
  9.2322E-05
  1.9956E-04
  1.2979E-04
  1.9956E-04
  1.2978E-04
  2.2121E-09
  1.2979E-04
  1.9956E-04
  1.2978E-04
  1.9956E-04
  3.4837E-04
  2.4273E-04
  3.4837E-04
  2.4272E-04
  2.3298E-09
  2.4273E-04
  3.4836E-04
  2.4272E-04
  3.4837E-04
  5.1356E-04
  3.6826E-04
  5.1356E-04
  3.6826E-04
  1.8141E-09
  3.6826E-04
  5.1356E-04
  3.6826E-04
  5.1356E-04
  6.4991E-04
  4.7064E-04
  6.4991E-04
  4.7063E-04
  1.4867E-09
  4.7064E-04
  6.4991E-04
  4.7063E-04
  6.4991E-04
  6.9395E-04
  4.9395E-04
  6.9395E-04
  4.9394E-04
  1.3359E-09
  4.9395E-04
  6.9394E-04
  4.9394E-04
  6.9395E-04
  5.9702E-04
  3.6401E-04
  5.9702E-04
  3.6401E-04
  1.4792E-09
  3.6401E-04
  5.9702E-04
  3.6401E-04
  5.9702E-04
  5.6790E-04
  1.8652E-06
  5.6790E-04
  1.8669E-06
  1.6938E-09
  1.8664E-06
  5.6790E-04
  1.8683E-06
  5.6790E-04
  1.2427E-03
  6.7405E-04
  1.2427E-03
  6.7405E-04
  1.8296E-09
  6.7405E-04
  1.2427E-03
  6.7405E-04
  1.2427E-03
  2.5251E-03
  1.6764E-03
  2.5251E-03
  1.6764E-03
  1.5913E-09
  1.6764E-03
  2.5251E-03
  1.6764E-03
  2.5251E-03
  4.1809E-03
  2.9394E-03
  4.1809E-03
  2.9394E-03
  1.2505E-09
  2.9394E-03
  4.1809E-03
  2.9394E-03
  4.1809E-03
  5.8995E-03
  4.2465E-03
  5.8995E-03
  4.2465E-03
  1.1283E-09
  4.2465E-03
  5.8995E-03
  4.2465E-03
  5.8995E-03
  7.1641E-03
  5.1856E-03
  7.1641E-03
  5.1856E-03
  1.3209E-09
  5.1856E-03
  7.1641E-03
  5.1856E-03
  7.1641E-03
  7.2931E-03
  5.1277E-03
  7.2931E-03
  5.1277E-03
  1.9655E-09
  5.1277E-03
  7.2931E-03
  5.1277E-03
  7.2931E-03
  5.9867E-03
  3.2622E-03
  5.9867E-03
  3.2622E-03
  3.0100E-09
  3.2622E-03
  5.9867E-03
  3.2622E-03
  5.9867E-03
  6.8691E-03
  1.2750E-03
  6.8691E-03
  1.2750E-03
  4.5933E-09
  1.2750E-03
  6.8691E-03
  1.2750E-03
  6.8691E-03
  1.5762E-02
  9.1463E-03
  1.5762E-02
  9.1463E-03
  7.6353E-09
  9.1463E-03
  1.5762E-02
  9.1463E-03
  1.5762E-02
  3.0590E-02
  2.0407E-02
  3.0590E-02
  2.0407E-02
  1.2119E-08
  2.0407E-02
  3.0590E-02
  2.0407E-02
  3.0590E-02
   8.5515E-01
  0.0000E+00
  0.0000E+00
  0.0000E+00
  0.0000E+00
  0.0000E+00
  0.0000E+00
  0.0000E+00
  0.0000E+00
  0.0000E+00
  1.4057E-05
  7.8880E-06
  1.4057E-05
  7.8880E-06
  2.7301E-10
  7.8882E-06
  1.4057E-05
  7.8883E-06
  1.4057E-05
  2.5621E-05
  1.1915E-06
  2.5620E-05
  1.1922E-06
  6.4468E-10
  1.1909E-06
  2.5620E-05
  1.1915E-06
  2.5619E-05
  6.3796E-05
  3.2963E-05
  6.3794E-05
  3.2965E-05
  1.2155E-09
  3.2962E-05
  6.3797E-05
  3.2964E-05
  6.3795E-05
  1.3790E-04
  8.9681E-05
  1.3789E-04
  8.9684E-05
  1.6469E-09
  8.9680E-05
  1.3790E-04
  8.9683E-05
  1.3790E-04
  2.4072E-04
  1.6772E-04
  2.4071E-04
  1.6772E-04
  1.6692E-09
  1.6772E-04
  2.4072E-04
  1.6772E-04
  2.4072E-04
  3.5486E-04
  2.5446E-04
  3.5486E-04
  2.5446E-04
  1.4798E-09
  2.5446E-04
  3.5486E-04
  2.5446E-04
  3.5486E-04
  4.4907E-04
  3.2520E-04
  4.4907E-04
  3.2520E-04
  1.6690E-09
  3.2520E-04
  4.4907E-04
  3.2520E-04
  4.4907E-04
  4.7950E-04
  3.4130E-04
  4.7950E-04
  3.4130E-04
  1.8113E-09
  3.4130E-04
  4.7950E-04
  3.4130E-04
  4.7950E-04
  4.1252E-04
  2.5152E-04
  4.1252E-04
  2.5152E-04
  2.1122E-09
  2.5152E-04
  4.1252E-04
  2.5152E-04
  4.1252E-04
  3.9240E-04
  1.2956E-06
  3.9241E-04
  1.2922E-06
  2.4885E-09
  1.2964E-06
  3.9241E-04
  1.2929E-06
  3.9240E-04
  8.5865E-04
  4.6576E-04
  8.5866E-04
  4.6575E-04
  2.6227E-09
  4.6576E-04
  8.5865E-04
  4.6575E-04
  8.5865E-04
  1.7448E-03
  1.1583E-03
  1.7448E-03
  1.1583E-03
  2.4824E-09
  1.1583E-03
  1.7448E-03
  1.1583E-03
  1.7448E-03
  2.8889E-03
  2.0311E-03
  2.8889E-03
  2.0311E-03
  2.3678E-09
  2.0311E-03
  2.8889E-03
  2.0311E-03
  2.8889E-03
  4.0764E-03
  2.9343E-03
  4.0764E-03
  2.9343E-03
  2.1834E-09
  2.9343E-03
  4.0764E-03
  2.9343E-03
  4.0764E-03
  4.9502E-03
  3.5831E-03
  4.9502E-03
  3.5831E-03
  2.1394E-09
  3.5831E-03
  4.9502E-03
  3.5831E-03
  4.9502E-03
  5.0394E-03
  3.5431E-03
  5.0394E-03
  3.5431E-03
  2.0999E-09
  3.5431E-03
  5.0394E-03
  3.5431E-03
  5.0394E-03
  4.1367E-03
  2.2541E-03
  4.1367E-03
  2.2541E-03
  2.3613E-09
  2.2541E-03
  4.1367E-03
  2.2541E-03
  4.1367E-03
  4.7464E-03
  8.8098E-04
  4.7464E-03
  8.8099E-04
  3.0091E-09
  8.8098E-04
  4.7464E-03
  8.8098E-04
  4.7464E-03
  1.0891E-02
  6.3199E-03
  1.0891E-02
  6.3199E-03
  4.1116E-09
  6.3199E-03
  1.0891E-02
  6.3199E-03
  1.0891E-02
  2.1137E-02
  1.4100E-02
  2.1137E-02
  1.4100E-02
  5.8525E-09
  1.4100E-02
  2.1137E-02
  1.4100E-02
  2.1137E-02
   0.0000E+00
  0.0000E+00
  0.0000E+00
  0.0000E+00
  0.0000E+00
  0.0000E+00
  0.0000E+00
  0.0000E+00
  0.0000E+00
  0.0000E+00
  0.0000E+00
  0.0000E+00
  0.0000E+00
  0.0000E+00
  0.0000E+00
  0.0000E+00
  0.0000E+00
  0.0000E+00
  0.0000E+00
  0.0000E+00
  0.0000E+00
  0.0000E+00
  0.0000E+00
  0.0000E+00
  0.0000E+00
  0.0000E+00
  0.0000E+00
  0.0000E+00
  0.0000E+00
  0.0000E+00
  0.0000E+00
  0.0000E+00
  0.0000E+00
  0.0000E+00
  0.0000E+00
  0.0000E+00
  0.0000E+00
  0.0000E+00
  0.0000E+00
  0.0000E+00
  0.0000E+00
  0.0000E+00
  0.0000E+00
  0.0000E+00
  0.0000E+00
  0.0000E+00
  0.0000E+00
  0.0000E+00
  0.0000E+00
  0.0000E+00
  0.0000E+00
  0.0000E+00
  0.0000E+00
  0.0000E+00
  0.0000E+00
  0.0000E+00
  0.0000E+00
  0.0000E+00
  0.0000E+00
  0.0000E+00
  0.0000E+00
  0.0000E+00
  0.0000E+00
  0.0000E+00
  0.0000E+00
  0.0000E+00
  0.0000E+00
  0.0000E+00
  0.0000E+00
  0.0000E+00
  0.0000E+00
  0.0000E+00
  0.0000E+00
  0.0000E+00
  0.0000E+00
  0.0000E+00
  0.0000E+00
  0.0000E+00
  0.0000E+00
  0.0000E+00
  0.0000E+00
  0.0000E+00
  0.0000E+00
  0.0000E+00
  0.0000E+00
  0.0000E+00
  0.0000E+00
  0.0000E+00
  0.0000E+00
  0.0000E+00
  0.0000E+00
  0.0000E+00
  0.0000E+00
  0.0000E+00
  0.0000E+00
  0.0000E+00
  0.0000E+00
  0.0000E+00
  0.0000E+00
  0.0000E+00
  0.0000E+00
  0.0000E+00
  0.0000E+00
  0.0000E+00
  0.0000E+00
  0.0000E+00
  0.0000E+00
  0.0000E+00
  0.0000E+00
  0.0000E+00
  0.0000E+00
  0.0000E+00
  0.0000E+00
  0.0000E+00
  0.0000E+00
  0.0000E+00
  0.0000E+00
  0.0000E+00
  0.0000E+00
  0.0000E+00
  0.0000E+00
  0.0000E+00
  0.0000E+00
  0.0000E+00
  0.0000E+00
  0.0000E+00
  0.0000E+00
  0.0000E+00
  0.0000E+00
  0.0000E+00
  0.0000E+00
  0.0000E+00
  0.0000E+00
  0.0000E+00
  0.0000E+00
  0.0000E+00
  0.0000E+00
  0.0000E+00
  0.0000E+00
  0.0000E+00
  0.0000E+00
  0.0000E+00
  0.0000E+00
  0.0000E+00
  0.0000E+00
  0.0000E+00
  0.0000E+00
  0.0000E+00
  0.0000E+00
  0.0000E+00
  0.0000E+00
  0.0000E+00
  0.0000E+00
  0.0000E+00
  0.0000E+00
  0.0000E+00
  0.0000E+00
  0.0000E+00
  0.0000E+00
  0.0000E+00
  0.0000E+00
  0.0000E+00
  0.0000E+00
  0.0000E+00
  0.0000E+00
  0.0000E+00
  0.0000E+00
  0.0000E+00
  0.0000E+00
  0.0000E+00
  0.0000E+00
  0.0000E+00
  0.0000E+00
  0.0000E+00
  0.0000E+00
  0.0000E+00
  0.0000E+00
  0.0000E+00
  0.0000E+00
  0.0000E+00
  0.0000E+00
  0.0000E+00
  0.0000E+00
  0.0000E+00
  0.0000E+00
  0.0000E+00
  0.0000E+00
  0.0000E+00
  0.0000E+00
  0.0000E+00
   0.0000E+00
  0.0000E+00
  0.0000E+00
  0.0000E+00
  0.0000E+00
  0.0000E+00
  0.0000E+00
  0.0000E+00
  0.0000E+00
  0.0000E+00
  0.0000E+00
  0.0000E+00
  0.0000E+00
  0.0000E+00
  0.0000E+00
  0.0000E+00
  0.0000E+00
  0.0000E+00
  0.0000E+00
  0.0000E+00
  0.0000E+00
  0.0000E+00
  0.0000E+00
  0.0000E+00
  0.0000E+00
  0.0000E+00
  0.0000E+00
  0.0000E+00
  0.0000E+00
  0.0000E+00
  0.0000E+00
  0.0000E+00
  0.0000E+00
  0.0000E+00
  0.0000E+00
  0.0000E+00
  0.0000E+00
  0.0000E+00
  0.0000E+00
  0.0000E+00
  0.0000E+00
  0.0000E+00
  0.0000E+00
  0.0000E+00
  0.0000E+00
  0.0000E+00
  0.0000E+00
  0.0000E+00
  0.0000E+00
  0.0000E+00
  0.0000E+00
  0.0000E+00
  0.0000E+00
  0.0000E+00
  0.0000E+00
  0.0000E+00
  0.0000E+00
  0.0000E+00
  0.0000E+00
  0.0000E+00
  0.0000E+00
  0.0000E+00
  0.0000E+00
  0.0000E+00
  0.0000E+00
  0.0000E+00
  0.0000E+00
  0.0000E+00
  0.0000E+00
  0.0000E+00
  0.0000E+00
  0.0000E+00
  0.0000E+00
  0.0000E+00
  0.0000E+00
  0.0000E+00
  0.0000E+00
  0.0000E+00
  0.0000E+00
  0.0000E+00
  0.0000E+00
  0.0000E+00
  0.0000E+00
  0.0000E+00
  0.0000E+00
  0.0000E+00
  0.0000E+00
  0.0000E+00
  0.0000E+00
  0.0000E+00
  0.0000E+00
  0.0000E+00
  0.0000E+00
  0.0000E+00
  0.0000E+00
  0.0000E+00
  0.0000E+00
  0.0000E+00
  0.0000E+00
  0.0000E+00
  0.0000E+00
  0.0000E+00
  0.0000E+00
  0.0000E+00
  0.0000E+00
  0.0000E+00
  0.0000E+00
  0.0000E+00
  0.0000E+00
  0.0000E+00
  0.0000E+00
  0.0000E+00
  0.0000E+00
  0.0000E+00
  0.0000E+00
  0.0000E+00
  0.0000E+00
  0.0000E+00
  0.0000E+00
  0.0000E+00
  0.0000E+00
  0.0000E+00
  0.0000E+00
  0.0000E+00
  0.0000E+00
  0.0000E+00
  0.0000E+00
  0.0000E+00
  0.0000E+00
  0.0000E+00
  0.0000E+00
  0.0000E+00
  0.0000E+00
  0.0000E+00
  0.0000E+00
  0.0000E+00
  0.0000E+00
  0.0000E+00
  0.0000E+00
  0.0000E+00
  0.0000E+00
  0.0000E+00
  0.0000E+00
  0.0000E+00
  0.0000E+00
  0.0000E+00
  0.0000E+00
  0.0000E+00
  0.0000E+00
  0.0000E+00
  0.0000E+00
  0.0000E+00
  0.0000E+00
  0.0000E+00
  0.0000E+00
  0.0000E+00
  0.0000E+00
  0.0000E+00
  0.0000E+00
  0.0000E+00
  0.0000E+00
  0.0000E+00
  0.0000E+00
  0.0000E+00
  0.0000E+00
  0.0000E+00
  0.0000E+00
  0.0000E+00
  0.0000E+00
  0.0000E+00
  0.0000E+00
  0.0000E+00
  0.0000E+00
  0.0000E+00
  0.0000E+00
  0.0000E+00
  0.0000E+00
  0.0000E+00
  0.0000E+00
  0.0000E+00
  0.0000E+00
  0.0000E+00
  0.0000E+00
  0.0000E+00
  0.0000E+00
  0.0000E+00
  0.0000E+00
  0.0000E+00
  0.0000E+00
  0.0000E+00
   0.0000E+00
  0.0000E+00
  0.0000E+00
  0.0000E+00
  0.0000E+00
  0.0000E+00
  0.0000E+00
  0.0000E+00
  0.0000E+00
  0.0000E+00
  0.0000E+00
  0.0000E+00
  0.0000E+00
  0.0000E+00
  0.0000E+00
  0.0000E+00
  0.0000E+00
  0.0000E+00
  0.0000E+00
  0.0000E+00
  0.0000E+00
  0.0000E+00
  0.0000E+00
  0.0000E+00
  0.0000E+00
  0.0000E+00
  0.0000E+00
  0.0000E+00
  0.0000E+00
  0.0000E+00
  0.0000E+00
  0.0000E+00
  0.0000E+00
  0.0000E+00
  0.0000E+00
  0.0000E+00
  0.0000E+00
  0.0000E+00
  0.0000E+00
  0.0000E+00
  0.0000E+00
  0.0000E+00
  0.0000E+00
  0.0000E+00
  0.0000E+00
  0.0000E+00
  0.0000E+00
  0.0000E+00
  0.0000E+00
  0.0000E+00
  0.0000E+00
  0.0000E+00
  0.0000E+00
  0.0000E+00
  0.0000E+00
  0.0000E+00
  0.0000E+00
  0.0000E+00
  0.0000E+00
  0.0000E+00
  0.0000E+00
  0.0000E+00
  0.0000E+00
  0.0000E+00
  0.0000E+00
  0.0000E+00
  0.0000E+00
  0.0000E+00
  0.0000E+00
  0.0000E+00
  0.0000E+00
  0.0000E+00
  0.0000E+00
  0.0000E+00
  0.0000E+00
  0.0000E+00
  0.0000E+00
  0.0000E+00
  0.0000E+00
  0.0000E+00
  0.0000E+00
  0.0000E+00
  0.0000E+00
  0.0000E+00
  0.0000E+00
  0.0000E+00
  0.0000E+00
  0.0000E+00
  0.0000E+00
  0.0000E+00
  0.0000E+00
  0.0000E+00
  0.0000E+00
  0.0000E+00
  0.0000E+00
  0.0000E+00
  0.0000E+00
  0.0000E+00
  0.0000E+00
  0.0000E+00
  0.0000E+00
  0.0000E+00
  0.0000E+00
  0.0000E+00
  0.0000E+00
  0.0000E+00
  0.0000E+00
  0.0000E+00
  0.0000E+00
  0.0000E+00
  0.0000E+00
  0.0000E+00
  0.0000E+00
  0.0000E+00
  0.0000E+00
  0.0000E+00
  0.0000E+00
  0.0000E+00
  0.0000E+00
  0.0000E+00
  0.0000E+00
  0.0000E+00
  0.0000E+00
  0.0000E+00
  0.0000E+00
  0.0000E+00
  0.0000E+00
  0.0000E+00
  0.0000E+00
  0.0000E+00
  0.0000E+00
  0.0000E+00
  0.0000E+00
  0.0000E+00
  0.0000E+00
  0.0000E+00
  0.0000E+00
  0.0000E+00
  0.0000E+00
  0.0000E+00
  0.0000E+00
  0.0000E+00
  0.0000E+00
  0.0000E+00
  0.0000E+00
  0.0000E+00
  0.0000E+00
  0.0000E+00
  0.0000E+00
  0.0000E+00
  0.0000E+00
  0.0000E+00
  0.0000E+00
  0.0000E+00
  0.0000E+00
  0.0000E+00
  0.0000E+00
  0.0000E+00
  0.0000E+00
  0.0000E+00
  0.0000E+00
  0.0000E+00
  0.0000E+00
  0.0000E+00
  0.0000E+00
  0.0000E+00
  0.0000E+00
  0.0000E+00
  0.0000E+00
  0.0000E+00
  0.0000E+00
  0.0000E+00
  0.0000E+00
  0.0000E+00
  0.0000E+00
  0.0000E+00
  0.0000E+00
  0.0000E+00
  0.0000E+00
  0.0000E+00
  0.0000E+00
  0.0000E+00
  0.0000E+00
  0.0000E+00
  0.0000E+00
  0.0000E+00
  0.0000E+00
  0.0000E+00
  0.0000E+00
  0.0000E+00
   0.0000E+00
  0.0000E+00
  0.0000E+00
  0.0000E+00
  0.0000E+00
  0.0000E+00
  0.0000E+00
  0.0000E+00
  0.0000E+00
  0.0000E+00
  0.0000E+00
  0.0000E+00
  0.0000E+00
  0.0000E+00
  0.0000E+00
  0.0000E+00
  0.0000E+00
  0.0000E+00
  0.0000E+00
  0.0000E+00
  0.0000E+00
  0.0000E+00
  0.0000E+00
  0.0000E+00
  0.0000E+00
  0.0000E+00
  0.0000E+00
  0.0000E+00
  0.0000E+00
  0.0000E+00
  0.0000E+00
  0.0000E+00
  0.0000E+00
  0.0000E+00
  0.0000E+00
  0.0000E+00
  0.0000E+00
  0.0000E+00
  0.0000E+00
  0.0000E+00
  0.0000E+00
  0.0000E+00
  0.0000E+00
  0.0000E+00
  0.0000E+00
  0.0000E+00
  0.0000E+00
  0.0000E+00
  0.0000E+00
  0.0000E+00
  0.0000E+00
  0.0000E+00
  0.0000E+00
  0.0000E+00
  0.0000E+00
  0.0000E+00
  0.0000E+00
  0.0000E+00
  0.0000E+00
  0.0000E+00
  0.0000E+00
  0.0000E+00
  0.0000E+00
  0.0000E+00
  0.0000E+00
  0.0000E+00
  0.0000E+00
  0.0000E+00
  0.0000E+00
  0.0000E+00
  0.0000E+00
  0.0000E+00
  0.0000E+00
  0.0000E+00
  0.0000E+00
  0.0000E+00
  0.0000E+00
  0.0000E+00
  0.0000E+00
  0.0000E+00
  0.0000E+00
  0.0000E+00
  0.0000E+00
  0.0000E+00
  0.0000E+00
  0.0000E+00
  0.0000E+00
  0.0000E+00
  0.0000E+00
  0.0000E+00
  0.0000E+00
  0.0000E+00
  0.0000E+00
  0.0000E+00
  0.0000E+00
  0.0000E+00
  0.0000E+00
  0.0000E+00
  0.0000E+00
  0.0000E+00
  0.0000E+00
  0.0000E+00
  0.0000E+00
  0.0000E+00
  0.0000E+00
  0.0000E+00
  0.0000E+00
  0.0000E+00
  0.0000E+00
  0.0000E+00
  0.0000E+00
  0.0000E+00
  0.0000E+00
  0.0000E+00
  0.0000E+00
  0.0000E+00
  0.0000E+00
  0.0000E+00
  0.0000E+00
  0.0000E+00
  0.0000E+00
  0.0000E+00
  0.0000E+00
  0.0000E+00
  0.0000E+00
  0.0000E+00
  0.0000E+00
  0.0000E+00
  0.0000E+00
  0.0000E+00
  0.0000E+00
  0.0000E+00
  0.0000E+00
  0.0000E+00
  0.0000E+00
  0.0000E+00
  0.0000E+00
  0.0000E+00
  0.0000E+00
  0.0000E+00
  0.0000E+00
  0.0000E+00
  0.0000E+00
  0.0000E+00
  0.0000E+00
  0.0000E+00
  0.0000E+00
  0.0000E+00
  0.0000E+00
  0.0000E+00
  0.0000E+00
  0.0000E+00
  0.0000E+00
  0.0000E+00
  0.0000E+00
  0.0000E+00
  0.0000E+00
  0.0000E+00
  0.0000E+00
  0.0000E+00
  0.0000E+00
  0.0000E+00
  0.0000E+00
  0.0000E+00
  0.0000E+00
  0.0000E+00
  0.0000E+00
  0.0000E+00
  0.0000E+00
  0.0000E+00
  0.0000E+00
  0.0000E+00
  0.0000E+00
  0.0000E+00
  0.0000E+00
  0.0000E+00
  0.0000E+00
  0.0000E+00
  0.0000E+00
  0.0000E+00
  0.0000E+00
  0.0000E+00
  0.0000E+00
  0.0000E+00
  0.0000E+00
  0.0000E+00
  0.0000E+00
  0.0000E+00
  0.0000E+00
  0.0000E+00
   0.0000E+00
  0.0000E+00
  0.0000E+00
  0.0000E+00
  0.0000E+00
  0.0000E+00
  0.0000E+00
  0.0000E+00
  0.0000E+00
  0.0000E+00
  0.0000E+00
  0.0000E+00
  0.0000E+00
  0.0000E+00
  0.0000E+00
  0.0000E+00
  0.0000E+00
  0.0000E+00
  0.0000E+00
  0.0000E+00
  0.0000E+00
  0.0000E+00
  0.0000E+00
  0.0000E+00
  0.0000E+00
  0.0000E+00
  0.0000E+00
  0.0000E+00
  0.0000E+00
  0.0000E+00
  0.0000E+00
  0.0000E+00
  0.0000E+00
  0.0000E+00
  0.0000E+00
  0.0000E+00
  0.0000E+00
  0.0000E+00
  0.0000E+00
  0.0000E+00
  0.0000E+00
  0.0000E+00
  0.0000E+00
  0.0000E+00
  0.0000E+00
  0.0000E+00
  0.0000E+00
  0.0000E+00
  0.0000E+00
  0.0000E+00
  0.0000E+00
  0.0000E+00
  0.0000E+00
  0.0000E+00
  0.0000E+00
  0.0000E+00
  0.0000E+00
  0.0000E+00
  0.0000E+00
  0.0000E+00
  0.0000E+00
  0.0000E+00
  0.0000E+00
  0.0000E+00
  0.0000E+00
  0.0000E+00
  0.0000E+00
  0.0000E+00
  0.0000E+00
  0.0000E+00
  0.0000E+00
  0.0000E+00
  0.0000E+00
  0.0000E+00
  0.0000E+00
  0.0000E+00
  0.0000E+00
  0.0000E+00
  0.0000E+00
  0.0000E+00
  0.0000E+00
  0.0000E+00
  0.0000E+00
  0.0000E+00
  0.0000E+00
  0.0000E+00
  0.0000E+00
  0.0000E+00
  0.0000E+00
  0.0000E+00
  0.0000E+00
  0.0000E+00
  0.0000E+00
  0.0000E+00
  0.0000E+00
  0.0000E+00
  0.0000E+00
  0.0000E+00
  0.0000E+00
  0.0000E+00
  0.0000E+00
  0.0000E+00
  0.0000E+00
  0.0000E+00
  0.0000E+00
  0.0000E+00
  0.0000E+00
  0.0000E+00
  0.0000E+00
  0.0000E+00
  0.0000E+00
  0.0000E+00
  0.0000E+00
  0.0000E+00
  0.0000E+00
  0.0000E+00
  0.0000E+00
  0.0000E+00
  0.0000E+00
  0.0000E+00
  0.0000E+00
  0.0000E+00
  0.0000E+00
  0.0000E+00
  0.0000E+00
  0.0000E+00
  0.0000E+00
  0.0000E+00
  0.0000E+00
  0.0000E+00
  0.0000E+00
  0.0000E+00
  0.0000E+00
  0.0000E+00
  0.0000E+00
  0.0000E+00
  0.0000E+00
  0.0000E+00
  0.0000E+00
  0.0000E+00
  0.0000E+00
  0.0000E+00
  0.0000E+00
  0.0000E+00
  0.0000E+00
  0.0000E+00
  0.0000E+00
  0.0000E+00
  0.0000E+00
  0.0000E+00
  0.0000E+00
  0.0000E+00
  0.0000E+00
  0.0000E+00
  0.0000E+00
  0.0000E+00
  0.0000E+00
  0.0000E+00
  0.0000E+00
  0.0000E+00
  0.0000E+00
  0.0000E+00
  0.0000E+00
  0.0000E+00
  0.0000E+00
  0.0000E+00
  0.0000E+00
  0.0000E+00
  0.0000E+00
  0.0000E+00
  0.0000E+00
  0.0000E+00
  0.0000E+00
  0.0000E+00
  0.0000E+00
  0.0000E+00
  0.0000E+00
  0.0000E+00
  0.0000E+00
  0.0000E+00
  0.0000E+00
  0.0000E+00
  0.0000E+00
  0.0000E+00
  0.0000E+00
  0.0000E+00
  0.0000E+00
  0.0000E+00
  0.0000E+00
  0.0000E+00
   0.0000E+00
  0.0000E+00
  0.0000E+00
  0.0000E+00
  0.0000E+00
  0.0000E+00
  0.0000E+00
  0.0000E+00
  0.0000E+00
  0.0000E+00
  0.0000E+00
  0.0000E+00
  0.0000E+00
  0.0000E+00
  0.0000E+00
  0.0000E+00
  0.0000E+00
  0.0000E+00
  0.0000E+00
  0.0000E+00
  0.0000E+00
  0.0000E+00
  0.0000E+00
  0.0000E+00
  0.0000E+00
  0.0000E+00
  0.0000E+00
  0.0000E+00
  0.0000E+00
  0.0000E+00
  0.0000E+00
  0.0000E+00
  0.0000E+00
  0.0000E+00
  0.0000E+00
  0.0000E+00
  0.0000E+00
  0.0000E+00
  0.0000E+00
  0.0000E+00
  0.0000E+00
  0.0000E+00
  0.0000E+00
  0.0000E+00
  0.0000E+00
  0.0000E+00
  0.0000E+00
  0.0000E+00
  0.0000E+00
  0.0000E+00
  0.0000E+00
  0.0000E+00
  0.0000E+00
  0.0000E+00
  0.0000E+00
  0.0000E+00
  0.0000E+00
  0.0000E+00
  0.0000E+00
  0.0000E+00
  0.0000E+00
  0.0000E+00
  0.0000E+00
  0.0000E+00
  0.0000E+00
  0.0000E+00
  0.0000E+00
  0.0000E+00
  0.0000E+00
  0.0000E+00
  0.0000E+00
  0.0000E+00
  0.0000E+00
  0.0000E+00
  0.0000E+00
  0.0000E+00
  0.0000E+00
  0.0000E+00
  0.0000E+00
  0.0000E+00
  0.0000E+00
  0.0000E+00
  0.0000E+00
  0.0000E+00
  0.0000E+00
  0.0000E+00
  0.0000E+00
  0.0000E+00
  0.0000E+00
  0.0000E+00
  0.0000E+00
  0.0000E+00
  0.0000E+00
  0.0000E+00
  0.0000E+00
  0.0000E+00
  0.0000E+00
  0.0000E+00
  0.0000E+00
  0.0000E+00
  0.0000E+00
  0.0000E+00
  0.0000E+00
  0.0000E+00
  0.0000E+00
  0.0000E+00
  0.0000E+00
  0.0000E+00
  0.0000E+00
  0.0000E+00
  0.0000E+00
  0.0000E+00
  0.0000E+00
  0.0000E+00
  0.0000E+00
  0.0000E+00
  0.0000E+00
  0.0000E+00
  0.0000E+00
  0.0000E+00
  0.0000E+00
  0.0000E+00
  0.0000E+00
  0.0000E+00
  0.0000E+00
  0.0000E+00
  0.0000E+00
  0.0000E+00
  0.0000E+00
  0.0000E+00
  0.0000E+00
  0.0000E+00
  0.0000E+00
  0.0000E+00
  0.0000E+00
  0.0000E+00
  0.0000E+00
  0.0000E+00
  0.0000E+00
  0.0000E+00
  0.0000E+00
  0.0000E+00
  0.0000E+00
  0.0000E+00
  0.0000E+00
  0.0000E+00
  0.0000E+00
  0.0000E+00
  0.0000E+00
  0.0000E+00
  0.0000E+00
  0.0000E+00
  0.0000E+00
  0.0000E+00
  0.0000E+00
  0.0000E+00
  0.0000E+00
  0.0000E+00
  0.0000E+00
  0.0000E+00
  0.0000E+00
  0.0000E+00
  0.0000E+00
  0.0000E+00
  0.0000E+00
  0.0000E+00
  0.0000E+00
  0.0000E+00
  0.0000E+00
  0.0000E+00
  0.0000E+00
  0.0000E+00
  0.0000E+00
  0.0000E+00
  0.0000E+00
  0.0000E+00
  0.0000E+00
  0.0000E+00
  0.0000E+00
  0.0000E+00
  0.0000E+00
  0.0000E+00
  0.0000E+00
  0.0000E+00
  0.0000E+00
  0.0000E+00
  0.0000E+00
  0.0000E+00
  0.0000E+00
  0.0000E+00
   0.0000E+00
  0.0000E+00
  0.0000E+00
  0.0000E+00
  0.0000E+00
  0.0000E+00
  0.0000E+00
  0.0000E+00
  0.0000E+00
  0.0000E+00
  0.0000E+00
  0.0000E+00
  0.0000E+00
  0.0000E+00
  0.0000E+00
  0.0000E+00
  0.0000E+00
  0.0000E+00
  0.0000E+00
  0.0000E+00
  0.0000E+00
  0.0000E+00
  0.0000E+00
  0.0000E+00
  0.0000E+00
  0.0000E+00
  0.0000E+00
  0.0000E+00
  0.0000E+00
  0.0000E+00
  0.0000E+00
  0.0000E+00
  0.0000E+00
  0.0000E+00
  0.0000E+00
  0.0000E+00
  0.0000E+00
  0.0000E+00
  0.0000E+00
  0.0000E+00
  0.0000E+00
  0.0000E+00
  0.0000E+00
  0.0000E+00
  0.0000E+00
  0.0000E+00
  0.0000E+00
  0.0000E+00
  0.0000E+00
  0.0000E+00
  0.0000E+00
  0.0000E+00
  0.0000E+00
  0.0000E+00
  0.0000E+00
  0.0000E+00
  0.0000E+00
  0.0000E+00
  0.0000E+00
  0.0000E+00
  0.0000E+00
  0.0000E+00
  0.0000E+00
  0.0000E+00
  0.0000E+00
  0.0000E+00
  0.0000E+00
  0.0000E+00
  0.0000E+00
  0.0000E+00
  0.0000E+00
  0.0000E+00
  0.0000E+00
  0.0000E+00
  0.0000E+00
  0.0000E+00
  0.0000E+00
  0.0000E+00
  0.0000E+00
  0.0000E+00
  0.0000E+00
  0.0000E+00
  0.0000E+00
  0.0000E+00
  0.0000E+00
  0.0000E+00
  0.0000E+00
  0.0000E+00
  0.0000E+00
  0.0000E+00
  0.0000E+00
  0.0000E+00
  0.0000E+00
  0.0000E+00
  0.0000E+00
  0.0000E+00
  0.0000E+00
  0.0000E+00
  0.0000E+00
  0.0000E+00
  0.0000E+00
  0.0000E+00
  0.0000E+00
  0.0000E+00
  0.0000E+00
  0.0000E+00
  0.0000E+00
  0.0000E+00
  0.0000E+00
  0.0000E+00
  0.0000E+00
  0.0000E+00
  0.0000E+00
  0.0000E+00
  0.0000E+00
  0.0000E+00
  0.0000E+00
  0.0000E+00
  0.0000E+00
  0.0000E+00
  0.0000E+00
  0.0000E+00
  0.0000E+00
  0.0000E+00
  0.0000E+00
  0.0000E+00
  0.0000E+00
  0.0000E+00
  0.0000E+00
  0.0000E+00
  0.0000E+00
  0.0000E+00
  0.0000E+00
  0.0000E+00
  0.0000E+00
  0.0000E+00
  0.0000E+00
  0.0000E+00
  0.0000E+00
  0.0000E+00
  0.0000E+00
  0.0000E+00
  0.0000E+00
  0.0000E+00
  0.0000E+00
  0.0000E+00
  0.0000E+00
  0.0000E+00
  0.0000E+00
  0.0000E+00
  0.0000E+00
  0.0000E+00
  0.0000E+00
  0.0000E+00
  0.0000E+00
  0.0000E+00
  0.0000E+00
  0.0000E+00
  0.0000E+00
  0.0000E+00
  0.0000E+00
  0.0000E+00
  0.0000E+00
  0.0000E+00
  0.0000E+00
  0.0000E+00
  0.0000E+00
  0.0000E+00
  0.0000E+00
  0.0000E+00
  0.0000E+00
  0.0000E+00
  0.0000E+00
  0.0000E+00
  0.0000E+00
  0.0000E+00
  0.0000E+00
  0.0000E+00
  0.0000E+00
  0.0000E+00
  0.0000E+00
  0.0000E+00
  0.0000E+00
  0.0000E+00
  0.0000E+00
  0.0000E+00
  0.0000E+00
  0.0000E+00
  0.0000E+00
  0.0000E+00
   0.0000E+00
  0.0000E+00
  0.0000E+00
  0.0000E+00
  0.0000E+00
  0.0000E+00
  0.0000E+00
  0.0000E+00
  0.0000E+00
  0.0000E+00
  0.0000E+00
  0.0000E+00
  0.0000E+00
  0.0000E+00
  0.0000E+00
  0.0000E+00
  0.0000E+00
  0.0000E+00
  0.0000E+00
  0.0000E+00
  0.0000E+00
  0.0000E+00
  0.0000E+00
  0.0000E+00
  0.0000E+00
  0.0000E+00
  0.0000E+00
  0.0000E+00
  0.0000E+00
  0.0000E+00
  0.0000E+00
  0.0000E+00
  0.0000E+00
  0.0000E+00
  0.0000E+00
  0.0000E+00
  0.0000E+00
  0.0000E+00
  0.0000E+00
  0.0000E+00
  0.0000E+00
  0.0000E+00
  0.0000E+00
  0.0000E+00
  0.0000E+00
  0.0000E+00
  0.0000E+00
  0.0000E+00
  0.0000E+00
  0.0000E+00
  0.0000E+00
  0.0000E+00
  0.0000E+00
  0.0000E+00
  0.0000E+00
  0.0000E+00
  0.0000E+00
  0.0000E+00
  0.0000E+00
  0.0000E+00
  0.0000E+00
  0.0000E+00
  0.0000E+00
  0.0000E+00
  0.0000E+00
  0.0000E+00
  0.0000E+00
  0.0000E+00
  0.0000E+00
  0.0000E+00
  0.0000E+00
  0.0000E+00
  0.0000E+00
  0.0000E+00
  0.0000E+00
  0.0000E+00
  0.0000E+00
  0.0000E+00
  0.0000E+00
  0.0000E+00
  0.0000E+00
  0.0000E+00
  0.0000E+00
  0.0000E+00
  0.0000E+00
  0.0000E+00
  0.0000E+00
  0.0000E+00
  0.0000E+00
  0.0000E+00
  0.0000E+00
  0.0000E+00
  0.0000E+00
  0.0000E+00
  0.0000E+00
  0.0000E+00
  0.0000E+00
  0.0000E+00
  0.0000E+00
  0.0000E+00
  0.0000E+00
  0.0000E+00
  0.0000E+00
  0.0000E+00
  0.0000E+00
  0.0000E+00
  0.0000E+00
  0.0000E+00
  0.0000E+00
  0.0000E+00
  0.0000E+00
  0.0000E+00
  0.0000E+00
  0.0000E+00
  0.0000E+00
  0.0000E+00
  0.0000E+00
  0.0000E+00
  0.0000E+00
  0.0000E+00
  0.0000E+00
  0.0000E+00
  0.0000E+00
  0.0000E+00
  0.0000E+00
  0.0000E+00
  0.0000E+00
  0.0000E+00
  0.0000E+00
  0.0000E+00
  0.0000E+00
  0.0000E+00
  0.0000E+00
  0.0000E+00
  0.0000E+00
  0.0000E+00
  0.0000E+00
  0.0000E+00
  0.0000E+00
  0.0000E+00
  0.0000E+00
  0.0000E+00
  0.0000E+00
  0.0000E+00
  0.0000E+00
  0.0000E+00
  0.0000E+00
  0.0000E+00
  0.0000E+00
  0.0000E+00
  0.0000E+00
  0.0000E+00
  0.0000E+00
  0.0000E+00
  0.0000E+00
  0.0000E+00
  0.0000E+00
  0.0000E+00
  0.0000E+00
  0.0000E+00
  0.0000E+00
  0.0000E+00
  0.0000E+00
  0.0000E+00
  0.0000E+00
  0.0000E+00
  0.0000E+00
  0.0000E+00
  0.0000E+00
  0.0000E+00
  0.0000E+00
  0.0000E+00
  0.0000E+00
  0.0000E+00
  0.0000E+00
  0.0000E+00
  0.0000E+00
  0.0000E+00
  0.0000E+00
  0.0000E+00
  0.0000E+00
  0.0000E+00
  0.0000E+00
  0.0000E+00
  0.0000E+00
  0.0000E+00
  0.0000E+00
  0.0000E+00
  0.0000E+00
  0.0000E+00
