Scalar MD under Modal for nodeset
189
   8.8043E-04
  0.0000E+00
  0.0000E+00
  0.0000E+00
  0.0000E+00
  0.0000E+00
  0.0000E+00
  0.0000E+00
  0.0000E+00
  0.0000E+00
  4.1050E-05
  3.2749E-05
  2.4291E-05
  1.3853E-05
  1.5230E-05
  1.3853E-05
  2.4291E-05
  3.2749E-05
  4.1050E-05
  9.3742E-05
  8.3145E-05
  6.8046E-05
  5.8056E-05
  5.9770E-05
  5.8056E-05
  6.8046E-05
  8.3145E-05
  9.3742E-05
  1.6795E-04
  1.5563E-04
  1.3933E-04
  1.2915E-04
  1.3075E-04
  1.2915E-04
  1.3933E-04
  1.5563E-04
  1.6795E-04
  2.6429E-04
  2.5146E-04
  2.3522E-04
  2.2541E-04
  2.2679E-04
  2.2541E-04
  2.3522E-04
  2.5146E-04
  2.6429E-04
  3.8226E-04
  3.6950E-04
  3.5390E-04
  3.4448E-04
  3.4566E-04
  3.4448E-04
  3.5390E-04
  3.6950E-04
  3.8226E-04
  5.2037E-04
  5.0796E-04
  4.9323E-04
  4.8425E-04
  4.8524E-04
  4.8425E-04
  4.9323E-04
  5.0796E-04
  5.2037E-04
  6.7678E-04
  6.6489E-04
  6.5114E-04
  6.4262E-04
  6.4342E-04
  6.4262E-04
  6.5114E-04
  6.6489E-04
  6.7678E-04
  8.4959E-04
  8.3829E-04
  8.2556E-04
  8.1750E-04
  8.1811E-04
  8.1750E-04
  8.2556E-04
  8.3829E-04
  8.4959E-04
  1.0368E-03
  1.0262E-03
  1.0145E-03
  1.0069E-03
  1.0073E-03
  1.0069E-03
  1.0145E-03
  1.0262E-03
  1.0368E-03
  1.2366E-03
  1.2266E-03
  1.2159E-03
  1.2088E-03
  1.2090E-03
  1.2088E-03
  1.2159E-03
  1.2266E-03
  1.2366E-03
  1.4471E-03
  1.4377E-03
  1.4280E-03
  1.4213E-03
  1.4214E-03
  1.4213E-03
  1.4280E-03
  1.4377E-03
  1.4471E-03
  1.6664E-03
  1.6577E-03
  1.6490E-03
  1.6427E-03
  1.6427E-03
  1.6427E-03
  1.6490E-03
  1.6577E-03
  1.6664E-03
  1.8931E-03
  1.8849E-03
  1.8771E-03
  1.8712E-03
  1.8711E-03
  1.8712E-03
  1.8771E-03
  1.8849E-03
  1.8931E-03
  2.1254E-03
  2.1179E-03
  2.1109E-03
  2.1054E-03
  2.1051E-03
  2.1054E-03
  2.1109E-03
  2.1179E-03
  2.1254E-03
  2.3620E-03
  2.3550E-03
  2.3488E-03
  2.3437E-03
  2.3433E-03
  2.3437E-03
  2.3488E-03
  2.3550E-03
  2.3620E-03
  2.6017E-03
  2.5953E-03
  2.5898E-03
  2.5850E-03
  2.5845E-03
  2.5850E-03
  2.5898E-03
  2.5953E-03
  2.6017E-03
  2.8434E-03
  2.8375E-03
  2.8326E-03
  2.8281E-03
  2.8276E-03
  2.8281E-03
  2.8326E-03
  2.8375E-03
  2.8434E-03
  3.0863E-03
  3.0808E-03
  3.0764E-03
  3.0723E-03
  3.0717E-03
  3.0723E-03
  3.0764E-03
  3.0808E-03
  3.0863E-03
  3.3297E-03
  3.3246E-03
  3.3206E-03
  3.3168E-03
  3.3162E-03
  3.3168E-03
  3.3206E-03
  3.3246E-03
  3.3297E-03
  3.5732E-03
  3.5684E-03
  3.5648E-03
  3.5612E-03
  3.5606E-03
  3.5612E-03
  3.5648E-03
  3.5684E-03
  3.5732E-03
   8.8043E-04
  0.0000E+00
  0.0000E+00
  0.0000E+00
  0.0000E+00
  0.0000E+00
  0.0000E+00
  0.0000E+00
  0.0000E+00
  0.0000E+00
  2.4291E-05
  1.3853E-05
  4.1050E-05
  3.2749E-05
  1.5230E-05
  3.2749E-05
  4.1050E-05
  1.3853E-05
  2.4291E-05
  6.8046E-05
  5.8056E-05
  9.3742E-05
  8.3145E-05
  5.9770E-05
  8.3145E-05
  9.3742E-05
  5.8056E-05
  6.8046E-05
  1.3933E-04
  1.2915E-04
  1.6795E-04
  1.5563E-04
  1.3075E-04
  1.5563E-04
  1.6795E-04
  1.2915E-04
  1.3933E-04
  2.3522E-04
  2.2541E-04
  2.6429E-04
  2.5146E-04
  2.2679E-04
  2.5146E-04
  2.6429E-04
  2.2541E-04
  2.3522E-04
  3.5390E-04
  3.4448E-04
  3.8226E-04
  3.6950E-04
  3.4566E-04
  3.6950E-04
  3.8226E-04
  3.4448E-04
  3.5390E-04
  4.9323E-04
  4.8425E-04
  5.2037E-04
  5.0796E-04
  4.8524E-04
  5.0796E-04
  5.2037E-04
  4.8425E-04
  4.9323E-04
  6.5114E-04
  6.4262E-04
  6.7678E-04
  6.6489E-04
  6.4342E-04
  6.6489E-04
  6.7678E-04
  6.4262E-04
  6.5114E-04
  8.2556E-04
  8.1750E-04
  8.4959E-04
  8.3829E-04
  8.1811E-04
  8.3829E-04
  8.4959E-04
  8.1750E-04
  8.2556E-04
  1.0145E-03
  1.0069E-03
  1.0368E-03
  1.0262E-03
  1.0073E-03
  1.0262E-03
  1.0368E-03
  1.0069E-03
  1.0145E-03
  1.2159E-03
  1.2088E-03
  1.2366E-03
  1.2266E-03
  1.2090E-03
  1.2266E-03
  1.2366E-03
  1.2088E-03
  1.2159E-03
  1.4280E-03
  1.4213E-03
  1.4471E-03
  1.4377E-03
  1.4214E-03
  1.4377E-03
  1.4471E-03
  1.4213E-03
  1.4280E-03
  1.6490E-03
  1.6427E-03
  1.6664E-03
  1.6577E-03
  1.6427E-03
  1.6577E-03
  1.6664E-03
  1.6427E-03
  1.6490E-03
  1.8771E-03
  1.8712E-03
  1.8931E-03
  1.8849E-03
  1.8711E-03
  1.8849E-03
  1.8931E-03
  1.8712E-03
  1.8771E-03
  2.1109E-03
  2.1054E-03
  2.1254E-03
  2.1179E-03
  2.1051E-03
  2.1179E-03
  2.1254E-03
  2.1054E-03
  2.1109E-03
  2.3488E-03
  2.3437E-03
  2.3620E-03
  2.3550E-03
  2.3433E-03
  2.3550E-03
  2.3620E-03
  2.3437E-03
  2.3488E-03
  2.5898E-03
  2.5850E-03
  2.6017E-03
  2.5953E-03
  2.5845E-03
  2.5953E-03
  2.6017E-03
  2.5850E-03
  2.5898E-03
  2.8326E-03
  2.8281E-03
  2.8434E-03
  2.8375E-03
  2.8276E-03
  2.8375E-03
  2.8434E-03
  2.8281E-03
  2.8326E-03
  3.0764E-03
  3.0723E-03
  3.0863E-03
  3.0808E-03
  3.0717E-03
  3.0808E-03
  3.0863E-03
  3.0723E-03
  3.0764E-03
  3.3206E-03
  3.3168E-03
  3.3297E-03
  3.3246E-03
  3.3162E-03
  3.3246E-03
  3.3297E-03
  3.3168E-03
  3.3206E-03
  3.5648E-03
  3.5612E-03
  3.5732E-03
  3.5684E-03
  3.5606E-03
  3.5684E-03
  3.5732E-03
  3.5612E-03
  3.5648E-03
   5.3113E-03
  0.0000E+00
  0.0000E+00
  0.0000E+00
  0.0000E+00
  0.0000E+00
  0.0000E+00
  0.0000E+00
  0.0000E+00
  0.0000E+00
  2.5989E-04
  1.3423E-04
  9.0302E-05
  1.7421E-04
  1.1216E-04
  1.7421E-04
  9.0302E-05
  1.3423E-04
  2.5989E-04
  5.3441E-04
  3.8760E-04
  3.4311E-04
  4.3214E-04
  3.6471E-04
  4.3214E-04
  3.4311E-04
  3.8760E-04
  5.3441E-04
  8.6208E-04
  7.2979E-04
  6.9972E-04
  7.6703E-04
  7.0872E-04
  7.6703E-04
  6.9972E-04
  7.2979E-04
  8.6208E-04
  1.2224E-03
  1.1235E-03
  1.1064E-03
  1.1496E-03
  1.1053E-03
  1.1496E-03
  1.1064E-03
  1.1235E-03
  1.2224E-03
  1.5883E-03
  1.5273E-03
  1.5230E-03
  1.5420E-03
  1.5123E-03
  1.5420E-03
  1.5230E-03
  1.5273E-03
  1.5883E-03
  1.9279E-03
  1.9033E-03
  1.9103E-03
  1.9075E-03
  1.8912E-03
  1.9075E-03
  1.9103E-03
  1.9033E-03
  1.9279E-03
  2.2112E-03
  2.2174E-03
  2.2338E-03
  2.2129E-03
  2.2076E-03
  2.2129E-03
  2.2338E-03
  2.2174E-03
  2.2112E-03
  2.4120E-03
  2.4409E-03
  2.4645E-03
  2.4300E-03
  2.4327E-03
  2.4300E-03
  2.4645E-03
  2.4409E-03
  2.4120E-03
  2.5103E-03
  2.5519E-03
  2.5799E-03
  2.5372E-03
  2.5440E-03
  2.5372E-03
  2.5799E-03
  2.5519E-03
  2.5103E-03
  2.4930E-03
  2.5351E-03
  2.5647E-03
  2.5201E-03
  2.5264E-03
  2.5201E-03
  2.5647E-03
  2.5351E-03
  2.4930E-03
  2.3553E-03
  2.3834E-03
  2.4113E-03
  2.3718E-03
  2.3720E-03
  2.3718E-03
  2.4113E-03
  2.3834E-03
  2.3553E-03
  2.1021E-03
  2.0973E-03
  2.1195E-03
  2.0940E-03
  2.0804E-03
  2.0940E-03
  2.1195E-03
  2.0973E-03
  2.1021E-03
  1.7522E-03
  1.6856E-03
  1.6970E-03
  1.6983E-03
  1.6584E-03
  1.6983E-03
  1.6970E-03
  1.6856E-03
  1.7522E-03
  1.3520E-03
  1.1688E-03
  1.1590E-03
  1.2134E-03
  1.1187E-03
  1.2134E-03
  1.1590E-03
  1.1688E-03
  1.3520E-03
  1.0265E-03
  6.0665E-04
  5.3669E-04
  7.3117E-04
  4.7909E-04
  7.3117E-04
  5.3669E-04
  6.0665E-04
  1.0265E-03
  1.0435E-03
  4.6634E-04
  3.0544E-04
  6.5838E-04
  2.3919E-04
  6.5838E-04
  3.0544E-04
  4.6634E-04
  1.0435E-03
  1.4850E-03
  1.0978E-03
  1.0270E-03
  1.2060E-03
  1.0135E-03
  1.2060E-03
  1.0270E-03
  1.0978E-03
  1.4850E-03
  2.1394E-03
  1.8732E-03
  1.8303E-03
  1.9428E-03
  1.8215E-03
  1.9428E-03
  1.8303E-03
  1.8732E-03
  2.1394E-03
  2.8770E-03
  2.6812E-03
  2.6520E-03
  2.7309E-03
  2.6440E-03
  2.7309E-03
  2.6520E-03
  2.6812E-03
  2.8770E-03
  3.6477E-03
  3.4953E-03
  3.4736E-03
  3.5336E-03
  3.4666E-03
  3.5336E-03
  3.4736E-03
  3.4953E-03
  3.6477E-03
   5.3113E-03
  0.0000E+00
  0.0000E+00
  0.0000E+00
  0.0000E+00
  0.0000E+00
  0.0000E+00
  0.0000E+00
  0.0000E+00
  0.0000E+00
  9.0302E-05
  1.7421E-04
  2.5989E-04
  1.3423E-04
  1.1216E-04
  1.3423E-04
  2.5989E-04
  1.7421E-04
  9.0302E-05
  3.4311E-04
  4.3214E-04
  5.3441E-04
  3.8760E-04
  3.6471E-04
  3.8760E-04
  5.3441E-04
  4.3214E-04
  3.4311E-04
  6.9972E-04
  7.6703E-04
  8.6208E-04
  7.2979E-04
  7.0872E-04
  7.2979E-04
  8.6208E-04
  7.6703E-04
  6.9972E-04
  1.1064E-03
  1.1496E-03
  1.2224E-03
  1.1235E-03
  1.1053E-03
  1.1235E-03
  1.2224E-03
  1.1496E-03
  1.1064E-03
  1.5230E-03
  1.5420E-03
  1.5883E-03
  1.5273E-03
  1.5123E-03
  1.5273E-03
  1.5883E-03
  1.5420E-03
  1.5230E-03
  1.9103E-03
  1.9075E-03
  1.9279E-03
  1.9033E-03
  1.8912E-03
  1.9033E-03
  1.9279E-03
  1.9075E-03
  1.9103E-03
  2.2338E-03
  2.2129E-03
  2.2112E-03
  2.2174E-03
  2.2076E-03
  2.2174E-03
  2.2112E-03
  2.2129E-03
  2.2338E-03
  2.4645E-03
  2.4300E-03
  2.4120E-03
  2.4409E-03
  2.4327E-03
  2.4409E-03
  2.4120E-03
  2.4300E-03
  2.4645E-03
  2.5799E-03
  2.5372E-03
  2.5103E-03
  2.5519E-03
  2.5440E-03
  2.5519E-03
  2.5103E-03
  2.5372E-03
  2.5799E-03
  2.5647E-03
  2.5201E-03
  2.4930E-03
  2.5351E-03
  2.5264E-03
  2.5351E-03
  2.4930E-03
  2.5201E-03
  2.5647E-03
  2.4113E-03
  2.3718E-03
  2.3553E-03
  2.3834E-03
  2.3720E-03
  2.3834E-03
  2.3553E-03
  2.3718E-03
  2.4113E-03
  2.1195E-03
  2.0940E-03
  2.1021E-03
  2.0973E-03
  2.0804E-03
  2.0973E-03
  2.1021E-03
  2.0940E-03
  2.1195E-03
  1.6970E-03
  1.6983E-03
  1.7522E-03
  1.6856E-03
  1.6584E-03
  1.6856E-03
  1.7522E-03
  1.6983E-03
  1.6970E-03
  1.1590E-03
  1.2134E-03
  1.3520E-03
  1.1688E-03
  1.1187E-03
  1.1688E-03
  1.3520E-03
  1.2134E-03
  1.1590E-03
  5.3669E-04
  7.3117E-04
  1.0265E-03
  6.0665E-04
  4.7909E-04
  6.0665E-04
  1.0265E-03
  7.3117E-04
  5.3669E-04
  3.0544E-04
  6.5838E-04
  1.0435E-03
  4.6634E-04
  2.3919E-04
  4.6634E-04
  1.0435E-03
  6.5838E-04
  3.0544E-04
  1.0270E-03
  1.2060E-03
  1.4850E-03
  1.0978E-03
  1.0135E-03
  1.0978E-03
  1.4850E-03
  1.2060E-03
  1.0270E-03
  1.8303E-03
  1.9428E-03
  2.1394E-03
  1.8732E-03
  1.8215E-03
  1.8732E-03
  2.1394E-03
  1.9428E-03
  1.8303E-03
  2.6520E-03
  2.7309E-03
  2.8770E-03
  2.6812E-03
  2.6440E-03
  2.6812E-03
  2.8770E-03
  2.7309E-03
  2.6520E-03
  3.4736E-03
  3.5336E-03
  3.6477E-03
  3.4953E-03
  3.4666E-03
  3.4953E-03
  3.6477E-03
  3.5336E-03
  3.4736E-03
   7.9251E-03
  0.0000E+00
  0.0000E+00
  0.0000E+00
  0.0000E+00
  0.0000E+00
  0.0000E+00
  0.0000E+00
  0.0000E+00
  0.0000E+00
  3.4314E-04
  2.4264E-04
  3.4314E-04
  2.4264E-04
  7.1855E-18
  2.4264E-04
  3.4314E-04
  2.4264E-04
  3.4314E-04
  6.8417E-04
  4.8378E-04
  6.8417E-04
  4.8378E-04
  2.2731E-17
  4.8378E-04
  6.8417E-04
  4.8378E-04
  6.8417E-04
  1.0210E-03
  7.2195E-04
  1.0210E-03
  7.2195E-04
  4.3747E-17
  7.2195E-04
  1.0210E-03
  7.2195E-04
  1.0210E-03
  1.3515E-03
  9.5566E-04
  1.3515E-03
  9.5566E-04
  6.7133E-17
  9.5566E-04
  1.3515E-03
  9.5566E-04
  1.3515E-03
  1.6737E-03
  1.1835E-03
  1.6737E-03
  1.1835E-03
  9.0616E-17
  1.1835E-03
  1.6737E-03
  1.1835E-03
  1.6737E-03
  1.9855E-03
  1.4040E-03
  1.9855E-03
  1.4040E-03
  1.1231E-16
  1.4040E-03
  1.9855E-03
  1.4040E-03
  1.9855E-03
  2.2852E-03
  1.6159E-03
  2.2852E-03
  1.6159E-03
  1.3147E-16
  1.6159E-03
  2.2852E-03
  1.6159E-03
  2.2852E-03
  2.5707E-03
  1.8178E-03
  2.5707E-03
  1.8178E-03
  1.4431E-16
  1.8178E-03
  2.5707E-03
  1.8178E-03
  2.5707E-03
  2.8404E-03
  2.0085E-03
  2.8404E-03
  2.0085E-03
  1.5140E-16
  2.0085E-03
  2.8404E-03
  2.0085E-03
  2.8404E-03
  3.0926E-03
  2.1868E-03
  3.0926E-03
  2.1868E-03
  1.5295E-16
  2.1868E-03
  3.0926E-03
  2.1868E-03
  3.0926E-03
  3.3257E-03
  2.3516E-03
  3.3257E-03
  2.3516E-03
  1.4867E-16
  2.3516E-03
  3.3257E-03
  2.3516E-03
  3.3257E-03
  3.5383E-03
  2.5019E-03
  3.5383E-03
  2.5019E-03
  1.3982E-16
  2.5019E-03
  3.5383E-03
  2.5019E-03
  3.5383E-03
  3.7291E-03
  2.6368E-03
  3.7291E-03
  2.6368E-03
  1.2600E-16
  2.6368E-03
  3.7291E-03
  2.6368E-03
  3.7291E-03
  3.8969E-03
  2.7555E-03
  3.8969E-03
  2.7555E-03
  1.0889E-16
  2.7555E-03
  3.8969E-03
  2.7555E-03
  3.8969E-03
  4.0406E-03
  2.8572E-03
  4.0406E-03
  2.8572E-03
  9.0012E-17
  2.8572E-03
  4.0406E-03
  2.8572E-03
  4.0406E-03
  4.1595E-03
  2.9412E-03
  4.1595E-03
  2.9412E-03
  7.2508E-17
  2.9412E-03
  4.1595E-03
  2.9412E-03
  4.1595E-03
  4.2527E-03
  3.0071E-03
  4.2527E-03
  3.0071E-03
  5.7244E-17
  3.0071E-03
  4.2527E-03
  3.0071E-03
  4.2527E-03
  4.3197E-03
  3.0545E-03
  4.3197E-03
  3.0545E-03
  4.1453E-17
  3.0545E-03
  4.3197E-03
  3.0545E-03
  4.3197E-03
  4.3601E-03
  3.0830E-03
  4.3601E-03
  3.0830E-03
  3.4739E-17
  3.0830E-03
  4.3601E-03
  3.0830E-03
  4.3601E-03
  4.3735E-03
  3.0926E-03
  4.3735E-03
  3.0926E-03
  3.9860E-17
  3.0926E-03
  4.3735E-03
  3.0926E-03
  4.3735E-03
   1.2850E-02
  0.0000E+00
  0.0000E+00
  0.0000E+00
  0.0000E+00
  0.0000E+00
  0.0000E+00
  0.0000E+00
  0.0000E+00
  0.0000E+00
  2.0764E-04
  1.8642E-04
  2.0764E-04
  1.8642E-04
  1.6320E-04
  1.8642E-04
  2.0764E-04
  1.8642E-04
  2.0764E-04
  3.8531E-04
  3.8068E-04
  3.8531E-04
  3.8068E-04
  3.7552E-04
  3.8068E-04
  3.8531E-04
  3.8068E-04
  3.8531E-04
  5.7783E-04
  5.7536E-04
  5.7783E-04
  5.7536E-04
  5.7326E-04
  5.7536E-04
  5.7783E-04
  5.7536E-04
  5.7783E-04
  7.6880E-04
  7.6742E-04
  7.6880E-04
  7.6742E-04
  7.6598E-04
  7.6742E-04
  7.6880E-04
  7.6742E-04
  7.6880E-04
  9.5564E-04
  9.5491E-04
  9.5564E-04
  9.5491E-04
  9.5418E-04
  9.5491E-04
  9.5564E-04
  9.5491E-04
  9.5564E-04
  1.1368E-03
  1.1366E-03
  1.1368E-03
  1.1366E-03
  1.1364E-03
  1.1366E-03
  1.1368E-03
  1.1366E-03
  1.1368E-03
  1.3112E-03
  1.3114E-03
  1.3112E-03
  1.3114E-03
  1.3116E-03
  1.3114E-03
  1.3112E-03
  1.3114E-03
  1.3112E-03
  1.4774E-03
  1.4780E-03
  1.4774E-03
  1.4780E-03
  1.4786E-03
  1.4780E-03
  1.4774E-03
  1.4780E-03
  1.4774E-03
  1.6346E-03
  1.6355E-03
  1.6346E-03
  1.6355E-03
  1.6363E-03
  1.6355E-03
  1.6346E-03
  1.6355E-03
  1.6346E-03
  1.7816E-03
  1.7828E-03
  1.7816E-03
  1.7828E-03
  1.7839E-03
  1.7828E-03
  1.7816E-03
  1.7828E-03
  1.7816E-03
  1.9176E-03
  1.9190E-03
  1.9176E-03
  1.9190E-03
  1.9204E-03
  1.9190E-03
  1.9176E-03
  1.9190E-03
  1.9176E-03
  2.0416E-03
  2.0432E-03
  2.0416E-03
  2.0432E-03
  2.0448E-03
  2.0432E-03
  2.0416E-03
  2.0432E-03
  2.0416E-03
  2.1530E-03
  2.1548E-03
  2.1530E-03
  2.1548E-03
  2.1565E-03
  2.1548E-03
  2.1530E-03
  2.1548E-03
  2.1530E-03
  2.2509E-03
  2.2529E-03
  2.2509E-03
  2.2529E-03
  2.2548E-03
  2.2529E-03
  2.2509E-03
  2.2529E-03
  2.2509E-03
  2.3349E-03
  2.3370E-03
  2.3349E-03
  2.3370E-03
  2.3390E-03
  2.3370E-03
  2.3349E-03
  2.3370E-03
  2.3349E-03
  2.4043E-03
  2.4065E-03
  2.4043E-03
  2.4065E-03
  2.4087E-03
  2.4065E-03
  2.4043E-03
  2.4065E-03
  2.4043E-03
  2.4588E-03
  2.4610E-03
  2.4588E-03
  2.4610E-03
  2.4633E-03
  2.4610E-03
  2.4588E-03
  2.4610E-03
  2.4588E-03
  2.4979E-03
  2.5002E-03
  2.4979E-03
  2.5002E-03
  2.5025E-03
  2.5002E-03
  2.4979E-03
  2.5002E-03
  2.4979E-03
  2.5218E-03
  2.5238E-03
  2.5218E-03
  2.5238E-03
  2.5257E-03
  2.5238E-03
  2.5218E-03
  2.5238E-03
  2.5218E-03
  2.5307E-03
  2.5323E-03
  2.5307E-03
  2.5323E-03
  2.5338E-03
  2.5323E-03
  2.5307E-03
  2.5323E-03
  2.5307E-03
   1.4128E-02
  0.0000E+00
  0.0000E+00
  0.0000E+00
  0.0000E+00
  0.0000E+00
  0.0000E+00
  0.0000E+00
  0.0000E+00
  0.0000E+00
  3.7948E-04
  3.2356E-04
  5.8375E-04
  4.9510E-04
  3.3596E-04
  4.9510E-04
  5.8375E-04
  3.2356E-04
  3.7948E-04
  9.8257E-04
  9.4601E-04
  1.1556E-03
  1.0817E-03
  9.4606E-04
  1.0817E-03
  1.1556E-03
  9.4601E-04
  9.8257E-04
  1.6771E-03
  1.6444E-03
  1.7519E-03
  1.7046E-03
  1.6302E-03
  1.7046E-03
  1.7519E-03
  1.6444E-03
  1.6771E-03
  2.2789E-03
  2.2560E-03
  2.2568E-03
  2.2428E-03
  2.2300E-03
  2.2428E-03
  2.2568E-03
  2.2560E-03
  2.2789E-03
  2.6587E-03
  2.6412E-03
  2.5716E-03
  2.5804E-03
  2.6075E-03
  2.5804E-03
  2.5716E-03
  2.6412E-03
  2.6587E-03
  2.7293E-03
  2.7111E-03
  2.6266E-03
  2.6390E-03
  2.6738E-03
  2.6390E-03
  2.6266E-03
  2.7111E-03
  2.7293E-03
  2.4614E-03
  2.4340E-03
  2.4029E-03
  2.3940E-03
  2.3966E-03
  2.3940E-03
  2.4029E-03
  2.4340E-03
  2.4614E-03
  1.8889E-03
  1.8386E-03
  1.9443E-03
  1.8838E-03
  1.8024E-03
  1.8838E-03
  1.9443E-03
  1.8386E-03
  1.8889E-03
  1.1217E-03
  1.0128E-03
  1.3870E-03
  1.2343E-03
  9.7070E-04
  1.2343E-03
  1.3870E-03
  1.0128E-03
  1.1217E-03
  5.5584E-04
  2.5564E-04
  1.0590E-03
  8.1856E-04
  2.0395E-05
  8.1856E-04
  1.0590E-03
  2.5564E-04
  5.5584E-04
  1.0606E-03
  9.5474E-04
  1.2990E-03
  1.1552E-03
  9.0825E-04
  1.1552E-03
  1.2990E-03
  9.5474E-04
  1.0606E-03
  1.7606E-03
  1.7152E-03
  1.7757E-03
  1.7305E-03
  1.6750E-03
  1.7305E-03
  1.7757E-03
  1.7152E-03
  1.7606E-03
  2.2278E-03
  2.2029E-03
  2.1314E-03
  2.1357E-03
  2.1603E-03
  2.1357E-03
  2.1314E-03
  2.2029E-03
  2.2278E-03
  2.3497E-03
  2.3277E-03
  2.2252E-03
  2.2401E-03
  2.2825E-03
  2.2401E-03
  2.2252E-03
  2.3277E-03
  2.3497E-03
  2.0929E-03
  2.0565E-03
  2.0271E-03
  2.0114E-03
  2.0090E-03
  2.0114E-03
  2.0271E-03
  2.0565E-03
  2.0929E-03
  1.4982E-03
  1.4139E-03
  1.6171E-03
  1.5105E-03
  1.3589E-03
  1.5105E-03
  1.6171E-03
  1.4139E-03
  1.4982E-03
  7.9319E-04
  5.2081E-04
  1.3109E-03
  1.0366E-03
  3.9776E-04
  1.0366E-03
  1.3109E-03
  5.2081E-04
  7.9319E-04
  1.0764E-03
  8.3772E-04
  1.6652E-03
  1.3727E-03
  7.7700E-04
  1.3727E-03
  1.6652E-03
  8.3772E-04
  1.0764E-03
  2.2039E-03
  2.0829E-03
  2.5865E-03
  2.3820E-03
  2.0561E-03
  2.3820E-03
  2.5865E-03
  2.0829E-03
  2.2039E-03
  3.4416E-03
  3.3619E-03
  3.7020E-03
  3.5584E-03
  3.3441E-03
  3.5584E-03
  3.7020E-03
  3.3619E-03
  3.4416E-03
   1.4128E-02
  0.0000E+00
  0.0000E+00
  0.0000E+00
  0.0000E+00
  0.0000E+00
  0.0000E+00
  0.0000E+00
  0.0000E+00
  0.0000E+00
  5.8375E-04
  4.9510E-04
  3.7948E-04
  3.2356E-04
  3.3596E-04
  3.2356E-04
  3.7948E-04
  4.9510E-04
  5.8375E-04
  1.1556E-03
  1.0817E-03
  9.8257E-04
  9.4601E-04
  9.4606E-04
  9.4601E-04
  9.8257E-04
  1.0817E-03
  1.1556E-03
  1.7519E-03
  1.7046E-03
  1.6771E-03
  1.6444E-03
  1.6302E-03
  1.6444E-03
  1.6771E-03
  1.7046E-03
  1.7519E-03
  2.2568E-03
  2.2428E-03
  2.2789E-03
  2.2560E-03
  2.2300E-03
  2.2560E-03
  2.2789E-03
  2.2428E-03
  2.2568E-03
  2.5716E-03
  2.5804E-03
  2.6587E-03
  2.6412E-03
  2.6075E-03
  2.6412E-03
  2.6587E-03
  2.5804E-03
  2.5716E-03
  2.6266E-03
  2.6390E-03
  2.7293E-03
  2.7111E-03
  2.6738E-03
  2.7111E-03
  2.7293E-03
  2.6390E-03
  2.6266E-03
  2.4029E-03
  2.3940E-03
  2.4614E-03
  2.4340E-03
  2.3966E-03
  2.4340E-03
  2.4614E-03
  2.3940E-03
  2.4029E-03
  1.9443E-03
  1.8838E-03
  1.8889E-03
  1.8386E-03
  1.8024E-03
  1.8386E-03
  1.8889E-03
  1.8838E-03
  1.9443E-03
  1.3870E-03
  1.2343E-03
  1.1217E-03
  1.0128E-03
  9.7070E-04
  1.0128E-03
  1.1217E-03
  1.2343E-03
  1.3870E-03
  1.0590E-03
  8.1856E-04
  5.5584E-04
  2.5564E-04
  2.0395E-05
  2.5564E-04
  5.5584E-04
  8.1856E-04
  1.0590E-03
  1.2990E-03
  1.1552E-03
  1.0606E-03
  9.5474E-04
  9.0825E-04
  9.5474E-04
  1.0606E-03
  1.1552E-03
  1.2990E-03
  1.7757E-03
  1.7305E-03
  1.7606E-03
  1.7152E-03
  1.6750E-03
  1.7152E-03
  1.7606E-03
  1.7305E-03
  1.7757E-03
  2.1314E-03
  2.1357E-03
  2.2278E-03
  2.2029E-03
  2.1603E-03
  2.2029E-03
  2.2278E-03
  2.1357E-03
  2.1314E-03
  2.2252E-03
  2.2401E-03
  2.3497E-03
  2.3277E-03
  2.2825E-03
  2.3277E-03
  2.3497E-03
  2.2401E-03
  2.2252E-03
  2.0271E-03
  2.0114E-03
  2.0929E-03
  2.0565E-03
  2.0090E-03
  2.0565E-03
  2.0929E-03
  2.0114E-03
  2.0271E-03
  1.6171E-03
  1.5105E-03
  1.4982E-03
  1.4139E-03
  1.3589E-03
  1.4139E-03
  1.4982E-03
  1.5105E-03
  1.6171E-03
  1.3109E-03
  1.0366E-03
  7.9319E-04
  5.2081E-04
  3.9776E-04
  5.2081E-04
  7.9319E-04
  1.0366E-03
  1.3109E-03
  1.6652E-03
  1.3727E-03
  1.0764E-03
  8.3772E-04
  7.7700E-04
  8.3772E-04
  1.0764E-03
  1.3727E-03
  1.6652E-03
  2.5865E-03
  2.3820E-03
  2.2039E-03
  2.0829E-03
  2.0561E-03
  2.0829E-03
  2.2039E-03
  2.3820E-03
  2.5865E-03
  3.7020E-03
  3.5584E-03
  3.4416E-03
  3.3619E-03
  3.3441E-03
  3.3619E-03
  3.4416E-03
  3.5584E-03
  3.7020E-03
   2.3824E-02
  0.0000E+00
  0.0000E+00
  0.0000E+00
  0.0000E+00
  0.0000E+00
  0.0000E+00
  0.0000E+00
  0.0000E+00
  0.0000E+00
  1.0252E-03
  7.2492E-04
  1.0252E-03
  7.2492E-04
  4.0815E-17
  7.2492E-04
  1.0252E-03
  7.2492E-04
  1.0252E-03
  1.9937E-03
  1.4098E-03
  1.9937E-03
  1.4098E-03
  8.5871E-17
  1.4098E-03
  1.9937E-03
  1.4098E-03
  1.9937E-03
  2.8521E-03
  2.0167E-03
  2.8521E-03
  2.0167E-03
  1.1842E-16
  2.0167E-03
  2.8521E-03
  2.0167E-03
  2.8521E-03
  3.5529E-03
  2.5122E-03
  3.5529E-03
  2.5122E-03
  1.2117E-16
  2.5122E-03
  3.5529E-03
  2.5122E-03
  3.5529E-03
  4.0573E-03
  2.8689E-03
  4.0573E-03
  2.8689E-03
  7.1122E-17
  2.8689E-03
  4.0573E-03
  2.8689E-03
  4.0573E-03
  4.3375E-03
  3.0671E-03
  4.3375E-03
  3.0671E-03
  2.5254E-17
  3.0671E-03
  4.3375E-03
  3.0671E-03
  4.3375E-03
  4.3780E-03
  3.0957E-03
  4.3780E-03
  3.0957E-03
  8.0000E-17
  3.0957E-03
  4.3780E-03
  3.0957E-03
  4.3780E-03
  4.1766E-03
  2.9533E-03
  4.1766E-03
  2.9533E-03
  8.6280E-17
  2.9533E-03
  4.1766E-03
  2.9533E-03
  4.1766E-03
  3.7444E-03
  2.6477E-03
  3.7444E-03
  2.6477E-03
  7.9324E-17
  2.6477E-03
  3.7444E-03
  2.6477E-03
  3.7444E-03
  3.1053E-03
  2.1958E-03
  3.1053E-03
  2.1958E-03
  7.4422E-17
  2.1958E-03
  3.1053E-03
  2.1958E-03
  3.1053E-03
  2.2946E-03
  1.6225E-03
  2.2946E-03
  1.6225E-03
  4.9632E-17
  1.6225E-03
  2.2946E-03
  1.6225E-03
  2.2946E-03
  1.3571E-03
  9.5959E-04
  1.3571E-03
  9.5959E-04
  7.9779E-17
  9.5959E-04
  1.3571E-03
  9.5959E-04
  1.3571E-03
  3.4456E-04
  2.4364E-04
  3.4456E-04
  2.4364E-04
  3.9981E-17
  2.4364E-04
  3.4456E-04
  2.4364E-04
  3.4456E-04
  6.8699E-04
  4.8578E-04
  6.8699E-04
  4.8578E-04
  3.6347E-17
  4.8578E-04
  6.8699E-04
  4.8578E-04
  6.8699E-04
  1.6806E-03
  1.1884E-03
  1.6806E-03
  1.1884E-03
  9.9047E-17
  1.1884E-03
  1.6806E-03
  1.1884E-03
  1.6806E-03
  2.5813E-03
  1.8253E-03
  2.5813E-03
  1.8253E-03
  8.8802E-17
  1.8253E-03
  2.5813E-03
  1.8253E-03
  2.5813E-03
  3.3394E-03
  2.3613E-03
  3.3394E-03
  2.3613E-03
  1.2576E-17
  2.3613E-03
  3.3394E-03
  2.3613E-03
  3.3394E-03
  3.9129E-03
  2.7669E-03
  3.9129E-03
  2.7669E-03
  1.6695E-17
  2.7669E-03
  3.9129E-03
  2.7669E-03
  3.9129E-03
  4.2702E-03
  3.0195E-03
  4.2702E-03
  3.0195E-03
  3.4720E-17
  3.0195E-03
  4.2702E-03
  3.0195E-03
  4.2702E-03
  4.3916E-03
  3.1053E-03
  4.3916E-03
  3.1053E-03
  4.0509E-17
  3.1053E-03
  4.3916E-03
  3.1053E-03
  4.3916E-03
   2.6015E-02
  0.0000E+00
  0.0000E+00
  0.0000E+00
  0.0000E+00
  0.0000E+00
  0.0000E+00
  0.0000E+00
  0.0000E+00
  0.0000E+00
  1.0244E-03
  6.9032E-04
  6.4982E-04
  8.4337E-04
  6.7016E-04
  8.4337E-04
  6.4982E-04
  6.9032E-04
  1.0244E-03
  1.7998E-03
  1.6634E-03
  1.6631E-03
  1.7196E-03
  1.6353E-03
  1.7196E-03
  1.6631E-03
  1.6634E-03
  1.7998E-03
  2.3767E-03
  2.4537E-03
  2.5137E-03
  2.4080E-03
  2.4172E-03
  2.4080E-03
  2.5137E-03
  2.4537E-03
  2.3767E-03
  2.5749E-03
  2.7416E-03
  2.8242E-03
  2.6527E-03
  2.6977E-03
  2.6527E-03
  2.8242E-03
  2.7416E-03
  2.5749E-03
  2.3441E-03
  2.3785E-03
  2.4531E-03
  2.3422E-03
  2.3229E-03
  2.3422E-03
  2.4531E-03
  2.3785E-03
  2.3441E-03
  1.8254E-03
  1.4484E-03
  1.4849E-03
  1.5950E-03
  1.3554E-03
  1.5950E-03
  1.4849E-03
  1.4484E-03
  1.8254E-03
  1.4675E-03
  5.0603E-04
  4.8406E-04
  9.9951E-04
  4.4405E-05
  9.9951E-04
  4.8406E-04
  5.0603E-04
  1.4675E-03
  1.7142E-03
  1.3494E-03
  1.3917E-03
  1.4902E-03
  1.2524E-03
  1.4902E-03
  1.3917E-03
  1.3494E-03
  1.7142E-03
  2.1612E-03
  2.2328E-03
  2.3157E-03
  2.1799E-03
  2.1751E-03
  2.1799E-03
  2.3157E-03
  2.2328E-03
  2.1612E-03
  2.3283E-03
  2.5183E-03
  2.6126E-03
  2.4170E-03
  2.4676E-03
  2.4170E-03
  2.6126E-03
  2.5183E-03
  2.3283E-03
  2.0879E-03
  2.1113E-03
  2.1866E-03
  2.0798E-03
  2.0528E-03
  2.0798E-03
  2.1866E-03
  2.1113E-03
  2.0879E-03
  1.6071E-03
  1.1606E-03
  1.1887E-03
  1.3455E-03
  1.0563E-03
  1.3455E-03
  1.1887E-03
  1.1606E-03
  1.6071E-03
  1.3782E-03
  5.2548E-04
  5.1245E-04
  9.5621E-04
  2.2810E-04
  9.5621E-04
  5.1245E-04
  5.2548E-04
  1.3782E-03
  1.6954E-03
  1.4990E-03
  1.5552E-03
  1.5632E-03
  1.4208E-03
  1.5632E-03
  1.5552E-03
  1.4990E-03
  1.6954E-03
  2.0625E-03
  2.2184E-03
  2.3127E-03
  2.1301E-03
  2.1624E-03
  2.1301E-03
  2.3127E-03
  2.2184E-03
  2.0625E-03
  2.1031E-03
  2.2743E-03
  2.3784E-03
  2.1760E-03
  2.2128E-03
  2.1760E-03
  2.3784E-03
  2.2743E-03
  2.1031E-03
  1.8462E-03
  1.6177E-03
  1.7015E-03
  1.6824E-03
  1.5135E-03
  1.6824E-03
  1.7015E-03
  1.6177E-03
  1.8462E-03
  1.8276E-03
  6.6175E-04
  6.6707E-04
  1.2393E-03
  1.9472E-04
  1.2393E-03
  6.6707E-04
  6.6175E-04
  1.8276E-03
  2.6250E-03
  1.6330E-03
  1.6002E-03
  2.0707E-03
  1.4783E-03
  2.0707E-03
  1.6002E-03
  1.6330E-03
  2.6250E-03
  3.9170E-03
  3.2856E-03
  3.2710E-03
  3.5412E-03
  3.2068E-03
  3.5412E-03
  3.2710E-03
  3.2856E-03
  3.9170E-03
   2.6015E-02
  0.0000E+00
  0.0000E+00
  0.0000E+00
  0.0000E+00
  0.0000E+00
  0.0000E+00
  0.0000E+00
  0.0000E+00
  0.0000E+00
  6.4982E-04
  8.4337E-04
  1.0244E-03
  6.9032E-04
  6.7016E-04
  6.9032E-04
  1.0244E-03
  8.4337E-04
  6.4982E-04
  1.6631E-03
  1.7196E-03
  1.7998E-03
  1.6634E-03
  1.6353E-03
  1.6634E-03
  1.7998E-03
  1.7196E-03
  1.6631E-03
  2.5137E-03
  2.4080E-03
  2.3767E-03
  2.4537E-03
  2.4172E-03
  2.4537E-03
  2.3767E-03
  2.4080E-03
  2.5137E-03
  2.8242E-03
  2.6527E-03
  2.5749E-03
  2.7416E-03
  2.6977E-03
  2.7416E-03
  2.5749E-03
  2.6527E-03
  2.8242E-03
  2.4531E-03
  2.3422E-03
  2.3441E-03
  2.3785E-03
  2.3229E-03
  2.3785E-03
  2.3441E-03
  2.3422E-03
  2.4531E-03
  1.4849E-03
  1.5950E-03
  1.8254E-03
  1.4484E-03
  1.3554E-03
  1.4484E-03
  1.8254E-03
  1.5950E-03
  1.4849E-03
  4.8406E-04
  9.9951E-04
  1.4675E-03
  5.0603E-04
  4.4405E-05
  5.0603E-04
  1.4675E-03
  9.9951E-04
  4.8406E-04
  1.3917E-03
  1.4902E-03
  1.7142E-03
  1.3494E-03
  1.2524E-03
  1.3494E-03
  1.7142E-03
  1.4902E-03
  1.3917E-03
  2.3157E-03
  2.1799E-03
  2.1612E-03
  2.2328E-03
  2.1751E-03
  2.2328E-03
  2.1612E-03
  2.1799E-03
  2.3157E-03
  2.6126E-03
  2.4170E-03
  2.3283E-03
  2.5183E-03
  2.4676E-03
  2.5183E-03
  2.3283E-03
  2.4170E-03
  2.6126E-03
  2.1866E-03
  2.0798E-03
  2.0879E-03
  2.1113E-03
  2.0528E-03
  2.1113E-03
  2.0879E-03
  2.0798E-03
  2.1866E-03
  1.1887E-03
  1.3455E-03
  1.6071E-03
  1.1606E-03
  1.0563E-03
  1.1606E-03
  1.6071E-03
  1.3455E-03
  1.1887E-03
  5.1245E-04
  9.5621E-04
  1.3782E-03
  5.2548E-04
  2.2810E-04
  5.2548E-04
  1.3782E-03
  9.5621E-04
  5.1245E-04
  1.5552E-03
  1.5632E-03
  1.6954E-03
  1.4990E-03
  1.4208E-03
  1.4990E-03
  1.6954E-03
  1.5632E-03
  1.5552E-03
  2.3127E-03
  2.1301E-03
  2.0625E-03
  2.2184E-03
  2.1624E-03
  2.2184E-03
  2.0625E-03
  2.1301E-03
  2.3127E-03
  2.3784E-03
  2.1760E-03
  2.1031E-03
  2.2743E-03
  2.2128E-03
  2.2743E-03
  2.1031E-03
  2.1760E-03
  2.3784E-03
  1.7015E-03
  1.6824E-03
  1.8462E-03
  1.6177E-03
  1.5135E-03
  1.6177E-03
  1.8462E-03
  1.6824E-03
  1.7015E-03
  6.6707E-04
  1.2393E-03
  1.8276E-03
  6.6175E-04
  1.9472E-04
  6.6175E-04
  1.8276E-03
  1.2393E-03
  6.6707E-04
  1.6002E-03
  2.0707E-03
  2.6250E-03
  1.6330E-03
  1.4783E-03
  1.6330E-03
  2.6250E-03
  2.0707E-03
  1.6002E-03
  3.2710E-03
  3.5412E-03
  3.9170E-03
  3.2856E-03
  3.2068E-03
  3.2856E-03
  3.9170E-03
  3.5412E-03
  3.2710E-03
   3.8606E-02
  0.0000E+00
  0.0000E+00
  0.0000E+00
  0.0000E+00
  0.0000E+00
  0.0000E+00
  0.0000E+00
  0.0000E+00
  0.0000E+00
  6.1615E-04
  5.5637E-04
  6.1615E-04
  5.5637E-04
  4.9036E-04
  5.5637E-04
  6.1615E-04
  5.5637E-04
  6.1615E-04
  1.1136E-03
  1.1094E-03
  1.1136E-03
  1.1094E-03
  1.1038E-03
  1.1094E-03
  1.1136E-03
  1.1094E-03
  1.1136E-03
  1.6028E-03
  1.6101E-03
  1.6028E-03
  1.6101E-03
  1.6185E-03
  1.6101E-03
  1.6028E-03
  1.6101E-03
  1.6028E-03
  2.0100E-03
  2.0242E-03
  2.0100E-03
  2.0242E-03
  2.0383E-03
  2.0242E-03
  2.0100E-03
  2.0242E-03
  2.0100E-03
  2.3078E-03
  2.3263E-03
  2.3078E-03
  2.3263E-03
  2.3449E-03
  2.3263E-03
  2.3078E-03
  2.3263E-03
  2.3078E-03
  2.4786E-03
  2.4995E-03
  2.4786E-03
  2.4995E-03
  2.5205E-03
  2.4995E-03
  2.4786E-03
  2.4995E-03
  2.4786E-03
  2.5123E-03
  2.5337E-03
  2.5123E-03
  2.5337E-03
  2.5552E-03
  2.5337E-03
  2.5123E-03
  2.5337E-03
  2.5123E-03
  2.4072E-03
  2.4271E-03
  2.4072E-03
  2.4271E-03
  2.4471E-03
  2.4271E-03
  2.4072E-03
  2.4271E-03
  2.4072E-03
  2.1693E-03
  2.1858E-03
  2.1693E-03
  2.1858E-03
  2.2023E-03
  2.1858E-03
  2.1693E-03
  2.1858E-03
  2.1693E-03
  1.8125E-03
  1.8234E-03
  1.8125E-03
  1.8234E-03
  1.8344E-03
  1.8234E-03
  1.8125E-03
  1.8234E-03
  1.8125E-03
  1.3586E-03
  1.3613E-03
  1.3586E-03
  1.3613E-03
  1.3640E-03
  1.3613E-03
  1.3586E-03
  1.3613E-03
  1.3586E-03
  8.3973E-04
  8.2873E-04
  8.3973E-04
  8.2873E-04
  8.1738E-04
  8.2873E-04
  8.3973E-04
  8.2873E-04
  8.3973E-04
  3.3834E-04
  2.8779E-04
  3.3834E-04
  2.8779E-04
  2.2506E-04
  2.8779E-04
  3.3834E-04
  2.8779E-04
  3.3834E-04
  4.5170E-04
  4.1761E-04
  4.5170E-04
  4.1761E-04
  3.7983E-04
  4.1761E-04
  4.5170E-04
  4.1761E-04
  4.5170E-04
  9.7677E-04
  9.7022E-04
  9.7677E-04
  9.7022E-04
  9.6350E-04
  9.7022E-04
  9.7677E-04
  9.7022E-04
  9.7677E-04
  1.4830E-03
  1.4882E-03
  1.4830E-03
  1.4882E-03
  1.4933E-03
  1.4882E-03
  1.4830E-03
  1.4882E-03
  1.4830E-03
  1.9144E-03
  1.9270E-03
  1.9144E-03
  1.9270E-03
  1.9398E-03
  1.9270E-03
  1.9144E-03
  1.9270E-03
  1.9144E-03
  2.2425E-03
  2.2599E-03
  2.2425E-03
  2.2599E-03
  2.2775E-03
  2.2599E-03
  2.2425E-03
  2.2599E-03
  2.2425E-03
  2.4503E-03
  2.4670E-03
  2.4503E-03
  2.4670E-03
  2.4839E-03
  2.4670E-03
  2.4503E-03
  2.4670E-03
  2.4503E-03
  2.5295E-03
  2.5435E-03
  2.5295E-03
  2.5435E-03
  2.5577E-03
  2.5435E-03
  2.5295E-03
  2.5435E-03
  2.5295E-03
