Scalar MD under Modal for nodeset
189
   8.8043E-04
  0.0000E+00
  0.0000E+00
  0.0000E+00
  0.0000E+00
  0.0000E+00
  0.0000E+00
  0.0000E+00
  0.0000E+00
  0.0000E+00
  7.5959E-05
  6.6975E-05
  5.7715E-05
  2.3920E-05
  3.0461E-05
  2.3920E-05
  5.7715E-05
  6.6975E-05
  7.5959E-05
  1.7738E-04
  1.6864E-04
  1.4902E-04
  1.1267E-04
  1.1954E-04
  1.1267E-04
  1.4902E-04
  1.6864E-04
  1.7738E-04
  3.2409E-04
  3.1394E-04
  2.9232E-04
  2.5505E-04
  2.6150E-04
  2.5505E-04
  2.9232E-04
  3.1394E-04
  3.2409E-04
  5.1626E-04
  5.0565E-04
  4.8393E-04
  4.4775E-04
  4.5358E-04
  4.4775E-04
  4.8393E-04
  5.0565E-04
  5.1626E-04
  7.5232E-04
  7.4167E-04
  7.2075E-04
  6.8607E-04
  6.9132E-04
  6.8607E-04
  7.2075E-04
  7.4167E-04
  7.5232E-04
  1.0290E-03
  1.0185E-03
  9.9874E-04
  9.6581E-04
  9.7048E-04
  9.6581E-04
  9.9874E-04
  1.0185E-03
  1.0290E-03
  1.3424E-03
  1.3322E-03
  1.3138E-03
  1.2827E-03
  1.2868E-03
  1.2827E-03
  1.3138E-03
  1.3322E-03
  1.3424E-03
  1.6886E-03
  1.6789E-03
  1.6619E-03
  1.6327E-03
  1.6362E-03
  1.6327E-03
  1.6619E-03
  1.6789E-03
  1.6886E-03
  2.0638E-03
  2.0545E-03
  2.0390E-03
  2.0116E-03
  2.0146E-03
  2.0116E-03
  2.0390E-03
  2.0545E-03
  2.0638E-03
  2.4641E-03
  2.4552E-03
  2.4411E-03
  2.4156E-03
  2.4181E-03
  2.4156E-03
  2.4411E-03
  2.4552E-03
  2.4641E-03
  2.8857E-03
  2.8772E-03
  2.8645E-03
  2.8408E-03
  2.8428E-03
  2.8408E-03
  2.8645E-03
  2.8772E-03
  2.8857E-03
  3.3252E-03
  3.3171E-03
  3.3057E-03
  3.2837E-03
  3.2853E-03
  3.2837E-03
  3.3057E-03
  3.3171E-03
  3.3252E-03
  3.7791E-03
  3.7714E-03
  3.7613E-03
  3.7410E-03
  3.7421E-03
  3.7410E-03
  3.7613E-03
  3.7714E-03
  3.7791E-03
  4.2443E-03
  4.2371E-03
  4.2282E-03
  4.2094E-03
  4.2102E-03
  4.2094E-03
  4.2282E-03
  4.2371E-03
  4.2443E-03
  4.7182E-03
  4.7113E-03
  4.7035E-03
  4.6862E-03
  4.6867E-03
  4.6862E-03
  4.7035E-03
  4.7113E-03
  4.7182E-03
  5.1981E-03
  5.1917E-03
  5.1848E-03
  5.1689E-03
  5.1690E-03
  5.1689E-03
  5.1848E-03
  5.1917E-03
  5.1981E-03
  5.6821E-03
  5.6760E-03
  5.6700E-03
  5.6553E-03
  5.6552E-03
  5.6553E-03
  5.6700E-03
  5.6760E-03
  5.6821E-03
  6.1682E-03
  6.1625E-03
  6.1572E-03
  6.1436E-03
  6.1434E-03
  6.1436E-03
  6.1572E-03
  6.1625E-03
  6.1682E-03
  6.6554E-03
  6.6500E-03
  6.6453E-03
  6.6327E-03
  6.6324E-03
  6.6327E-03
  6.6453E-03
  6.6500E-03
  6.6554E-03
  7.1427E-03
  7.1377E-03
  7.1333E-03
  7.1216E-03
  7.1213E-03
  7.1216E-03
  7.1333E-03
  7.1377E-03
  7.1427E-03
   8.8043E-04
  0.0000E+00
  0.0000E+00
  0.0000E+00
  0.0000E+00
  0.0000E+00
  0.0000E+00
  0.0000E+00
  0.0000E+00
  0.0000E+00
  5.7715E-05
  2.3920E-05
  7.5959E-05
  6.6975E-05
  3.0461E-05
  6.6975E-05
  7.5959E-05
  2.3920E-05
  5.7715E-05
  1.4902E-04
  1.1267E-04
  1.7738E-04
  1.6864E-04
  1.1954E-04
  1.6864E-04
  1.7738E-04
  1.1267E-04
  1.4902E-04
  2.9232E-04
  2.5505E-04
  3.2409E-04
  3.1394E-04
  2.6150E-04
  3.1394E-04
  3.2409E-04
  2.5505E-04
  2.9232E-04
  4.8393E-04
  4.4775E-04
  5.1626E-04
  5.0565E-04
  4.5358E-04
  5.0565E-04
  5.1626E-04
  4.4775E-04
  4.8393E-04
  7.2075E-04
  6.8607E-04
  7.5232E-04
  7.4167E-04
  6.9132E-04
  7.4167E-04
  7.5232E-04
  6.8607E-04
  7.2075E-04
  9.9874E-04
  9.6581E-04
  1.0290E-03
  1.0185E-03
  9.7048E-04
  1.0185E-03
  1.0290E-03
  9.6581E-04
  9.9874E-04
  1.3138E-03
  1.2827E-03
  1.3424E-03
  1.3322E-03
  1.2868E-03
  1.3322E-03
  1.3424E-03
  1.2827E-03
  1.3138E-03
  1.6619E-03
  1.6327E-03
  1.6886E-03
  1.6789E-03
  1.6362E-03
  1.6789E-03
  1.6886E-03
  1.6327E-03
  1.6619E-03
  2.0390E-03
  2.0116E-03
  2.0638E-03
  2.0545E-03
  2.0146E-03
  2.0545E-03
  2.0638E-03
  2.0116E-03
  2.0390E-03
  2.4411E-03
  2.4156E-03
  2.4641E-03
  2.4552E-03
  2.4181E-03
  2.4552E-03
  2.4641E-03
  2.4156E-03
  2.4411E-03
  2.8645E-03
  2.8408E-03
  2.8857E-03
  2.8772E-03
  2.8428E-03
  2.8772E-03
  2.8857E-03
  2.8408E-03
  2.8645E-03
  3.3057E-03
  3.2837E-03
  3.3252E-03
  3.3171E-03
  3.2853E-03
  3.3171E-03
  3.3252E-03
  3.2837E-03
  3.3057E-03
  3.7613E-03
  3.7410E-03
  3.7791E-03
  3.7714E-03
  3.7421E-03
  3.7714E-03
  3.7791E-03
  3.7410E-03
  3.7613E-03
  4.2282E-03
  4.2094E-03
  4.2443E-03
  4.2371E-03
  4.2102E-03
  4.2371E-03
  4.2443E-03
  4.2094E-03
  4.2282E-03
  4.7035E-03
  4.6862E-03
  4.7182E-03
  4.7113E-03
  4.6867E-03
  4.7113E-03
  4.7182E-03
  4.6862E-03
  4.7035E-03
  5.1848E-03
  5.1689E-03
  5.1981E-03
  5.1917E-03
  5.1690E-03
  5.1917E-03
  5.1981E-03
  5.1689E-03
  5.1848E-03
  5.6700E-03
  5.6553E-03
  5.6821E-03
  5.6760E-03
  5.6552E-03
  5.6760E-03
  5.6821E-03
  5.6553E-03
  5.6700E-03
  6.1572E-03
  6.1436E-03
  6.1682E-03
  6.1625E-03
  6.1434E-03
  6.1625E-03
  6.1682E-03
  6.1436E-03
  6.1572E-03
  6.6453E-03
  6.6327E-03
  6.6554E-03
  6.6500E-03
  6.6324E-03
  6.6500E-03
  6.6554E-03
  6.6327E-03
  6.6453E-03
  7.1333E-03
  7.1216E-03
  7.1427E-03
  7.1377E-03
  7.1213E-03
  7.1377E-03
  7.1427E-03
  7.1216E-03
  7.1333E-03
   5.3113E-03
  0.0000E+00
  0.0000E+00
  0.0000E+00
  0.0000E+00
  0.0000E+00
  0.0000E+00
  0.0000E+00
  0.0000E+00
  0.0000E+00
  4.6615E-04
  2.0786E-04
  2.9237E-04
  3.8763E-04
  2.2432E-04
  3.8763E-04
  2.9237E-04
  2.0786E-04
  4.6615E-04
  9.9646E-04
  7.1797E-04
  7.8761E-04
  9.1238E-04
  7.2942E-04
  9.1238E-04
  7.8761E-04
  7.1797E-04
  9.9646E-04
  1.6574E-03
  1.4142E-03
  1.4779E-03
  1.5760E-03
  1.4174E-03
  1.5760E-03
  1.4779E-03
  1.4142E-03
  1.6574E-03
  2.3952E-03
  2.2158E-03
  2.2665E-03
  2.3291E-03
  2.2106E-03
  2.3291E-03
  2.2665E-03
  2.2158E-03
  2.3952E-03
  3.1479E-03
  3.0373E-03
  3.0755E-03
  3.1011E-03
  3.0247E-03
  3.1011E-03
  3.0755E-03
  3.0373E-03
  3.1479E-03
  3.8480E-03
  3.8016E-03
  3.8284E-03
  3.8200E-03
  3.7824E-03
  3.8200E-03
  3.8284E-03
  3.8016E-03
  3.8480E-03
  4.4324E-03
  4.4400E-03
  4.4576E-03
  4.4204E-03
  4.4152E-03
  4.4204E-03
  4.4576E-03
  4.4400E-03
  4.4324E-03
  4.8476E-03
  4.8946E-03
  4.9059E-03
  4.8471E-03
  4.8653E-03
  4.8471E-03
  4.9059E-03
  4.8946E-03
  4.8476E-03
  5.0519E-03
  5.1207E-03
  5.1292E-03
  5.0573E-03
  5.0880E-03
  5.0573E-03
  5.1292E-03
  5.1207E-03
  5.0519E-03
  5.0183E-03
  5.0878E-03
  5.0979E-03
  5.0225E-03
  5.0528E-03
  5.0225E-03
  5.0979E-03
  5.0878E-03
  5.0183E-03
  4.7358E-03
  4.7804E-03
  4.7978E-03
  4.7298E-03
  4.7439E-03
  4.7298E-03
  4.7978E-03
  4.7804E-03
  4.7358E-03
  4.2121E-03
  4.1984E-03
  4.2313E-03
  4.1841E-03
  4.1608E-03
  4.1841E-03
  4.2313E-03
  4.1984E-03
  4.2121E-03
  3.4802E-03
  3.3564E-03
  3.4189E-03
  3.4113E-03
  3.3168E-03
  3.4113E-03
  3.4189E-03
  3.3564E-03
  3.4802E-03
  2.6230E-03
  2.2838E-03
  2.4092E-03
  2.4774E-03
  2.2373E-03
  2.4774E-03
  2.4092E-03
  2.2838E-03
  2.6230E-03
  1.8798E-03
  1.0402E-03
  1.3542E-03
  1.5901E-03
  9.5819E-04
  1.5901E-03
  1.3542E-03
  1.0402E-03
  1.8798E-03
  1.8626E-03
  6.0352E-04
  1.1222E-03
  1.4965E-03
  4.7838E-04
  1.4965E-03
  1.1222E-03
  6.0352E-04
  1.8626E-03
  2.7923E-03
  2.0585E-03
  2.2898E-03
  2.5301E-03
  2.0269E-03
  2.5301E-03
  2.2898E-03
  2.0585E-03
  2.7923E-03
  4.1491E-03
  3.6625E-03
  3.8069E-03
  3.9648E-03
  3.6431E-03
  3.9648E-03
  3.8069E-03
  3.6625E-03
  4.1491E-03
  5.6570E-03
  5.3034E-03
  5.4075E-03
  5.5192E-03
  5.2880E-03
  5.5192E-03
  5.4075E-03
  5.3034E-03
  5.6570E-03
  7.2194E-03
  6.9456E-03
  7.0262E-03
  7.1115E-03
  6.9331E-03
  7.1115E-03
  7.0262E-03
  6.9456E-03
  7.2194E-03
   5.3113E-03
  0.0000E+00
  0.0000E+00
  0.0000E+00
  0.0000E+00
  0.0000E+00
  0.0000E+00
  0.0000E+00
  0.0000E+00
  0.0000E+00
  2.9237E-04
  3.8763E-04
  4.6615E-04
  2.0786E-04
  2.2432E-04
  2.0786E-04
  4.6615E-04
  3.8763E-04
  2.9237E-04
  7.8761E-04
  9.1238E-04
  9.9646E-04
  7.1797E-04
  7.2942E-04
  7.1797E-04
  9.9646E-04
  9.1238E-04
  7.8761E-04
  1.4779E-03
  1.5760E-03
  1.6574E-03
  1.4142E-03
  1.4174E-03
  1.4142E-03
  1.6574E-03
  1.5760E-03
  1.4779E-03
  2.2665E-03
  2.3291E-03
  2.3952E-03
  2.2158E-03
  2.2106E-03
  2.2158E-03
  2.3952E-03
  2.3291E-03
  2.2665E-03
  3.0755E-03
  3.1011E-03
  3.1479E-03
  3.0373E-03
  3.0247E-03
  3.0373E-03
  3.1479E-03
  3.1011E-03
  3.0755E-03
  3.8284E-03
  3.8200E-03
  3.8480E-03
  3.8016E-03
  3.7824E-03
  3.8016E-03
  3.8480E-03
  3.8200E-03
  3.8284E-03
  4.4576E-03
  4.4204E-03
  4.4324E-03
  4.4400E-03
  4.4152E-03
  4.4400E-03
  4.4324E-03
  4.4204E-03
  4.4576E-03
  4.9059E-03
  4.8471E-03
  4.8476E-03
  4.8946E-03
  4.8653E-03
  4.8946E-03
  4.8476E-03
  4.8471E-03
  4.9059E-03
  5.1292E-03
  5.0573E-03
  5.0519E-03
  5.1207E-03
  5.0880E-03
  5.1207E-03
  5.0519E-03
  5.0573E-03
  5.1292E-03
  5.0979E-03
  5.0225E-03
  5.0183E-03
  5.0878E-03
  5.0528E-03
  5.0878E-03
  5.0183E-03
  5.0225E-03
  5.0979E-03
  4.7978E-03
  4.7298E-03
  4.7358E-03
  4.7804E-03
  4.7439E-03
  4.7804E-03
  4.7358E-03
  4.7298E-03
  4.7978E-03
  4.2313E-03
  4.1841E-03
  4.2121E-03
  4.1984E-03
  4.1608E-03
  4.1984E-03
  4.2121E-03
  4.1841E-03
  4.2313E-03
  3.4189E-03
  3.4113E-03
  3.4802E-03
  3.3564E-03
  3.3168E-03
  3.3564E-03
  3.4802E-03
  3.4113E-03
  3.4189E-03
  2.4092E-03
  2.4774E-03
  2.6230E-03
  2.2838E-03
  2.2373E-03
  2.2838E-03
  2.6230E-03
  2.4774E-03
  2.4092E-03
  1.3542E-03
  1.5901E-03
  1.8798E-03
  1.0402E-03
  9.5819E-04
  1.0402E-03
  1.8798E-03
  1.5901E-03
  1.3542E-03
  1.1222E-03
  1.4965E-03
  1.8626E-03
  6.0352E-04
  4.7838E-04
  6.0352E-04
  1.8626E-03
  1.4965E-03
  1.1222E-03
  2.2898E-03
  2.5301E-03
  2.7923E-03
  2.0585E-03
  2.0269E-03
  2.0585E-03
  2.7923E-03
  2.5301E-03
  2.2898E-03
  3.8069E-03
  3.9648E-03
  4.1491E-03
  3.6625E-03
  3.6431E-03
  3.6625E-03
  4.1491E-03
  3.9648E-03
  3.8069E-03
  5.4075E-03
  5.5192E-03
  5.6570E-03
  5.3034E-03
  5.2880E-03
  5.3034E-03
  5.6570E-03
  5.5192E-03
  5.4075E-03
  7.0262E-03
  7.1115E-03
  7.2194E-03
  6.9456E-03
  6.9331E-03
  6.9456E-03
  7.2194E-03
  7.1115E-03
  7.0262E-03
   7.9251E-03
  0.0000E+00
  0.0000E+00
  0.0000E+00
  0.0000E+00
  0.0000E+00
  0.0000E+00
  0.0000E+00
  0.0000E+00
  0.0000E+00
  6.8629E-04
  4.8528E-04
  6.8629E-04
  4.8528E-04
  8.5200E-18
  4.8528E-04
  6.8629E-04
  4.8528E-04
  6.8629E-04
  1.3683E-03
  9.6757E-04
  1.3683E-03
  9.6757E-04
  2.7764E-17
  9.6757E-04
  1.3683E-03
  9.6757E-04
  1.3683E-03
  2.0420E-03
  1.4439E-03
  2.0420E-03
  1.4439E-03
  5.3359E-17
  1.4439E-03
  2.0420E-03
  1.4439E-03
  2.0420E-03
  2.7030E-03
  1.9113E-03
  2.7030E-03
  1.9113E-03
  8.3321E-17
  1.9113E-03
  2.7030E-03
  1.9113E-03
  2.7030E-03
  3.3474E-03
  2.3669E-03
  3.3474E-03
  2.3669E-03
  1.1559E-16
  2.3669E-03
  3.3474E-03
  2.3669E-03
  3.3474E-03
  3.9711E-03
  2.8080E-03
  3.9711E-03
  2.8080E-03
  1.4443E-16
  2.8080E-03
  3.9711E-03
  2.8080E-03
  3.9711E-03
  4.5703E-03
  3.2317E-03
  4.5703E-03
  3.2317E-03
  1.7103E-16
  3.2317E-03
  4.5703E-03
  3.2317E-03
  4.5703E-03
  5.1414E-03
  3.6355E-03
  5.1414E-03
  3.6355E-03
  1.9358E-16
  3.6355E-03
  5.1414E-03
  3.6355E-03
  5.1414E-03
  5.6808E-03
  4.0169E-03
  5.6808E-03
  4.0169E-03
  2.1081E-16
  4.0169E-03
  5.6808E-03
  4.0169E-03
  5.6808E-03
  6.1851E-03
  4.3735E-03
  6.1851E-03
  4.3735E-03
  2.2273E-16
  4.3735E-03
  6.1851E-03
  4.3735E-03
  6.1851E-03
  6.6513E-03
  4.7032E-03
  6.6513E-03
  4.7032E-03
  2.2920E-16
  4.7032E-03
  6.6513E-03
  4.7032E-03
  6.6513E-03
  7.0766E-03
  5.0039E-03
  7.0766E-03
  5.0039E-03
  2.2838E-16
  5.0039E-03
  7.0766E-03
  5.0039E-03
  7.0766E-03
  7.4581E-03
  5.2737E-03
  7.4581E-03
  5.2737E-03
  2.1969E-16
  5.2737E-03
  7.4581E-03
  5.2737E-03
  7.4581E-03
  7.7937E-03
  5.5110E-03
  7.7937E-03
  5.5110E-03
  2.0228E-16
  5.5110E-03
  7.7937E-03
  5.5110E-03
  7.7937E-03
  8.0813E-03
  5.7143E-03
  8.0813E-03
  5.7143E-03
  1.7700E-16
  5.7143E-03
  8.0813E-03
  5.7143E-03
  8.0813E-03
  8.3190E-03
  5.8824E-03
  8.3190E-03
  5.8824E-03
  1.5217E-16
  5.8824E-03
  8.3190E-03
  5.8824E-03
  8.3190E-03
  8.5054E-03
  6.0142E-03
  8.5054E-03
  6.0142E-03
  1.2540E-16
  6.0142E-03
  8.5054E-03
  6.0142E-03
  8.5054E-03
  8.6394E-03
  6.1090E-03
  8.6394E-03
  6.1090E-03
  1.0481E-16
  6.1090E-03
  8.6394E-03
  6.1090E-03
  8.6394E-03
  8.7201E-03
  6.1661E-03
  8.7201E-03
  6.1661E-03
  1.0193E-16
  6.1661E-03
  8.7201E-03
  6.1661E-03
  8.7201E-03
  8.7471E-03
  6.1851E-03
  8.7471E-03
  6.1851E-03
  1.1953E-16
  6.1851E-03
  8.7471E-03
  6.1851E-03
  8.7471E-03
   1.2850E-02
  0.0000E+00
  0.0000E+00
  0.0000E+00
  0.0000E+00
  0.0000E+00
  0.0000E+00
  0.0000E+00
  0.0000E+00
  0.0000E+00
  4.1527E-04
  3.7284E-04
  4.1527E-04
  3.7284E-04
  3.2640E-04
  3.7284E-04
  4.1527E-04
  3.7284E-04
  4.1527E-04
  7.7062E-04
  7.6135E-04
  7.7062E-04
  7.6135E-04
  7.5104E-04
  7.6135E-04
  7.7062E-04
  7.6135E-04
  7.7062E-04
  1.1557E-03
  1.1507E-03
  1.1557E-03
  1.1507E-03
  1.1465E-03
  1.1507E-03
  1.1557E-03
  1.1507E-03
  1.1557E-03
  1.5376E-03
  1.5348E-03
  1.5376E-03
  1.5348E-03
  1.5320E-03
  1.5348E-03
  1.5376E-03
  1.5348E-03
  1.5376E-03
  1.9113E-03
  1.9098E-03
  1.9113E-03
  1.9098E-03
  1.9084E-03
  1.9098E-03
  1.9113E-03
  1.9098E-03
  1.9113E-03
  2.2737E-03
  2.2733E-03
  2.2737E-03
  2.2733E-03
  2.2729E-03
  2.2733E-03
  2.2737E-03
  2.2733E-03
  2.2737E-03
  2.6223E-03
  2.6227E-03
  2.6223E-03
  2.6227E-03
  2.6232E-03
  2.6227E-03
  2.6223E-03
  2.6227E-03
  2.6223E-03
  2.9548E-03
  2.9560E-03
  2.9548E-03
  2.9560E-03
  2.9572E-03
  2.9560E-03
  2.9548E-03
  2.9560E-03
  2.9548E-03
  3.2691E-03
  3.2709E-03
  3.2691E-03
  3.2709E-03
  3.2727E-03
  3.2709E-03
  3.2691E-03
  3.2709E-03
  3.2691E-03
  3.5632E-03
  3.5655E-03
  3.5632E-03
  3.5655E-03
  3.5678E-03
  3.5655E-03
  3.5632E-03
  3.5655E-03
  3.5632E-03
  3.8351E-03
  3.8379E-03
  3.8351E-03
  3.8379E-03
  3.8407E-03
  3.8379E-03
  3.8351E-03
  3.8379E-03
  3.8351E-03
  4.0832E-03
  4.0864E-03
  4.0832E-03
  4.0864E-03
  4.0897E-03
  4.0864E-03
  4.0832E-03
  4.0864E-03
  4.0832E-03
  4.3060E-03
  4.3095E-03
  4.3060E-03
  4.3095E-03
  4.3131E-03
  4.3095E-03
  4.3060E-03
  4.3095E-03
  4.3060E-03
  4.5019E-03
  4.5058E-03
  4.5019E-03
  4.5058E-03
  4.5096E-03
  4.5058E-03
  4.5019E-03
  4.5058E-03
  4.5019E-03
  4.6698E-03
  4.6739E-03
  4.6698E-03
  4.6739E-03
  4.6781E-03
  4.6739E-03
  4.6698E-03
  4.6739E-03
  4.6698E-03
  4.8086E-03
  4.8130E-03
  4.8086E-03
  4.8130E-03
  4.8173E-03
  4.8130E-03
  4.8086E-03
  4.8130E-03
  4.8086E-03
  4.9175E-03
  4.9220E-03
  4.9175E-03
  4.9220E-03
  4.9266E-03
  4.9220E-03
  4.9175E-03
  4.9220E-03
  4.9175E-03
  4.9958E-03
  5.0004E-03
  4.9958E-03
  5.0004E-03
  5.0051E-03
  5.0004E-03
  4.9958E-03
  5.0004E-03
  4.9958E-03
  5.0436E-03
  5.0475E-03
  5.0436E-03
  5.0475E-03
  5.0514E-03
  5.0475E-03
  5.0436E-03
  5.0475E-03
  5.0436E-03
  5.0614E-03
  5.0645E-03
  5.0614E-03
  5.0645E-03
  5.0677E-03
  5.0645E-03
  5.0614E-03
  5.0645E-03
  5.0614E-03
   1.4128E-02
  0.0000E+00
  0.0000E+00
  0.0000E+00
  0.0000E+00
  0.0000E+00
  0.0000E+00
  0.0000E+00
  0.0000E+00
  0.0000E+00
  1.1468E-03
  6.3549E-04
  7.8992E-04
  9.9770E-04
  6.7192E-04
  9.9770E-04
  7.8992E-04
  6.3549E-04
  1.1468E-03
  2.2916E-03
  1.8843E-03
  1.9879E-03
  2.1702E-03
  1.8921E-03
  2.1702E-03
  1.9879E-03
  1.8843E-03
  2.2916E-03
  3.4948E-03
  3.2855E-03
  3.3634E-03
  3.4123E-03
  3.2604E-03
  3.4123E-03
  3.3634E-03
  3.2855E-03
  3.4948E-03
  4.5162E-03
  4.5128E-03
  4.5551E-03
  4.4849E-03
  4.4601E-03
  4.4849E-03
  4.5551E-03
  4.5128E-03
  4.5162E-03
  5.1540E-03
  5.2855E-03
  5.3070E-03
  5.1576E-03
  5.2151E-03
  5.1576E-03
  5.3070E-03
  5.2855E-03
  5.1540E-03
  5.2660E-03
  5.4259E-03
  5.4462E-03
  5.2742E-03
  5.3476E-03
  5.2742E-03
  5.4462E-03
  5.4259E-03
  5.2660E-03
  4.8129E-03
  4.8701E-03
  4.9157E-03
  4.7859E-03
  4.7932E-03
  4.7859E-03
  4.9157E-03
  4.8701E-03
  4.8129E-03
  3.8819E-03
  3.6747E-03
  3.7846E-03
  3.7700E-03
  3.6049E-03
  3.7700E-03
  3.7846E-03
  3.6747E-03
  3.8819E-03
  2.7445E-03
  2.0126E-03
  2.2793E-03
  2.4794E-03
  1.9414E-03
  2.4794E-03
  2.2793E-03
  2.0126E-03
  2.7445E-03
  2.0707E-03
  4.4402E-04
  1.1974E-03
  1.6566E-03
  4.0790E-05
  1.6566E-03
  1.1974E-03
  4.4402E-04
  2.0707E-03
  2.5715E-03
  1.8977E-03
  2.1533E-03
  2.3201E-03
  1.8165E-03
  2.3201E-03
  2.1533E-03
  1.8977E-03
  2.5715E-03
  3.5496E-03
  3.4295E-03
  3.5231E-03
  3.4619E-03
  3.3500E-03
  3.4619E-03
  3.5231E-03
  3.4295E-03
  3.5496E-03
  4.2748E-03
  4.4092E-03
  4.4440E-03
  4.2679E-03
  4.3205E-03
  4.2679E-03
  4.4440E-03
  4.4092E-03
  4.2748E-03
  4.4659E-03
  4.6599E-03
  4.6845E-03
  4.4755E-03
  4.5650E-03
  4.4755E-03
  4.6845E-03
  4.6599E-03
  4.4659E-03
  4.0623E-03
  4.1153E-03
  4.1778E-03
  4.0204E-03
  4.0179E-03
  4.0204E-03
  4.1778E-03
  4.1153E-03
  4.0623E-03
  3.2203E-03
  2.8226E-03
  3.0114E-03
  3.0259E-03
  2.7179E-03
  3.0259E-03
  3.0114E-03
  2.8226E-03
  3.2203E-03
  2.5706E-03
  9.9982E-04
  1.6679E-03
  2.0936E-03
  7.9551E-04
  2.0936E-03
  1.6679E-03
  9.9982E-04
  2.5706E-03
  3.2709E-03
  1.6375E-03
  2.2424E-03
  2.7682E-03
  1.5540E-03
  2.7682E-03
  2.2424E-03
  1.6375E-03
  3.2709E-03
  5.1296E-03
  4.1487E-03
  4.4582E-03
  4.7789E-03
  4.1123E-03
  4.7789E-03
  4.4582E-03
  4.1487E-03
  5.1296E-03
  7.3733E-03
  6.7131E-03
  6.9161E-03
  7.1270E-03
  6.6883E-03
  7.1270E-03
  6.9161E-03
  6.7131E-03
  7.3733E-03
   1.4128E-02
  0.0000E+00
  0.0000E+00
  0.0000E+00
  0.0000E+00
  0.0000E+00
  0.0000E+00
  0.0000E+00
  0.0000E+00
  0.0000E+00
  7.8992E-04
  9.9770E-04
  1.1468E-03
  6.3549E-04
  6.7192E-04
  6.3549E-04
  1.1468E-03
  9.9770E-04
  7.8992E-04
  1.9879E-03
  2.1702E-03
  2.2916E-03
  1.8843E-03
  1.8921E-03
  1.8843E-03
  2.2916E-03
  2.1702E-03
  1.9879E-03
  3.3634E-03
  3.4123E-03
  3.4948E-03
  3.2855E-03
  3.2604E-03
  3.2855E-03
  3.4948E-03
  3.4123E-03
  3.3634E-03
  4.5551E-03
  4.4849E-03
  4.5162E-03
  4.5128E-03
  4.4601E-03
  4.5128E-03
  4.5162E-03
  4.4849E-03
  4.5551E-03
  5.3070E-03
  5.1576E-03
  5.1540E-03
  5.2855E-03
  5.2151E-03
  5.2855E-03
  5.1540E-03
  5.1576E-03
  5.3070E-03
  5.4462E-03
  5.2742E-03
  5.2660E-03
  5.4259E-03
  5.3476E-03
  5.4259E-03
  5.2660E-03
  5.2742E-03
  5.4462E-03
  4.9157E-03
  4.7859E-03
  4.8129E-03
  4.8701E-03
  4.7932E-03
  4.8701E-03
  4.8129E-03
  4.7859E-03
  4.9157E-03
  3.7846E-03
  3.7700E-03
  3.8819E-03
  3.6747E-03
  3.6049E-03
  3.6747E-03
  3.8819E-03
  3.7700E-03
  3.7846E-03
  2.2793E-03
  2.4794E-03
  2.7445E-03
  2.0126E-03
  1.9414E-03
  2.0126E-03
  2.7445E-03
  2.4794E-03
  2.2793E-03
  1.1974E-03
  1.6566E-03
  2.0707E-03
  4.4402E-04
  4.0790E-05
  4.4402E-04
  2.0707E-03
  1.6566E-03
  1.1974E-03
  2.1533E-03
  2.3201E-03
  2.5715E-03
  1.8977E-03
  1.8165E-03
  1.8977E-03
  2.5715E-03
  2.3201E-03
  2.1533E-03
  3.5231E-03
  3.4619E-03
  3.5496E-03
  3.4295E-03
  3.3500E-03
  3.4295E-03
  3.5496E-03
  3.4619E-03
  3.5231E-03
  4.4440E-03
  4.2679E-03
  4.2748E-03
  4.4092E-03
  4.3205E-03
  4.4092E-03
  4.2748E-03
  4.2679E-03
  4.4440E-03
  4.6845E-03
  4.4755E-03
  4.4659E-03
  4.6599E-03
  4.5650E-03
  4.6599E-03
  4.4659E-03
  4.4755E-03
  4.6845E-03
  4.1778E-03
  4.0204E-03
  4.0623E-03
  4.1153E-03
  4.0179E-03
  4.1153E-03
  4.0623E-03
  4.0204E-03
  4.1778E-03
  3.0114E-03
  3.0259E-03
  3.2203E-03
  2.8226E-03
  2.7179E-03
  2.8226E-03
  3.2203E-03
  3.0259E-03
  3.0114E-03
  1.6679E-03
  2.0936E-03
  2.5706E-03
  9.9982E-04
  7.9551E-04
  9.9982E-04
  2.5706E-03
  2.0936E-03
  1.6679E-03
  2.2424E-03
  2.7682E-03
  3.2709E-03
  1.6375E-03
  1.5540E-03
  1.6375E-03
  3.2709E-03
  2.7682E-03
  2.2424E-03
  4.4582E-03
  4.7789E-03
  5.1296E-03
  4.1487E-03
  4.1123E-03
  4.1487E-03
  5.1296E-03
  4.7789E-03
  4.4582E-03
  6.9161E-03
  7.1270E-03
  7.3733E-03
  6.7131E-03
  6.6883E-03
  6.7131E-03
  7.3733E-03
  7.1270E-03
  6.9161E-03
   2.3824E-02
  0.0000E+00
  0.0000E+00
  0.0000E+00
  0.0000E+00
  0.0000E+00
  0.0000E+00
  0.0000E+00
  0.0000E+00
  0.0000E+00
  2.0504E-03
  1.4498E-03
  2.0504E-03
  1.4498E-03
  7.3793E-17
  1.4498E-03
  2.0504E-03
  1.4498E-03
  2.0504E-03
  3.9875E-03
  2.8196E-03
  3.9875E-03
  2.8196E-03
  1.6797E-16
  2.8196E-03
  3.9875E-03
  2.8196E-03
  3.9875E-03
  5.7042E-03
  4.0335E-03
  5.7042E-03
  4.0335E-03
  2.8517E-16
  4.0335E-03
  5.7042E-03
  4.0335E-03
  5.7042E-03
  7.1057E-03
  5.0245E-03
  7.1057E-03
  5.0245E-03
  3.4919E-16
  5.0245E-03
  7.1057E-03
  5.0245E-03
  7.1057E-03
  8.1146E-03
  5.7379E-03
  8.1146E-03
  5.7379E-03
  2.7703E-16
  5.7379E-03
  8.1146E-03
  5.7379E-03
  8.1146E-03
  8.6750E-03
  6.1342E-03
  8.6750E-03
  6.1342E-03
  1.6165E-16
  6.1342E-03
  8.6750E-03
  6.1342E-03
  8.6750E-03
  8.7561E-03
  6.1915E-03
  8.7561E-03
  6.1915E-03
  4.8970E-17
  6.1915E-03
  8.7561E-03
  6.1915E-03
  8.7561E-03
  8.3533E-03
  5.9067E-03
  8.3533E-03
  5.9067E-03
  1.7462E-16
  5.9067E-03
  8.3533E-03
  5.9067E-03
  8.3533E-03
  7.4889E-03
  5.2954E-03
  7.4889E-03
  5.2954E-03
  2.8784E-16
  5.2954E-03
  7.4889E-03
  5.2954E-03
  7.4889E-03
  6.2106E-03
  4.3916E-03
  6.2106E-03
  4.3916E-03
  3.7350E-16
  4.3916E-03
  6.2106E-03
  4.3916E-03
  6.2106E-03
  4.5892E-03
  3.2450E-03
  4.5892E-03
  3.2450E-03
  3.3679E-16
  3.2450E-03
  4.5892E-03
  3.2450E-03
  4.5892E-03
  2.7141E-03
  1.9192E-03
  2.7141E-03
  1.9192E-03
  1.9115E-16
  1.9192E-03
  2.7141E-03
  1.9192E-03
  2.7141E-03
  6.8912E-04
  4.8728E-04
  6.8912E-04
  4.8728E-04
  3.6082E-17
  4.8728E-04
  6.8912E-04
  4.8728E-04
  6.8912E-04
  1.3740E-03
  9.7156E-04
  1.3740E-03
  9.7156E-04
  2.2054E-16
  9.7156E-04
  1.3740E-03
  9.7156E-04
  1.3740E-03
  3.3612E-03
  2.3767E-03
  3.3612E-03
  2.3767E-03
  3.4782E-16
  2.3767E-03
  3.3612E-03
  2.3767E-03
  3.3612E-03
  5.1626E-03
  3.6505E-03
  5.1626E-03
  3.6505E-03
  4.2595E-16
  3.6505E-03
  5.1626E-03
  3.6505E-03
  5.1626E-03
  6.6788E-03
  4.7226E-03
  6.6788E-03
  4.7226E-03
  2.7859E-16
  4.7226E-03
  6.6788E-03
  4.7226E-03
  6.6788E-03
  7.8258E-03
  5.5337E-03
  7.8258E-03
  5.5337E-03
  3.2449E-17
  5.5337E-03
  7.8258E-03
  5.5337E-03
  7.8258E-03
  8.5405E-03
  6.0390E-03
  8.5405E-03
  6.0390E-03
  2.6311E-16
  6.0390E-03
  8.5405E-03
  6.0390E-03
  8.5405E-03
  8.7831E-03
  6.2106E-03
  8.7831E-03
  6.2106E-03
  6.3846E-16
  6.2106E-03
  8.7831E-03
  6.2106E-03
  8.7831E-03
   2.6015E-02
  0.0000E+00
  0.0000E+00
  0.0000E+00
  0.0000E+00
  0.0000E+00
  0.0000E+00
  0.0000E+00
  0.0000E+00
  0.0000E+00
  1.3233E-03
  1.3661E-03
  2.0336E-03
  1.6986E-03
  1.3403E-03
  1.6986E-03
  2.0336E-03
  1.3661E-03
  1.3233E-03
  3.3331E-03
  3.3219E-03
  3.5930E-03
  3.4439E-03
  3.2707E-03
  3.4439E-03
  3.5930E-03
  3.3219E-03
  3.3331E-03
  5.0208E-03
  4.9113E-03
  4.7604E-03
  4.8120E-03
  4.8343E-03
  4.8120E-03
  4.7604E-03
  4.9113E-03
  5.0208E-03
  5.6366E-03
  5.4906E-03
  5.1628E-03
  5.2978E-03
  5.3955E-03
  5.2978E-03
  5.1628E-03
  5.4906E-03
  5.6366E-03
  4.9009E-03
  4.7600E-03
  4.6937E-03
  4.6813E-03
  4.6458E-03
  4.6813E-03
  4.6937E-03
  4.7600E-03
  4.9009E-03
  2.9886E-03
  2.8837E-03
  3.6355E-03
  3.2020E-03
  2.7109E-03
  3.2020E-03
  3.6355E-03
  2.8837E-03
  2.9886E-03
  1.0618E-03
  9.4748E-04
  2.9025E-03
  2.0304E-03
  8.8811E-05
  2.0304E-03
  2.9025E-03
  9.4748E-04
  1.0618E-03
  2.8012E-03
  2.6861E-03
  3.4139E-03
  2.9918E-03
  2.5048E-03
  2.9918E-03
  3.4139E-03
  2.6861E-03
  2.8012E-03
  4.6239E-03
  4.4701E-03
  4.3303E-03
  4.3553E-03
  4.3502E-03
  4.3553E-03
  4.3303E-03
  4.4701E-03
  4.6239E-03
  5.2119E-03
  5.0451E-03
  4.6716E-03
  4.8252E-03
  4.9352E-03
  4.8252E-03
  4.6716E-03
  5.0451E-03
  5.2119E-03
  4.3684E-03
  4.2254E-03
  4.1807E-03
  4.1569E-03
  4.1057E-03
  4.1569E-03
  4.1807E-03
  4.2254E-03
  4.3684E-03
  2.4016E-03
  2.3042E-03
  3.1961E-03
  2.7056E-03
  2.1127E-03
  2.7056E-03
  3.1961E-03
  2.3042E-03
  2.4016E-03
  1.1012E-03
  9.9790E-04
  2.7268E-03
  1.9406E-03
  4.5620E-04
  1.9406E-03
  2.7268E-03
  9.9790E-04
  1.1012E-03
  3.1177E-03
  2.9925E-03
  3.3842E-03
  3.1317E-03
  2.8417E-03
  3.1317E-03
  3.3842E-03
  2.9925E-03
  3.1177E-03
  4.6137E-03
  4.4442E-03
  4.1380E-03
  4.2525E-03
  4.3249E-03
  4.2525E-03
  4.1380E-03
  4.4442E-03
  4.6137E-03
  4.7439E-03
  4.5567E-03
  4.2206E-03
  4.3434E-03
  4.4256E-03
  4.3434E-03
  4.2206E-03
  4.5567E-03
  4.7439E-03
  3.4105E-03
  3.2297E-03
  3.6856E-03
  3.3701E-03
  3.0271E-03
  3.3701E-03
  3.6856E-03
  3.2297E-03
  3.4105E-03
  1.4376E-03
  1.2508E-03
  3.6157E-03
  2.5161E-03
  3.8945E-04
  2.5161E-03
  3.6157E-03
  1.2508E-03
  1.4376E-03
  3.2667E-03
  3.2234E-03
  5.2090E-03
  4.1745E-03
  2.9566E-03
  4.1745E-03
  5.2090E-03
  3.2234E-03
  3.2667E-03
  6.5770E-03
  6.5486E-03
  7.8046E-03
  7.1034E-03
  6.4137E-03
  7.1034E-03
  7.8046E-03
  6.5486E-03
  6.5770E-03
   2.6015E-02
  0.0000E+00
  0.0000E+00
  0.0000E+00
  0.0000E+00
  0.0000E+00
  0.0000E+00
  0.0000E+00
  0.0000E+00
  0.0000E+00
  2.0336E-03
  1.6986E-03
  1.3233E-03
  1.3661E-03
  1.3403E-03
  1.3661E-03
  1.3233E-03
  1.6986E-03
  2.0336E-03
  3.5930E-03
  3.4439E-03
  3.3331E-03
  3.3219E-03
  3.2707E-03
  3.3219E-03
  3.3331E-03
  3.4439E-03
  3.5930E-03
  4.7604E-03
  4.8120E-03
  5.0208E-03
  4.9113E-03
  4.8343E-03
  4.9113E-03
  5.0208E-03
  4.8120E-03
  4.7604E-03
  5.1628E-03
  5.2978E-03
  5.6366E-03
  5.4906E-03
  5.3955E-03
  5.4906E-03
  5.6366E-03
  5.2978E-03
  5.1628E-03
  4.6937E-03
  4.6813E-03
  4.9009E-03
  4.7600E-03
  4.6458E-03
  4.7600E-03
  4.9009E-03
  4.6813E-03
  4.6937E-03
  3.6355E-03
  3.2020E-03
  2.9886E-03
  2.8837E-03
  2.7109E-03
  2.8837E-03
  2.9886E-03
  3.2020E-03
  3.6355E-03
  2.9025E-03
  2.0304E-03
  1.0618E-03
  9.4748E-04
  8.8811E-05
  9.4748E-04
  1.0618E-03
  2.0304E-03
  2.9025E-03
  3.4139E-03
  2.9918E-03
  2.8012E-03
  2.6861E-03
  2.5048E-03
  2.6861E-03
  2.8012E-03
  2.9918E-03
  3.4139E-03
  4.3303E-03
  4.3553E-03
  4.6239E-03
  4.4701E-03
  4.3502E-03
  4.4701E-03
  4.6239E-03
  4.3553E-03
  4.3303E-03
  4.6716E-03
  4.8252E-03
  5.2119E-03
  5.0451E-03
  4.9352E-03
  5.0451E-03
  5.2119E-03
  4.8252E-03
  4.6716E-03
  4.1807E-03
  4.1569E-03
  4.3684E-03
  4.2254E-03
  4.1057E-03
  4.2254E-03
  4.3684E-03
  4.1569E-03
  4.1807E-03
  3.1961E-03
  2.7056E-03
  2.4016E-03
  2.3042E-03
  2.1127E-03
  2.3042E-03
  2.4016E-03
  2.7056E-03
  3.1961E-03
  2.7268E-03
  1.9406E-03
  1.1012E-03
  9.9790E-04
  4.5620E-04
  9.9790E-04
  1.1012E-03
  1.9406E-03
  2.7268E-03
  3.3842E-03
  3.1317E-03
  3.1177E-03
  2.9925E-03
  2.8417E-03
  2.9925E-03
  3.1177E-03
  3.1317E-03
  3.3842E-03
  4.1380E-03
  4.2525E-03
  4.6137E-03
  4.4442E-03
  4.3249E-03
  4.4442E-03
  4.6137E-03
  4.2525E-03
  4.1380E-03
  4.2206E-03
  4.3434E-03
  4.7439E-03
  4.5567E-03
  4.4256E-03
  4.5567E-03
  4.7439E-03
  4.3434E-03
  4.2206E-03
  3.6856E-03
  3.3701E-03
  3.4105E-03
  3.2297E-03
  3.0271E-03
  3.2297E-03
  3.4105E-03
  3.3701E-03
  3.6856E-03
  3.6157E-03
  2.5161E-03
  1.4376E-03
  1.2508E-03
  3.8945E-04
  1.2508E-03
  1.4376E-03
  2.5161E-03
  3.6157E-03
  5.2090E-03
  4.1745E-03
  3.2667E-03
  3.2234E-03
  2.9566E-03
  3.2234E-03
  3.2667E-03
  4.1745E-03
  5.2090E-03
  7.8046E-03
  7.1034E-03
  6.5770E-03
  6.5486E-03
  6.4137E-03
  6.5486E-03
  6.5770E-03
  7.1034E-03
  7.8046E-03
   3.8606E-02
  0.0000E+00
  0.0000E+00
  0.0000E+00
  0.0000E+00
  0.0000E+00
  0.0000E+00
  0.0000E+00
  0.0000E+00
  0.0000E+00
  1.2323E-03
  1.1127E-03
  1.2323E-03
  1.1127E-03
  9.8072E-04
  1.1127E-03
  1.2323E-03
  1.1127E-03
  1.2323E-03
  2.2273E-03
  2.2188E-03
  2.2273E-03
  2.2188E-03
  2.2076E-03
  2.2188E-03
  2.2273E-03
  2.2188E-03
  2.2273E-03
  3.2057E-03
  3.2201E-03
  3.2057E-03
  3.2201E-03
  3.2370E-03
  3.2201E-03
  3.2057E-03
  3.2201E-03
  3.2057E-03
  4.0200E-03
  4.0484E-03
  4.0200E-03
  4.0484E-03
  4.0765E-03
  4.0484E-03
  4.0200E-03
  4.0484E-03
  4.0200E-03
  4.6156E-03
  4.6526E-03
  4.6156E-03
  4.6526E-03
  4.6898E-03
  4.6526E-03
  4.6156E-03
  4.6526E-03
  4.6156E-03
  4.9571E-03
  4.9989E-03
  4.9571E-03
  4.9989E-03
  5.0410E-03
  4.9989E-03
  4.9571E-03
  4.9989E-03
  4.9571E-03
  5.0247E-03
  5.0675E-03
  5.0247E-03
  5.0675E-03
  5.1104E-03
  5.0675E-03
  5.0247E-03
  5.0675E-03
  5.0247E-03
  4.8145E-03
  4.8543E-03
  4.8145E-03
  4.8543E-03
  4.8943E-03
  4.8543E-03
  4.8145E-03
  4.8543E-03
  4.8145E-03
  4.3386E-03
  4.3715E-03
  4.3386E-03
  4.3715E-03
  4.4046E-03
  4.3715E-03
  4.3386E-03
  4.3715E-03
  4.3386E-03
  3.6250E-03
  3.6469E-03
  3.6250E-03
  3.6469E-03
  3.6689E-03
  3.6469E-03
  3.6250E-03
  3.6469E-03
  3.6250E-03
  2.7172E-03
  2.7226E-03
  2.7172E-03
  2.7226E-03
  2.7280E-03
  2.7226E-03
  2.7172E-03
  2.7226E-03
  2.7172E-03
  1.6795E-03
  1.6575E-03
  1.6795E-03
  1.6575E-03
  1.6348E-03
  1.6575E-03
  1.6795E-03
  1.6575E-03
  1.6795E-03
  6.7667E-04
  5.7557E-04
  6.7667E-04
  5.7557E-04
  4.5012E-04
  5.7557E-04
  6.7667E-04
  5.7557E-04
  6.7667E-04
  9.0339E-04
  8.3522E-04
  9.0339E-04
  8.3522E-04
  7.5966E-04
  8.3522E-04
  9.0339E-04
  8.3522E-04
  9.0339E-04
  1.9535E-03
  1.9404E-03
  1.9535E-03
  1.9404E-03
  1.9270E-03
  1.9404E-03
  1.9535E-03
  1.9404E-03
  1.9535E-03
  2.9660E-03
  2.9763E-03
  2.9660E-03
  2.9763E-03
  2.9866E-03
  2.9763E-03
  2.9660E-03
  2.9763E-03
  2.9660E-03
  3.8289E-03
  3.8541E-03
  3.8289E-03
  3.8541E-03
  3.8795E-03
  3.8541E-03
  3.8289E-03
  3.8541E-03
  3.8289E-03
  4.4850E-03
  4.5198E-03
  4.4850E-03
  4.5198E-03
  4.5551E-03
  4.5198E-03
  4.4850E-03
  4.5198E-03
  4.4850E-03
  4.9006E-03
  4.9340E-03
  4.9006E-03
  4.9340E-03
  4.9677E-03
  4.9340E-03
  4.9006E-03
  4.9340E-03
  4.9006E-03
  5.0589E-03
  5.0871E-03
  5.0589E-03
  5.0871E-03
  5.1153E-03
  5.0871E-03
  5.0589E-03
  5.0871E-03
  5.0589E-03
