Scalar STRAINXZ under Modal for nodeset
189
   8.3926E-01
 -1.8138E-02
  2.1889E-09
  1.8138E-02
  1.8231E-02
 -2.2793E-09
 -1.8231E-02
 -1.8138E-02
  2.4164E-09
  1.8138E-02
  1.2142E-02
 -1.8555E-09
 -1.2142E-02
 -2.3041E-02
  1.3580E-09
  2.3041E-02
  1.2142E-02
 -1.4637E-10
 -1.2142E-02
 -7.3894E-03
  2.5145E-09
  7.3894E-03
  1.1650E-02
 -1.6514E-11
 -1.1650E-02
 -7.3894E-03
 -1.7488E-09
  7.3894E-03
 -6.0464E-04
 -4.1861E-09
  6.0465E-04
  1.3666E-02
  9.9744E-10
 -1.3666E-02
 -6.0464E-04
  2.0271E-09
  6.0463E-04
  7.1436E-03
  3.5764E-09
 -7.1436E-03
 -3.4834E-02
  5.0300E-11
  3.4834E-02
  7.1436E-03
 -1.7423E-09
 -7.1436E-03
 -8.3013E-03
 -1.6217E-09
  8.3013E-03
  3.6936E-02
 -2.4869E-09
 -3.6936E-02
 -8.3013E-03
  3.5191E-09
  8.3013E-03
  3.5338E-03
  3.6220E-09
 -3.5338E-03
 -1.7721E-02
  2.6227E-09
  1.7721E-02
  3.5338E-03
 -4.4613E-09
 -3.5338E-03
  3.9345E-03
 -5.6568E-09
 -3.9345E-03
 -1.1037E-02
 -1.6745E-09
  1.1037E-02
  3.9345E-03
  4.0084E-09
 -3.9345E-03
 -9.1762E-03
  4.7971E-09
  9.1761E-03
  3.1210E-02
  2.1081E-09
 -3.1210E-02
 -9.1761E-03
 -3.4517E-09
  9.1762E-03
  8.7343E-03
 -5.6170E-09
 -8.7343E-03
 -3.0079E-02
 -1.9920E-09
  3.0079E-02
  8.7343E-03
  5.4373E-09
 -8.7343E-03
 -2.8493E-03
  7.1039E-09
  2.8493E-03
  8.5804E-03
  2.4552E-09
 -8.5805E-03
 -2.8493E-03
 -8.3115E-09
  2.8493E-03
 -4.7011E-03
 -8.0594E-09
  4.7011E-03
  1.9273E-02
 -2.3067E-09
 -1.9273E-02
 -4.7011E-03
  1.0116E-08
  4.7011E-03
  9.0456E-03
  9.0653E-09
 -9.0457E-03
 -3.5440E-02
  8.0422E-10
  3.5440E-02
  9.0457E-03
 -1.0063E-08
 -9.0456E-03
 -7.3689E-03
 -1.0991E-08
  7.3689E-03
  2.9510E-02
  1.5392E-09
 -2.9510E-02
 -7.3689E-03
  1.0886E-08
  7.3689E-03
  7.3001E-04
  1.4209E-08
 -7.3004E-04
 -5.4271E-03
 -3.7775E-09
  5.4271E-03
  7.3004E-04
 -1.2756E-08
 -7.3002E-04
  6.6238E-03
 -1.9729E-08
 -6.6238E-03
 -2.1041E-02
  4.4265E-09
  2.1041E-02
  6.6238E-03
  1.7217E-08
 -6.6238E-03
 -1.0005E-02
  2.6585E-08
  1.0005E-02
  3.2477E-02
 -3.7025E-09
 -3.2477E-02
 -1.0005E-02
 -2.1951E-08
  1.0005E-02
  7.3202E-03
 -3.4092E-08
 -7.3201E-03
 -2.1043E-02
  3.2345E-10
  2.1043E-02
  7.3202E-03
  2.9976E-08
 -7.3202E-03
 -4.1907E-04
  4.1047E-08
  4.1898E-04
 -6.4974E-03
  6.5055E-09
  6.4974E-03
 -4.1898E-04
 -4.2109E-08
  4.1907E-04
 -6.1167E-03
 -4.9334E-08
  6.1168E-03
  3.3197E-02
 -1.1267E-08
 -3.3197E-02
 -6.1168E-03
  5.3260E-08
  6.1167E-03
 -2.1465E-02
  7.9733E-08
  2.1465E-02
 -1.5244E-02
 -4.0247E-09
  1.5244E-02
 -2.1465E-02
 -4.5957E-08
  2.1465E-02
   8.4470E-01
 -1.1493E-02
 -1.2785E-09
  1.1493E-02
  1.1375E-02
  1.1699E-09
 -1.1375E-02
 -1.1493E-02
 -9.6096E-10
  1.1493E-02
  7.5014E-03
 -5.8520E-10
 -7.5014E-03
 -2.0451E-02
 -7.5854E-10
  2.0451E-02
  7.5014E-03
  1.6098E-09
 -7.5014E-03
 -7.0202E-03
  2.2012E-09
  7.0202E-03
  2.1931E-02
 -9.1127E-10
 -2.1931E-02
 -7.0202E-03
 -2.1255E-09
  7.0202E-03
  4.0717E-03
 -2.9519E-09
 -4.0716E-03
 -9.6677E-03
  1.0480E-09
  9.6677E-03
  4.0717E-03
  3.4457E-09
 -4.0717E-03
  2.1612E-04
  3.4188E-09
 -2.1613E-04
 -1.0090E-02
 -3.4789E-10
  1.0090E-02
  2.1613E-04
 -4.9848E-09
 -2.1612E-04
 -4.0410E-03
 -4.0352E-09
  4.0410E-03
  2.7902E-02
  4.0875E-10
 -2.7902E-02
 -4.0410E-03
  4.7823E-09
  4.0410E-03
  5.7742E-03
  3.6113E-09
 -5.7742E-03
 -3.5310E-02
 -5.6223E-10
  3.5310E-02
  5.7742E-03
 -4.1303E-09
 -5.7742E-03
 -4.7030E-03
 -4.1147E-09
  4.7030E-03
  2.8587E-02
 -7.5039E-10
 -2.8587E-02
 -4.7030E-03
  4.1340E-09
  4.7030E-03
  1.3549E-03
  3.5620E-09
 -1.3549E-03
 -1.0383E-02
  1.5302E-09
  1.0383E-02
  1.3549E-03
 -4.5046E-09
 -1.3549E-03
  2.7340E-03
 -3.3556E-09
 -2.7340E-03
 -1.1475E-02
 -1.2102E-09
  1.1475E-02
  2.7340E-03
  4.4339E-09
 -2.7340E-03
 -5.7029E-03
  3.5185E-09
  5.7029E-03
  2.7486E-02
  9.0116E-11
 -2.7486E-02
 -5.7029E-03
 -4.2214E-09
  5.7029E-03
  6.1954E-03
 -3.8428E-09
 -6.1954E-03
 -3.0730E-02
  5.1977E-10
  3.0730E-02
  6.1954E-03
  4.4783E-09
 -6.1954E-03
 -3.9630E-03
  3.5273E-09
  3.9630E-03
  1.9964E-02
 -1.3196E-09
 -1.9964E-02
 -3.9630E-03
 -3.2869E-09
  3.9630E-03
 -2.4403E-05
 -3.5824E-09
  2.4412E-05
 -1.8683E-04
  1.8671E-09
  1.8683E-04
 -2.4410E-05
  2.7394E-09
  2.4403E-05
  4.0130E-03
  3.8320E-09
 -4.0130E-03
 -1.9584E-02
 -1.1191E-09
  1.9584E-02
  4.0130E-03
 -3.3495E-09
 -4.0130E-03
 -6.2486E-03
 -3.3244E-09
  6.2487E-03
  3.0332E-02
  3.0157E-10
 -3.0332E-02
 -6.2487E-03
  3.6919E-09
  6.2486E-03
  5.7600E-03
  3.2742E-09
 -5.7600E-03
 -2.7055E-02
 -6.8570E-11
  2.7055E-02
  5.7600E-03
 -2.8981E-09
 -5.7600E-03
 -2.7910E-03
 -3.7146E-09
  2.7910E-03
  1.0993E-02
  1.6622E-10
 -1.0993E-02
 -2.7910E-03
  3.4907E-09
  2.7910E-03
 -1.3146E-03
  3.4360E-09
  1.3146E-03
  1.0934E-02
 -5.3400E-10
 -1.0934E-02
 -1.3146E-03
 -3.3860E-09
  1.3146E-03
  4.7356E-03
 -4.2925E-09
 -4.7356E-03
 -2.9213E-02
  1.2827E-09
  2.9213E-02
  4.7356E-03
  3.0085E-09
 -4.7356E-03
  1.7179E-02
  2.7770E-09
 -1.7179E-02
  1.4083E-02
  2.6273E-09
 -1.4083E-02
  1.7179E-02
 -8.3711E-09
 -1.7179E-02
   8.4722E-01
 -2.5988E-05
 -9.1325E-10
  2.5989E-05
  1.6894E-04
  7.0402E-10
 -1.6894E-04
 -2.5988E-05
 -8.9862E-10
  2.5989E-05
  4.9534E-04
  9.6389E-10
 -4.9534E-04
  3.3414E-03
  2.7295E-10
 -3.3414E-03
  4.9534E-04
  3.4347E-10
 -4.9534E-04
  2.2892E-04
 -7.7486E-10
 -2.2891E-04
 -8.3825E-03
 -1.4312E-09
  8.3825E-03
  2.2891E-04
  2.1600E-09
 -2.2892E-04
 -7.7452E-04
  1.4050E-09
  7.7452E-04
  1.2029E-02
  9.3467E-10
 -1.2029E-02
 -7.7452E-04
 -2.3498E-09
  7.7452E-04
  9.4599E-04
 -3.5040E-09
 -9.4599E-04
 -1.3021E-02
  2.2320E-10
  1.3021E-02
  9.4599E-04
  2.1106E-09
 -9.4599E-04
 -6.8459E-04
  4.1702E-09
  6.8459E-04
  1.0982E-02
  9.7592E-12
 -1.0982E-02
 -6.8459E-04
 -2.4070E-09
  6.8459E-04
  8.1065E-05
 -3.1670E-09
 -8.1059E-05
 -6.5490E-03
 -4.6970E-10
  6.5490E-03
  8.1060E-05
  2.2672E-09
 -8.1064E-05
  6.5719E-04
  8.1279E-10
 -6.5719E-04
  1.1586E-03
  1.9527E-09
 -1.1586E-03
  6.5719E-04
 -1.0636E-09
 -6.5719E-04
 -1.2766E-03
  3.7048E-10
  1.2766E-03
  3.4364E-03
 -3.7733E-09
 -3.4364E-03
 -1.2766E-03
  1.2435E-09
  1.2766E-03
  1.5631E-03
 -1.3180E-09
 -1.5631E-03
 -5.7558E-03
  3.5192E-09
  5.7558E-03
  1.5631E-03
 -1.4180E-09
 -1.5631E-03
 -1.4142E-03
  5.6288E-10
  1.4142E-03
  5.0900E-03
 -1.4752E-09
 -5.0900E-03
 -1.4142E-03
  3.0682E-10
  1.4142E-03
  8.7339E-04
  1.5890E-09
 -8.7340E-04
 -1.7386E-03
 -1.6484E-09
  1.7386E-03
  8.7339E-04
  6.3388E-10
 -8.7339E-04
 -1.1586E-04
 -2.4823E-09
  1.1587E-04
 -3.0909E-03
  3.4669E-09
  3.0909E-03
 -1.1586E-04
 -1.1945E-09
  1.1586E-04
 -6.1070E-04
  9.7299E-10
  6.1070E-04
  7.6898E-03
 -2.5335E-09
 -7.6898E-03
 -6.1070E-04
  1.3167E-09
  6.1070E-04
  1.0693E-03
  1.4501E-10
 -1.0693E-03
 -1.0424E-02
 -1.5017E-10
  1.0424E-02
  1.0693E-03
  9.6498E-10
 -1.0693E-03
 -1.1132E-03
 -2.8446E-09
  1.1132E-03
  1.0282E-02
  1.0705E-09
 -1.0282E-02
 -1.1132E-03
 -4.6071E-10
  1.1132E-03
  7.3540E-04
  2.9564E-09
 -7.3541E-04
 -7.2197E-03
  1.5679E-10
  7.2197E-03
  7.3541E-04
 -1.7976E-09
 -7.3540E-04
 -6.9950E-05
 -8.7790E-10
  6.9955E-05
  2.1727E-03
 -2.2690E-09
 -2.1727E-03
 -6.9957E-05
  4.5150E-09
  6.9945E-05
 -6.5462E-04
  2.8832E-09
  6.5461E-04
  3.2566E-03
  1.9065E-09
 -3.2566E-03
 -6.5461E-04
 -7.0160E-09
  6.5463E-04
  1.1980E-03
 -5.5524E-09
 -1.1979E-03
 -7.3357E-03
  2.7994E-09
  7.3357E-03
  1.1979E-03
  7.1257E-09
 -1.1980E-03
 -6.3847E-02
  5.7843E-09
  6.3847E-02
  7.1545E-02
 -2.9832E-09
 -7.1545E-02
 -6.3847E-02
 -1.2105E-08
  6.3847E-02
   8.4812E-01
 -3.4216E-03
  7.3605E-10
  3.4216E-03
  3.2038E-03
 -8.0524E-10
 -3.2038E-03
 -3.4216E-03
  6.1561E-10
  3.4216E-03
  1.6568E-03
 -8.5708E-10
 -1.6568E-03
 -1.0693E-02
 -8.1195E-10
  1.0693E-02
  1.6568E-03
  3.3951E-10
 -1.6568E-03
 -2.7709E-03
 -1.5737E-10
  2.7709E-03
  1.8182E-02
  3.8040E-09
 -1.8182E-02
 -2.7709E-03
 -2.2314E-09
  2.7709E-03
  3.1981E-03
  8.3932E-10
 -3.1981E-03
 -1.9620E-02
 -4.0649E-09
  1.9620E-02
  3.1981E-03
  2.0118E-09
 -3.1981E-03
 -2.7967E-03
 -8.0658E-10
  2.7967E-03
  1.4210E-02
  1.6141E-09
 -1.4210E-02
 -2.7967E-03
  7.5020E-10
  2.7967E-03
  1.6907E-03
 -3.5879E-11
 -1.6907E-03
 -3.1486E-03
 -6.9084E-10
  3.1486E-03
  1.6907E-03
 -2.2329E-09
 -1.6907E-03
 -2.1362E-04
  2.6933E-10
  2.1362E-04
 -1.0693E-02
  7.3798E-10
  1.0693E-02
 -2.1362E-04
  1.0420E-09
  2.1362E-04
 -1.1948E-03
  1.5669E-10
  1.1948E-03
  2.3589E-02
 -5.0434E-10
 -2.3589E-02
 -1.1948E-03
  2.0679E-10
  1.1948E-03
  2.1173E-03
  2.3477E-10
 -2.1173E-03
 -3.2020E-02
  5.4673E-11
  3.2020E-02
  2.1173E-03
 -3.5133E-11
 -2.1173E-03
 -2.2809E-03
 -4.1386E-10
  2.2809E-03
  3.3684E-02
  6.1530E-12
 -3.3684E-02
 -2.2809E-03
 -8.5698E-11
  2.2809E-03
  1.6352E-03
 -8.7159E-10
 -1.6352E-03
 -2.8154E-02
  2.9193E-10
  2.8154E-02
  1.6352E-03
  5.9299E-10
 -1.6352E-03
 -3.6788E-04
 -1.0649E-12
  3.6788E-04
  1.6996E-02
  9.4900E-10
 -1.6996E-02
 -3.6788E-04
 -9.8626E-10
  3.6788E-04
 -1.1501E-03
  4.7708E-11
  1.1501E-03
 -3.3262E-03
 -2.2696E-09
  3.3262E-03
 -1.1501E-03
  1.6182E-09
  1.1501E-03
  2.4712E-03
  6.4296E-10
 -2.4712E-03
 -9.0914E-03
  1.9617E-09
  9.0914E-03
  2.4712E-03
 -1.5058E-09
 -2.4712E-03
 -3.2002E-03
 -1.6608E-09
  3.2002E-03
  1.6919E-02
 -1.6244E-09
 -1.6919E-02
 -3.2002E-03
  1.5280E-09
  3.2002E-03
  3.1088E-03
  1.0676E-09
 -3.1088E-03
 -1.8199E-02
  1.6702E-09
  1.8199E-02
  3.1088E-03
 -4.9324E-10
 -3.1088E-03
 -2.2012E-03
  9.5310E-10
  2.2012E-03
  1.2913E-02
 -2.5706E-09
 -1.2913E-02
 -2.2012E-03
 -6.6607E-10
  2.2012E-03
  7.1250E-04
 -3.5408E-09
 -7.1249E-04
 -2.9733E-03
  3.9484E-09
  2.9733E-03
  7.1250E-04
  1.4644E-09
 -7.1250E-04
  9.6289E-04
  3.8526E-09
 -9.6289E-04
 -8.3379E-03
 -3.3049E-09
  8.3379E-03
  9.6289E-04
 -3.0528E-09
 -9.6288E-04
 -2.3965E-03
 -2.8477E-09
  2.3965E-03
  1.7320E-02
  1.0566E-09
 -1.7320E-02
 -2.3965E-03
  5.7274E-09
  2.3965E-03
 -3.9807E-02
 -3.5295E-09
  3.9807E-02
  2.1480E-02
  7.7324E-09
 -2.1480E-02
 -3.9807E-02
 -1.5017E-08
  3.9807E-02
   8.4870E-01
 -2.5431E-03
  3.7763E-10
  2.5431E-03
  2.6308E-03
 -3.9109E-10
 -2.6308E-03
 -2.5431E-03
  8.2773E-10
  2.5431E-03
  2.0905E-03
 -1.6240E-09
 -2.0905E-03
 -2.0900E-03
  1.2560E-11
  2.0900E-03
  2.0905E-03
  5.9855E-10
 -2.0905E-03
 -1.6821E-03
  2.2938E-09
  1.6821E-03
 -1.1488E-03
 -3.5921E-10
  1.1488E-03
 -1.6821E-03
 -6.9659E-10
  1.6821E-03
  9.6165E-04
 -2.5278E-09
 -9.6165E-04
  6.6481E-03
 -2.0994E-11
 -6.6481E-03
  9.6165E-04
  7.8243E-10
 -9.6165E-04
 -9.4382E-05
  3.7414E-09
  9.4375E-05
 -1.2784E-02
  1.2356E-09
  1.2784E-02
 -9.4375E-05
 -3.0000E-09
  9.4380E-05
 -7.1851E-04
 -2.9904E-09
  7.1852E-04
  1.7651E-02
 -2.2010E-09
 -1.7651E-02
 -7.1852E-04
  2.6669E-09
  7.1851E-04
  1.2923E-03
  1.6780E-09
 -1.2923E-03
 -1.9560E-02
  2.8907E-09
  1.9560E-02
  1.2923E-03
 -1.9112E-09
 -1.2923E-03
 -1.5049E-03
 -2.6499E-09
  1.5049E-03
  1.7487E-02
 -3.2851E-09
 -1.7487E-02
 -1.5049E-03
  3.0663E-09
  1.5049E-03
  1.3268E-03
  3.3914E-09
 -1.3268E-03
 -1.1357E-02
  3.7957E-09
  1.1357E-02
  1.3268E-03
 -5.6130E-09
 -1.3268E-03
 -8.2706E-04
 -2.5565E-09
  8.2707E-04
  2.0948E-03
 -3.2516E-09
 -2.0948E-03
 -8.2707E-04
  6.4604E-09
  8.2706E-04
  1.5482E-04
  2.7954E-09
 -1.5482E-04
  8.5726E-03
  1.4294E-09
 -8.5726E-03
  1.5483E-04
 -5.7002E-09
 -1.5482E-04
  4.9930E-04
 -2.4217E-09
 -4.9930E-04
 -1.8520E-02
  9.9206E-10
  1.8520E-02
  4.9929E-04
  4.3831E-09
 -4.9930E-04
 -9.5228E-04
  2.2686E-09
  9.5228E-04
  2.5726E-02
 -3.0792E-09
 -2.5726E-02
 -9.5227E-04
 -2.3130E-09
  9.5228E-04
  1.0756E-03
  3.7488E-10
 -1.0756E-03
 -2.8756E-02
  3.8916E-09
  2.8756E-02
  1.0756E-03
 -8.2155E-10
 -1.0756E-03
 -8.2815E-04
 -3.5666E-09
  8.2816E-04
  2.7104E-02
 -3.7641E-09
 -2.7104E-02
 -8.2815E-04
  4.5198E-09
  8.2815E-04
  2.6723E-04
  6.9858E-09
 -2.6724E-04
 -2.1301E-02
  3.0063E-09
  2.1301E-02
  2.6724E-04
 -5.5643E-09
 -2.6723E-04
  4.6603E-04
 -9.0338E-09
 -4.6601E-04
  1.2781E-02
 -2.0798E-09
 -1.2781E-02
  4.6601E-04
  5.7296E-09
 -4.6603E-04
 -1.1826E-03
  1.3555E-08
  1.1826E-03
 -3.5211E-03
  3.2913E-09
  3.5211E-03
 -1.1826E-03
 -9.3290E-09
  1.1826E-03
  1.6957E-03
 -1.7403E-08
 -1.6956E-03
 -4.4478E-03
 -6.1851E-09
  4.4478E-03
  1.6956E-03
  1.3816E-08
 -1.6957E-03
 -1.8744E-03
  1.9946E-08
  1.8743E-03
  9.5291E-03
  1.0412E-08
 -9.5291E-03
 -1.8743E-03
 -1.9729E-08
  1.8744E-03
  4.0813E-02
 -4.4282E-08
 -4.0813E-02
 -5.0505E-02
  4.8108E-09
  5.0505E-02
  4.0813E-02
  1.1281E-08
 -4.0813E-02
   8.5515E-01
 -4.7949E-05
 -3.6546E-10
  4.7950E-05
  5.4843E-05
  3.1728E-10
 -5.4844E-05
 -4.7949E-05
 -5.6502E-10
  4.7951E-05
  6.1537E-05
  3.0524E-10
 -6.1539E-05
  7.4506E-05
 -8.5657E-10
 -7.4504E-05
  6.1538E-05
  2.3051E-10
 -6.1538E-05
 -3.4012E-05
 -2.5143E-10
  3.4013E-05
 -3.1833E-04
  9.9960E-10
  3.1833E-04
 -3.4011E-05
 -7.7300E-10
  3.4011E-05
 -1.2289E-05
 -3.7943E-10
  1.2289E-05
  5.9847E-04
  4.5427E-10
 -5.9847E-04
 -1.2291E-05
  5.9323E-10
  1.2292E-05
  8.3924E-05
  5.8890E-10
 -8.3925E-05
 -8.4285E-04
 -1.9601E-09
  8.4286E-04
  8.3925E-05
  1.3815E-09
 -8.3927E-05
 -1.8309E-04
  1.3991E-10
  1.8309E-04
  9.4632E-04
  1.1837E-09
 -9.4632E-04
 -1.8309E-04
 -1.6755E-09
  1.8309E-04
  3.0250E-04
 -3.9873E-10
 -3.0250E-04
 -7.7084E-04
  5.2978E-10
  7.7084E-04
  3.0250E-04
 -3.9678E-10
 -3.0250E-04
 -4.2007E-04
  7.4955E-11
  4.2007E-04
  1.5983E-04
 -1.5460E-09
 -1.5983E-04
 -4.2007E-04
  5.7636E-10
  4.2007E-04
  4.9457E-04
  8.7219E-11
 -4.9457E-04
  1.0269E-03
  1.1045E-09
 -1.0269E-03
  4.9457E-04
  2.3782E-10
 -4.9457E-04
 -4.6430E-04
 -2.1064E-10
  4.6430E-04
 -2.8525E-03
 -4.8005E-10
  2.8525E-03
 -4.6430E-04
 -3.4287E-11
  4.6430E-04
  2.5166E-04
 -6.3998E-10
 -2.5166E-04
  5.2177E-03
  3.6065E-10
 -5.2177E-03
  2.5166E-04
  2.1625E-10
 -2.5166E-04
  2.2316E-04
  2.5623E-10
 -2.2316E-04
 -7.7577E-03
  3.2871E-10
  7.7577E-03
  2.2316E-04
 -1.8039E-09
 -2.2316E-04
 -1.0164E-03
 -5.8385E-10
  1.0164E-03
  9.7466E-03
 -1.2323E-09
 -9.7466E-03
 -1.0164E-03
  2.1541E-09
  1.0164E-03
  2.1217E-03
  1.7005E-09
 -2.1217E-03
 -1.0043E-02
 -1.0791E-10
  1.0043E-02
  2.1217E-03
 -1.4811E-09
 -2.1217E-03
 -3.4197E-03
 -4.3339E-09
  3.4197E-03
  7.1360E-03
  3.6770E-10
 -7.1360E-03
 -3.4197E-03
  3.3475E-09
  3.4197E-03
  4.6247E-03
  6.1282E-09
 -4.6247E-03
  6.4515E-04
 -4.8545E-10
 -6.4515E-04
  4.6247E-03
 -5.4205E-09
 -4.6247E-03
 -5.2426E-03
 -8.8031E-09
  5.2427E-03
 -1.4691E-02
  9.9911E-10
  1.4691E-02
 -5.2427E-03
  6.2730E-09
  5.2426E-03
  4.5620E-03
  1.2100E-08
 -4.5620E-03
  3.5397E-02
  1.1004E-09
 -3.5397E-02
  4.5620E-03
 -1.0949E-08
 -4.5620E-03
 -1.7027E-03
 -1.4388E-08
  1.7027E-03
 -6.1199E-02
 -4.1136E-09
  6.1199E-02
 -1.7027E-03
  1.6927E-08
  1.7027E-03
 -4.2680E-03
  1.8729E-08
  4.2680E-03
  8.7453E-02
  4.1418E-09
 -8.7453E-02
 -4.2680E-03
 -2.0401E-08
  4.2680E-03
 -1.8936E-01
 -3.6401E-08
  1.8936E-01
  9.6113E-02
  5.9607E-09
 -9.6113E-02
 -1.8936E-01
  1.8847E-08
  1.8936E-01
   0.0000E+00
  0.0000E+00
  0.0000E+00
  0.0000E+00
  0.0000E+00
  0.0000E+00
  0.0000E+00
  0.0000E+00
  0.0000E+00
  0.0000E+00
  0.0000E+00
  0.0000E+00
  0.0000E+00
  0.0000E+00
  0.0000E+00
  0.0000E+00
  0.0000E+00
  0.0000E+00
  0.0000E+00
  0.0000E+00
  0.0000E+00
  0.0000E+00
  0.0000E+00
  0.0000E+00
  0.0000E+00
  0.0000E+00
  0.0000E+00
  0.0000E+00
  0.0000E+00
  0.0000E+00
  0.0000E+00
  0.0000E+00
  0.0000E+00
  0.0000E+00
  0.0000E+00
  0.0000E+00
  0.0000E+00
  0.0000E+00
  0.0000E+00
  0.0000E+00
  0.0000E+00
  0.0000E+00
  0.0000E+00
  0.0000E+00
  0.0000E+00
  0.0000E+00
  0.0000E+00
  0.0000E+00
  0.0000E+00
  0.0000E+00
  0.0000E+00
  0.0000E+00
  0.0000E+00
  0.0000E+00
  0.0000E+00
  0.0000E+00
  0.0000E+00
  0.0000E+00
  0.0000E+00
  0.0000E+00
  0.0000E+00
  0.0000E+00
  0.0000E+00
  0.0000E+00
  0.0000E+00
  0.0000E+00
  0.0000E+00
  0.0000E+00
  0.0000E+00
  0.0000E+00
  0.0000E+00
  0.0000E+00
  0.0000E+00
  0.0000E+00
  0.0000E+00
  0.0000E+00
  0.0000E+00
  0.0000E+00
  0.0000E+00
  0.0000E+00
  0.0000E+00
  0.0000E+00
  0.0000E+00
  0.0000E+00
  0.0000E+00
  0.0000E+00
  0.0000E+00
  0.0000E+00
  0.0000E+00
  0.0000E+00
  0.0000E+00
  0.0000E+00
  0.0000E+00
  0.0000E+00
  0.0000E+00
  0.0000E+00
  0.0000E+00
  0.0000E+00
  0.0000E+00
  0.0000E+00
  0.0000E+00
  0.0000E+00
  0.0000E+00
  0.0000E+00
  0.0000E+00
  0.0000E+00
  0.0000E+00
  0.0000E+00
  0.0000E+00
  0.0000E+00
  0.0000E+00
  0.0000E+00
  0.0000E+00
  0.0000E+00
  0.0000E+00
  0.0000E+00
  0.0000E+00
  0.0000E+00
  0.0000E+00
  0.0000E+00
  0.0000E+00
  0.0000E+00
  0.0000E+00
  0.0000E+00
  0.0000E+00
  0.0000E+00
  0.0000E+00
  0.0000E+00
  0.0000E+00
  0.0000E+00
  0.0000E+00
  0.0000E+00
  0.0000E+00
  0.0000E+00
  0.0000E+00
  0.0000E+00
  0.0000E+00
  0.0000E+00
  0.0000E+00
  0.0000E+00
  0.0000E+00
  0.0000E+00
  0.0000E+00
  0.0000E+00
  0.0000E+00
  0.0000E+00
  0.0000E+00
  0.0000E+00
  0.0000E+00
  0.0000E+00
  0.0000E+00
  0.0000E+00
  0.0000E+00
  0.0000E+00
  0.0000E+00
  0.0000E+00
  0.0000E+00
  0.0000E+00
  0.0000E+00
  0.0000E+00
  0.0000E+00
  0.0000E+00
  0.0000E+00
  0.0000E+00
  0.0000E+00
  0.0000E+00
  0.0000E+00
  0.0000E+00
  0.0000E+00
  0.0000E+00
  0.0000E+00
  0.0000E+00
  0.0000E+00
  0.0000E+00
  0.0000E+00
  0.0000E+00
  0.0000E+00
  0.0000E+00
  0.0000E+00
  0.0000E+00
  0.0000E+00
  0.0000E+00
  0.0000E+00
  0.0000E+00
  0.0000E+00
  0.0000E+00
  0.0000E+00
  0.0000E+00
  0.0000E+00
  0.0000E+00
   0.0000E+00
  0.0000E+00
  0.0000E+00
  0.0000E+00
  0.0000E+00
  0.0000E+00
  0.0000E+00
  0.0000E+00
  0.0000E+00
  0.0000E+00
  0.0000E+00
  0.0000E+00
  0.0000E+00
  0.0000E+00
  0.0000E+00
  0.0000E+00
  0.0000E+00
  0.0000E+00
  0.0000E+00
  0.0000E+00
  0.0000E+00
  0.0000E+00
  0.0000E+00
  0.0000E+00
  0.0000E+00
  0.0000E+00
  0.0000E+00
  0.0000E+00
  0.0000E+00
  0.0000E+00
  0.0000E+00
  0.0000E+00
  0.0000E+00
  0.0000E+00
  0.0000E+00
  0.0000E+00
  0.0000E+00
  0.0000E+00
  0.0000E+00
  0.0000E+00
  0.0000E+00
  0.0000E+00
  0.0000E+00
  0.0000E+00
  0.0000E+00
  0.0000E+00
  0.0000E+00
  0.0000E+00
  0.0000E+00
  0.0000E+00
  0.0000E+00
  0.0000E+00
  0.0000E+00
  0.0000E+00
  0.0000E+00
  0.0000E+00
  0.0000E+00
  0.0000E+00
  0.0000E+00
  0.0000E+00
  0.0000E+00
  0.0000E+00
  0.0000E+00
  0.0000E+00
  0.0000E+00
  0.0000E+00
  0.0000E+00
  0.0000E+00
  0.0000E+00
  0.0000E+00
  0.0000E+00
  0.0000E+00
  0.0000E+00
  0.0000E+00
  0.0000E+00
  0.0000E+00
  0.0000E+00
  0.0000E+00
  0.0000E+00
  0.0000E+00
  0.0000E+00
  0.0000E+00
  0.0000E+00
  0.0000E+00
  0.0000E+00
  0.0000E+00
  0.0000E+00
  0.0000E+00
  0.0000E+00
  0.0000E+00
  0.0000E+00
  0.0000E+00
  0.0000E+00
  0.0000E+00
  0.0000E+00
  0.0000E+00
  0.0000E+00
  0.0000E+00
  0.0000E+00
  0.0000E+00
  0.0000E+00
  0.0000E+00
  0.0000E+00
  0.0000E+00
  0.0000E+00
  0.0000E+00
  0.0000E+00
  0.0000E+00
  0.0000E+00
  0.0000E+00
  0.0000E+00
  0.0000E+00
  0.0000E+00
  0.0000E+00
  0.0000E+00
  0.0000E+00
  0.0000E+00
  0.0000E+00
  0.0000E+00
  0.0000E+00
  0.0000E+00
  0.0000E+00
  0.0000E+00
  0.0000E+00
  0.0000E+00
  0.0000E+00
  0.0000E+00
  0.0000E+00
  0.0000E+00
  0.0000E+00
  0.0000E+00
  0.0000E+00
  0.0000E+00
  0.0000E+00
  0.0000E+00
  0.0000E+00
  0.0000E+00
  0.0000E+00
  0.0000E+00
  0.0000E+00
  0.0000E+00
  0.0000E+00
  0.0000E+00
  0.0000E+00
  0.0000E+00
  0.0000E+00
  0.0000E+00
  0.0000E+00
  0.0000E+00
  0.0000E+00
  0.0000E+00
  0.0000E+00
  0.0000E+00
  0.0000E+00
  0.0000E+00
  0.0000E+00
  0.0000E+00
  0.0000E+00
  0.0000E+00
  0.0000E+00
  0.0000E+00
  0.0000E+00
  0.0000E+00
  0.0000E+00
  0.0000E+00
  0.0000E+00
  0.0000E+00
  0.0000E+00
  0.0000E+00
  0.0000E+00
  0.0000E+00
  0.0000E+00
  0.0000E+00
  0.0000E+00
  0.0000E+00
  0.0000E+00
  0.0000E+00
  0.0000E+00
  0.0000E+00
  0.0000E+00
  0.0000E+00
  0.0000E+00
  0.0000E+00
  0.0000E+00
  0.0000E+00
  0.0000E+00
  0.0000E+00
  0.0000E+00
  0.0000E+00
  0.0000E+00
   0.0000E+00
  0.0000E+00
  0.0000E+00
  0.0000E+00
  0.0000E+00
  0.0000E+00
  0.0000E+00
  0.0000E+00
  0.0000E+00
  0.0000E+00
  0.0000E+00
  0.0000E+00
  0.0000E+00
  0.0000E+00
  0.0000E+00
  0.0000E+00
  0.0000E+00
  0.0000E+00
  0.0000E+00
  0.0000E+00
  0.0000E+00
  0.0000E+00
  0.0000E+00
  0.0000E+00
  0.0000E+00
  0.0000E+00
  0.0000E+00
  0.0000E+00
  0.0000E+00
  0.0000E+00
  0.0000E+00
  0.0000E+00
  0.0000E+00
  0.0000E+00
  0.0000E+00
  0.0000E+00
  0.0000E+00
  0.0000E+00
  0.0000E+00
  0.0000E+00
  0.0000E+00
  0.0000E+00
  0.0000E+00
  0.0000E+00
  0.0000E+00
  0.0000E+00
  0.0000E+00
  0.0000E+00
  0.0000E+00
  0.0000E+00
  0.0000E+00
  0.0000E+00
  0.0000E+00
  0.0000E+00
  0.0000E+00
  0.0000E+00
  0.0000E+00
  0.0000E+00
  0.0000E+00
  0.0000E+00
  0.0000E+00
  0.0000E+00
  0.0000E+00
  0.0000E+00
  0.0000E+00
  0.0000E+00
  0.0000E+00
  0.0000E+00
  0.0000E+00
  0.0000E+00
  0.0000E+00
  0.0000E+00
  0.0000E+00
  0.0000E+00
  0.0000E+00
  0.0000E+00
  0.0000E+00
  0.0000E+00
  0.0000E+00
  0.0000E+00
  0.0000E+00
  0.0000E+00
  0.0000E+00
  0.0000E+00
  0.0000E+00
  0.0000E+00
  0.0000E+00
  0.0000E+00
  0.0000E+00
  0.0000E+00
  0.0000E+00
  0.0000E+00
  0.0000E+00
  0.0000E+00
  0.0000E+00
  0.0000E+00
  0.0000E+00
  0.0000E+00
  0.0000E+00
  0.0000E+00
  0.0000E+00
  0.0000E+00
  0.0000E+00
  0.0000E+00
  0.0000E+00
  0.0000E+00
  0.0000E+00
  0.0000E+00
  0.0000E+00
  0.0000E+00
  0.0000E+00
  0.0000E+00
  0.0000E+00
  0.0000E+00
  0.0000E+00
  0.0000E+00
  0.0000E+00
  0.0000E+00
  0.0000E+00
  0.0000E+00
  0.0000E+00
  0.0000E+00
  0.0000E+00
  0.0000E+00
  0.0000E+00
  0.0000E+00
  0.0000E+00
  0.0000E+00
  0.0000E+00
  0.0000E+00
  0.0000E+00
  0.0000E+00
  0.0000E+00
  0.0000E+00
  0.0000E+00
  0.0000E+00
  0.0000E+00
  0.0000E+00
  0.0000E+00
  0.0000E+00
  0.0000E+00
  0.0000E+00
  0.0000E+00
  0.0000E+00
  0.0000E+00
  0.0000E+00
  0.0000E+00
  0.0000E+00
  0.0000E+00
  0.0000E+00
  0.0000E+00
  0.0000E+00
  0.0000E+00
  0.0000E+00
  0.0000E+00
  0.0000E+00
  0.0000E+00
  0.0000E+00
  0.0000E+00
  0.0000E+00
  0.0000E+00
  0.0000E+00
  0.0000E+00
  0.0000E+00
  0.0000E+00
  0.0000E+00
  0.0000E+00
  0.0000E+00
  0.0000E+00
  0.0000E+00
  0.0000E+00
  0.0000E+00
  0.0000E+00
  0.0000E+00
  0.0000E+00
  0.0000E+00
  0.0000E+00
  0.0000E+00
  0.0000E+00
  0.0000E+00
  0.0000E+00
  0.0000E+00
  0.0000E+00
  0.0000E+00
  0.0000E+00
  0.0000E+00
  0.0000E+00
  0.0000E+00
  0.0000E+00
  0.0000E+00
   0.0000E+00
  0.0000E+00
  0.0000E+00
  0.0000E+00
  0.0000E+00
  0.0000E+00
  0.0000E+00
  0.0000E+00
  0.0000E+00
  0.0000E+00
  0.0000E+00
  0.0000E+00
  0.0000E+00
  0.0000E+00
  0.0000E+00
  0.0000E+00
  0.0000E+00
  0.0000E+00
  0.0000E+00
  0.0000E+00
  0.0000E+00
  0.0000E+00
  0.0000E+00
  0.0000E+00
  0.0000E+00
  0.0000E+00
  0.0000E+00
  0.0000E+00
  0.0000E+00
  0.0000E+00
  0.0000E+00
  0.0000E+00
  0.0000E+00
  0.0000E+00
  0.0000E+00
  0.0000E+00
  0.0000E+00
  0.0000E+00
  0.0000E+00
  0.0000E+00
  0.0000E+00
  0.0000E+00
  0.0000E+00
  0.0000E+00
  0.0000E+00
  0.0000E+00
  0.0000E+00
  0.0000E+00
  0.0000E+00
  0.0000E+00
  0.0000E+00
  0.0000E+00
  0.0000E+00
  0.0000E+00
  0.0000E+00
  0.0000E+00
  0.0000E+00
  0.0000E+00
  0.0000E+00
  0.0000E+00
  0.0000E+00
  0.0000E+00
  0.0000E+00
  0.0000E+00
  0.0000E+00
  0.0000E+00
  0.0000E+00
  0.0000E+00
  0.0000E+00
  0.0000E+00
  0.0000E+00
  0.0000E+00
  0.0000E+00
  0.0000E+00
  0.0000E+00
  0.0000E+00
  0.0000E+00
  0.0000E+00
  0.0000E+00
  0.0000E+00
  0.0000E+00
  0.0000E+00
  0.0000E+00
  0.0000E+00
  0.0000E+00
  0.0000E+00
  0.0000E+00
  0.0000E+00
  0.0000E+00
  0.0000E+00
  0.0000E+00
  0.0000E+00
  0.0000E+00
  0.0000E+00
  0.0000E+00
  0.0000E+00
  0.0000E+00
  0.0000E+00
  0.0000E+00
  0.0000E+00
  0.0000E+00
  0.0000E+00
  0.0000E+00
  0.0000E+00
  0.0000E+00
  0.0000E+00
  0.0000E+00
  0.0000E+00
  0.0000E+00
  0.0000E+00
  0.0000E+00
  0.0000E+00
  0.0000E+00
  0.0000E+00
  0.0000E+00
  0.0000E+00
  0.0000E+00
  0.0000E+00
  0.0000E+00
  0.0000E+00
  0.0000E+00
  0.0000E+00
  0.0000E+00
  0.0000E+00
  0.0000E+00
  0.0000E+00
  0.0000E+00
  0.0000E+00
  0.0000E+00
  0.0000E+00
  0.0000E+00
  0.0000E+00
  0.0000E+00
  0.0000E+00
  0.0000E+00
  0.0000E+00
  0.0000E+00
  0.0000E+00
  0.0000E+00
  0.0000E+00
  0.0000E+00
  0.0000E+00
  0.0000E+00
  0.0000E+00
  0.0000E+00
  0.0000E+00
  0.0000E+00
  0.0000E+00
  0.0000E+00
  0.0000E+00
  0.0000E+00
  0.0000E+00
  0.0000E+00
  0.0000E+00
  0.0000E+00
  0.0000E+00
  0.0000E+00
  0.0000E+00
  0.0000E+00
  0.0000E+00
  0.0000E+00
  0.0000E+00
  0.0000E+00
  0.0000E+00
  0.0000E+00
  0.0000E+00
  0.0000E+00
  0.0000E+00
  0.0000E+00
  0.0000E+00
  0.0000E+00
  0.0000E+00
  0.0000E+00
  0.0000E+00
  0.0000E+00
  0.0000E+00
  0.0000E+00
  0.0000E+00
  0.0000E+00
  0.0000E+00
  0.0000E+00
  0.0000E+00
  0.0000E+00
  0.0000E+00
  0.0000E+00
  0.0000E+00
  0.0000E+00
  0.0000E+00
  0.0000E+00
  0.0000E+00
   0.0000E+00
  0.0000E+00
  0.0000E+00
  0.0000E+00
  0.0000E+00
  0.0000E+00
  0.0000E+00
  0.0000E+00
  0.0000E+00
  0.0000E+00
  0.0000E+00
  0.0000E+00
  0.0000E+00
  0.0000E+00
  0.0000E+00
  0.0000E+00
  0.0000E+00
  0.0000E+00
  0.0000E+00
  0.0000E+00
  0.0000E+00
  0.0000E+00
  0.0000E+00
  0.0000E+00
  0.0000E+00
  0.0000E+00
  0.0000E+00
  0.0000E+00
  0.0000E+00
  0.0000E+00
  0.0000E+00
  0.0000E+00
  0.0000E+00
  0.0000E+00
  0.0000E+00
  0.0000E+00
  0.0000E+00
  0.0000E+00
  0.0000E+00
  0.0000E+00
  0.0000E+00
  0.0000E+00
  0.0000E+00
  0.0000E+00
  0.0000E+00
  0.0000E+00
  0.0000E+00
  0.0000E+00
  0.0000E+00
  0.0000E+00
  0.0000E+00
  0.0000E+00
  0.0000E+00
  0.0000E+00
  0.0000E+00
  0.0000E+00
  0.0000E+00
  0.0000E+00
  0.0000E+00
  0.0000E+00
  0.0000E+00
  0.0000E+00
  0.0000E+00
  0.0000E+00
  0.0000E+00
  0.0000E+00
  0.0000E+00
  0.0000E+00
  0.0000E+00
  0.0000E+00
  0.0000E+00
  0.0000E+00
  0.0000E+00
  0.0000E+00
  0.0000E+00
  0.0000E+00
  0.0000E+00
  0.0000E+00
  0.0000E+00
  0.0000E+00
  0.0000E+00
  0.0000E+00
  0.0000E+00
  0.0000E+00
  0.0000E+00
  0.0000E+00
  0.0000E+00
  0.0000E+00
  0.0000E+00
  0.0000E+00
  0.0000E+00
  0.0000E+00
  0.0000E+00
  0.0000E+00
  0.0000E+00
  0.0000E+00
  0.0000E+00
  0.0000E+00
  0.0000E+00
  0.0000E+00
  0.0000E+00
  0.0000E+00
  0.0000E+00
  0.0000E+00
  0.0000E+00
  0.0000E+00
  0.0000E+00
  0.0000E+00
  0.0000E+00
  0.0000E+00
  0.0000E+00
  0.0000E+00
  0.0000E+00
  0.0000E+00
  0.0000E+00
  0.0000E+00
  0.0000E+00
  0.0000E+00
  0.0000E+00
  0.0000E+00
  0.0000E+00
  0.0000E+00
  0.0000E+00
  0.0000E+00
  0.0000E+00
  0.0000E+00
  0.0000E+00
  0.0000E+00
  0.0000E+00
  0.0000E+00
  0.0000E+00
  0.0000E+00
  0.0000E+00
  0.0000E+00
  0.0000E+00
  0.0000E+00
  0.0000E+00
  0.0000E+00
  0.0000E+00
  0.0000E+00
  0.0000E+00
  0.0000E+00
  0.0000E+00
  0.0000E+00
  0.0000E+00
  0.0000E+00
  0.0000E+00
  0.0000E+00
  0.0000E+00
  0.0000E+00
  0.0000E+00
  0.0000E+00
  0.0000E+00
  0.0000E+00
  0.0000E+00
  0.0000E+00
  0.0000E+00
  0.0000E+00
  0.0000E+00
  0.0000E+00
  0.0000E+00
  0.0000E+00
  0.0000E+00
  0.0000E+00
  0.0000E+00
  0.0000E+00
  0.0000E+00
  0.0000E+00
  0.0000E+00
  0.0000E+00
  0.0000E+00
  0.0000E+00
  0.0000E+00
  0.0000E+00
  0.0000E+00
  0.0000E+00
  0.0000E+00
  0.0000E+00
  0.0000E+00
  0.0000E+00
  0.0000E+00
  0.0000E+00
  0.0000E+00
  0.0000E+00
  0.0000E+00
  0.0000E+00
  0.0000E+00
  0.0000E+00
  0.0000E+00
  0.0000E+00
   0.0000E+00
  0.0000E+00
  0.0000E+00
  0.0000E+00
  0.0000E+00
  0.0000E+00
  0.0000E+00
  0.0000E+00
  0.0000E+00
  0.0000E+00
  0.0000E+00
  0.0000E+00
  0.0000E+00
  0.0000E+00
  0.0000E+00
  0.0000E+00
  0.0000E+00
  0.0000E+00
  0.0000E+00
  0.0000E+00
  0.0000E+00
  0.0000E+00
  0.0000E+00
  0.0000E+00
  0.0000E+00
  0.0000E+00
  0.0000E+00
  0.0000E+00
  0.0000E+00
  0.0000E+00
  0.0000E+00
  0.0000E+00
  0.0000E+00
  0.0000E+00
  0.0000E+00
  0.0000E+00
  0.0000E+00
  0.0000E+00
  0.0000E+00
  0.0000E+00
  0.0000E+00
  0.0000E+00
  0.0000E+00
  0.0000E+00
  0.0000E+00
  0.0000E+00
  0.0000E+00
  0.0000E+00
  0.0000E+00
  0.0000E+00
  0.0000E+00
  0.0000E+00
  0.0000E+00
  0.0000E+00
  0.0000E+00
  0.0000E+00
  0.0000E+00
  0.0000E+00
  0.0000E+00
  0.0000E+00
  0.0000E+00
  0.0000E+00
  0.0000E+00
  0.0000E+00
  0.0000E+00
  0.0000E+00
  0.0000E+00
  0.0000E+00
  0.0000E+00
  0.0000E+00
  0.0000E+00
  0.0000E+00
  0.0000E+00
  0.0000E+00
  0.0000E+00
  0.0000E+00
  0.0000E+00
  0.0000E+00
  0.0000E+00
  0.0000E+00
  0.0000E+00
  0.0000E+00
  0.0000E+00
  0.0000E+00
  0.0000E+00
  0.0000E+00
  0.0000E+00
  0.0000E+00
  0.0000E+00
  0.0000E+00
  0.0000E+00
  0.0000E+00
  0.0000E+00
  0.0000E+00
  0.0000E+00
  0.0000E+00
  0.0000E+00
  0.0000E+00
  0.0000E+00
  0.0000E+00
  0.0000E+00
  0.0000E+00
  0.0000E+00
  0.0000E+00
  0.0000E+00
  0.0000E+00
  0.0000E+00
  0.0000E+00
  0.0000E+00
  0.0000E+00
  0.0000E+00
  0.0000E+00
  0.0000E+00
  0.0000E+00
  0.0000E+00
  0.0000E+00
  0.0000E+00
  0.0000E+00
  0.0000E+00
  0.0000E+00
  0.0000E+00
  0.0000E+00
  0.0000E+00
  0.0000E+00
  0.0000E+00
  0.0000E+00
  0.0000E+00
  0.0000E+00
  0.0000E+00
  0.0000E+00
  0.0000E+00
  0.0000E+00
  0.0000E+00
  0.0000E+00
  0.0000E+00
  0.0000E+00
  0.0000E+00
  0.0000E+00
  0.0000E+00
  0.0000E+00
  0.0000E+00
  0.0000E+00
  0.0000E+00
  0.0000E+00
  0.0000E+00
  0.0000E+00
  0.0000E+00
  0.0000E+00
  0.0000E+00
  0.0000E+00
  0.0000E+00
  0.0000E+00
  0.0000E+00
  0.0000E+00
  0.0000E+00
  0.0000E+00
  0.0000E+00
  0.0000E+00
  0.0000E+00
  0.0000E+00
  0.0000E+00
  0.0000E+00
  0.0000E+00
  0.0000E+00
  0.0000E+00
  0.0000E+00
  0.0000E+00
  0.0000E+00
  0.0000E+00
  0.0000E+00
  0.0000E+00
  0.0000E+00
  0.0000E+00
  0.0000E+00
  0.0000E+00
  0.0000E+00
  0.0000E+00
  0.0000E+00
  0.0000E+00
  0.0000E+00
  0.0000E+00
  0.0000E+00
  0.0000E+00
  0.0000E+00
  0.0000E+00
  0.0000E+00
  0.0000E+00
  0.0000E+00
  0.0000E+00
  0.0000E+00
