Vector MODE under Modal for nodeset
189
   4.9338E-01
  0.0000E+00  0.0000E+00  0.0000E+00
  0.0000E+00  0.0000E+00  0.0000E+00
  0.0000E+00  0.0000E+00  0.0000E+00
  0.0000E+00  0.0000E+00  0.0000E+00
  0.0000E+00  0.0000E+00  0.0000E+00
  0.0000E+00  0.0000E+00  0.0000E+00
  0.0000E+00  0.0000E+00  0.0000E+00
  0.0000E+00  0.0000E+00  0.0000E+00
  0.0000E+00  0.0000E+00  0.0000E+00
  5.9165E-04 -1.3216E-04  1.2201E-02
  5.2198E-03  5.9451E-13 -1.0286E-02
  5.9165E-04  1.3216E-04  1.2201E-02
  3.4094E-13 -3.9233E-03 -6.6642E-03
 -6.2841E-15  1.5062E-13 -4.9932E-04
 -3.0370E-13  3.9233E-03 -6.6642E-03
 -5.9165E-04 -1.3216E-04  1.2201E-02
 -5.2198E-03 -3.8620E-13 -1.0286E-02
 -5.9165E-04  1.3216E-04  1.2201E-02
 -1.9787E-03  3.9611E-03  7.5100E-03
 -8.9205E-03 -1.2527E-13 -3.8985E-03
 -1.9787E-03 -3.9611E-03  7.5100E-03
  6.3010E-14  5.0168E-03 -8.0593E-03
 -2.0909E-13  5.5695E-15  7.0363E-03
  3.1379E-13 -5.0168E-03 -8.0593E-03
  1.9787E-03  3.9611E-03  7.5100E-03
  8.9205E-03  3.0596E-13 -3.8985E-03
  1.9787E-03 -3.9611E-03  7.5100E-03
  7.1094E-03 -1.0740E-02 -8.7404E-03
 -7.1828E-04  9.0772E-14  7.1434E-03
  7.1094E-03  1.0740E-02 -8.7404E-03
 -4.5210E-13  4.9872E-03  4.0660E-03
  2.7445E-13  1.8050E-13  8.5449E-05
 -3.9172E-13 -4.9872E-03  4.0660E-03
 -7.1094E-03 -1.0740E-02 -8.7404E-03
  7.1828E-04  4.7299E-14  7.1434E-03
 -7.1094E-03  1.0740E-02 -8.7404E-03
 -2.1588E-03  9.3630E-04 -1.1863E-02
  4.9090E-04  6.1716E-13  6.0427E-03
 -2.1588E-03 -9.3630E-04 -1.1863E-02
  7.6508E-13 -7.6122E-04  1.2870E-02
 -2.2555E-13  2.4909E-13 -9.3721E-03
  2.3027E-13  7.6122E-04  1.2870E-02
  2.1588E-03  9.3630E-04 -1.1863E-02
 -4.9090E-04 -1.1134E-13  6.0427E-03
  2.1588E-03 -9.3630E-04 -1.1863E-02
 -5.2801E-03  9.7789E-03  4.4710E-03
  6.6741E-03 -1.7664E-13 -4.2916E-03
 -5.2801E-03 -9.7789E-03  4.4710E-03
 -4.4322E-13 -8.9245E-03 -1.7463E-03
  2.2133E-13 -4.4259E-14 -3.1776E-04
 -2.4700E-13  8.9245E-03 -1.7463E-03
  5.2801E-03  9.7789E-03  4.4710E-03
 -6.6741E-03  1.1215E-13 -4.2916E-03
  5.2801E-03 -9.7789E-03  4.4710E-03
  9.0167E-04  2.7004E-04  1.3325E-02
 -1.3436E-03 -3.4298E-13 -6.6135E-03
  9.0167E-04 -2.7004E-04  1.3325E-02
 -4.3737E-14  5.4167E-04 -1.4443E-02
 -2.3861E-13 -3.8003E-14  1.2445E-02
  4.1487E-13 -5.4167E-04 -1.4443E-02
 -9.0167E-04  2.7004E-04  1.3325E-02
  1.3436E-03  2.9724E-13 -6.6135E-03
 -9.0167E-04 -2.7004E-04  1.3325E-02
  6.2603E-03 -1.1109E-02  1.1575E-03
 -5.7697E-03 -8.1800E-14 -8.0968E-05
  6.2603E-03  1.1109E-02  1.1575E-03
 -1.1968E-13  8.9180E-03 -2.2763E-03
  1.7617E-13 -1.0474E-13 -2.2198E-03
 -2.6816E-13 -8.9180E-03 -2.2763E-03
 -6.2603E-03 -1.1109E-02  1.1575E-03
  5.7697E-03 -1.5961E-13 -8.0968E-05
 -6.2603E-03  1.1109E-02  1.1575E-03
 -1.1924E-03  4.3555E-04 -1.1845E-02
 -2.7411E-04 -5.3262E-14  6.8417E-03
 -1.1924E-03 -4.3555E-04 -1.1845E-02
  2.2543E-13  5.5825E-04  1.4209E-02
 -5.8994E-14 -7.4964E-14 -1.0068E-02
  2.2718E-13 -5.5825E-04  1.4209E-02
  1.1924E-03  4.3555E-04 -1.1845E-02
  2.7411E-04 -1.5162E-13  6.8417E-03
  1.1924E-03 -4.3555E-04 -1.1845E-02
 -6.6752E-03  1.0597E-02 -6.4547E-03
  2.5487E-03  4.5990E-15  2.7299E-03
 -6.6752E-03 -1.0597E-02 -6.4547E-03
 -1.9015E-13 -6.4225E-03  4.2316E-03
 -2.4778E-14  9.3696E-14  1.9553E-03
  7.3173E-14  6.4225E-03  4.2316E-03
  6.6752E-03  1.0597E-02 -6.4547E-03
 -2.5487E-03  4.2881E-13  2.7299E-03
  6.6752E-03 -1.0597E-02 -6.4547E-03
  4.6748E-03 -4.2685E-03  7.6615E-03
  5.9153E-03  9.5210E-14 -4.5462E-03
  4.6748E-03  4.2685E-03  7.6615E-03
 -1.6787E-13 -3.1148E-03 -9.4251E-03
  1.2615E-13  1.8652E-13  8.0445E-03
 -2.8230E-13  3.1148E-03 -9.4251E-03
 -4.6748E-03 -4.2685E-03  7.6615E-03
 -5.9153E-03 -1.7642E-14 -4.5462E-03
 -4.6748E-03  4.2685E-03  7.6615E-03
  4.2618E-04 -2.3701E-03  1.0592E-02
 -6.2927E-03  6.6691E-13 -5.0675E-03
  4.2618E-04  2.3701E-03  1.0592E-02
  6.2187E-13  5.4833E-03 -6.2844E-03
 -2.7238E-13  2.6919E-13 -3.9460E-03
  1.8627E-13 -5.4833E-03 -6.2844E-03
 -4.2618E-04 -2.3701E-03  1.0592E-02
  6.2927E-03 -1.5362E-13 -5.0675E-03
 -4.2618E-04  2.3701E-03  1.0592E-02
 -5.2858E-04 -8.2407E-05 -2.3099E-03
  4.9795E-04  1.6653E-13  1.7779E-03
 -5.2858E-04  8.2407E-05 -2.3099E-03
 -4.6020E-13  7.0950E-04  3.1177E-03
  3.2452E-13  1.0393E-13 -2.1620E-03
 -4.7314E-13 -7.0950E-04  3.1177E-03
  5.2858E-04 -8.2407E-05 -2.3099E-03
 -4.9795E-04  2.4311E-13  1.7779E-03
  5.2858E-04  8.2407E-05 -2.3099E-03
 -2.0486E-03  2.5176E-03 -1.1981E-02
 -4.5138E-03 -8.9352E-15  5.3725E-03
 -2.0486E-03 -2.5176E-03 -1.1981E-02
  3.8480E-13  1.6960E-03  6.6301E-03
 -2.1352E-13  3.0368E-13  3.8552E-03
  5.6616E-13 -1.6960E-03  6.6301E-03
  2.0486E-03  2.5176E-03 -1.1981E-02
  4.5138E-03  2.3032E-13  5.3725E-03
  2.0486E-03 -2.5176E-03 -1.1981E-02
  4.9502E-03 -5.9792E-03 -3.4183E-03
  7.8470E-03  3.7651E-13  1.9341E-03
  4.9502E-03  5.9792E-03 -3.4183E-03
 -3.1576E-13 -3.0975E-03  4.2234E-03
  1.2079E-13  2.3173E-13 -3.6050E-03
 -4.0227E-13  3.0975E-03  4.2234E-03
 -4.9502E-03 -5.9792E-03 -3.4183E-03
 -7.8470E-03  2.0839E-13  1.9341E-03
 -4.9502E-03  5.9792E-03 -3.4183E-03
 -4.6252E-03  9.1638E-03  1.0162E-02
 -1.4295E-03 -5.0783E-14 -4.4283E-03
 -4.6252E-03 -9.1638E-03  1.0162E-02
  1.2937E-13 -4.0238E-03 -5.5145E-03
 -1.4998E-13  2.1823E-14 -3.1139E-03
  1.1840E-13  4.0238E-03 -5.5145E-03
  4.6252E-03  9.1638E-03  1.0162E-02
  1.4295E-03  3.6676E-14 -4.4283E-03
  4.6252E-03 -9.1638E-03  1.0162E-02
 -1.6645E-03 -1.5197E-03  8.4263E-03
  1.3355E-03  1.0145E-14 -4.9102E-03
 -1.6645E-03  1.5197E-03  8.4263E-03
 -1.0455E-13  1.7296E-03 -1.1090E-02
  1.5813E-13  2.5000E-13  7.7185E-03
  2.2503E-13 -1.7296E-03 -1.1090E-02
  1.6645E-03 -1.5197E-03  8.4263E-03
 -1.3355E-03  4.3946E-13 -4.9102E-03
  1.6645E-03  1.5197E-03  8.4263E-03
  6.1171E-03 -6.8652E-03 -6.1154E-03
 -8.9712E-03 -1.4191E-13  2.6691E-03
  6.1171E-03  6.8652E-03 -6.1154E-03
 -2.2424E-13  7.7285E-03  4.9528E-03
  2.9396E-15  1.6028E-13  2.5708E-03
  7.3324E-14 -7.7285E-03  4.9528E-03
 -6.1171E-03 -6.8652E-03 -6.1154E-03
  8.9712E-03  3.8969E-13  2.6691E-03
 -6.1171E-03  6.8652E-03 -6.1154E-03
  1.0311E-03 -5.0682E-03 -1.2436E-02
  3.4918E-03  3.8579E-13  7.2669E-03
  1.0311E-03  5.0682E-03 -1.2436E-02
  2.7301E-13  9.7890E-04  1.4473E-02
 -2.0333E-13  1.0330E-13 -1.2631E-02
 -9.6455E-14 -9.7890E-04  1.4473E-02
 -1.0311E-03 -5.0682E-03 -1.2436E-02
 -3.4918E-03 -2.0170E-13  7.2669E-03
 -1.0311E-03  5.0682E-03 -1.2436E-02
 -1.6629E-03  1.3244E-02 -1.0785E-03
  1.5016E-03  3.1153E-13  2.1796E-03
 -1.6629E-03 -1.3244E-02 -1.0785E-03
 -1.1993E-13 -8.7525E-03  6.3666E-04
  2.1803E-13  2.8880E-14 -1.9056E-03
 -3.9685E-13  8.7525E-03  6.3666E-04
  1.6629E-03  1.3244E-02 -1.0785E-03
 -1.5016E-03 -1.9522E-13  2.1796E-03
  1.6629E-03 -1.3244E-02 -1.0785E-03
 -1.7173E-03 -8.8992E-03  1.0484E-02
 -1.6826E-03 -5.1133E-13 -3.1496E-03
 -1.7173E-03  8.8992E-03  1.0484E-02
  3.6230E-13  5.6004E-03 -1.2621E-02
 -4.2835E-14 -2.2867E-13  7.0951E-03
  6.0623E-13 -5.6004E-03 -1.2621E-02
  1.7173E-03 -8.8992E-03  1.0484E-02
  1.6826E-03  7.7223E-14 -3.1496E-03
  1.7173E-03  8.8992E-03  1.0484E-02
   4.9344E-01
  0.0000E+00  0.0000E+00  0.0000E+00
  0.0000E+00  0.0000E+00  0.0000E+00
  0.0000E+00  0.0000E+00  0.0000E+00
  0.0000E+00  0.0000E+00  0.0000E+00
  0.0000E+00  0.0000E+00  0.0000E+00
  0.0000E+00  0.0000E+00  0.0000E+00
  0.0000E+00  0.0000E+00  0.0000E+00
  0.0000E+00  0.0000E+00  0.0000E+00
  0.0000E+00  0.0000E+00  0.0000E+00
  3.4020E-03 -7.5159E-03  4.2093E-03
 -5.6775E-03 -4.2371E-13 -4.4725E-03
  3.4020E-03  7.5159E-03  4.2093E-03
  4.4455E-03  4.5432E-14  1.4282E-12
 -2.2881E-03 -1.0724E-13 -1.0350E-12
  4.4455E-03  1.4014E-13  1.5455E-12
  3.4020E-03  7.5159E-03 -4.2093E-03
 -5.6775E-03  2.7473E-13  4.4725E-03
  3.4020E-03 -7.5159E-03 -4.2093E-03
 -6.1652E-03  1.2863E-02  2.6687E-03
  1.0140E-02  8.9684E-14 -3.4734E-03
 -6.1652E-03 -1.2863E-02  2.6687E-03
 -7.3578E-03 -1.1340E-12  2.4198E-13
  3.5520E-03 -4.7140E-15 -1.5901E-13
 -7.3578E-03  1.1168E-12  3.9536E-13
 -6.1652E-03 -1.2863E-02 -2.6687E-03
  1.0140E-02 -2.1745E-13  3.4734E-03
 -6.1652E-03  1.2863E-02 -2.6687E-03
  4.6233E-03 -1.1990E-02 -6.4497E-03
 -7.6472E-03 -6.5707E-14  8.0368E-03
  4.6233E-03  1.1990E-02 -6.4497E-03
  8.6046E-03  2.0221E-13 -4.4221E-13
 -5.5647E-03 -1.2786E-13  2.1004E-13
  8.6046E-03 -8.1191E-14 -7.9713E-13
  4.6233E-03  1.1990E-02  6.4497E-03
 -7.6472E-03 -3.4548E-14 -8.0368E-03
  4.6233E-03 -1.1990E-02  6.4497E-03
 -3.6224E-03  1.1108E-02 -1.0436E-03
  5.7038E-03 -4.3844E-13  8.5032E-05
 -3.6224E-03 -1.1108E-02 -1.0436E-03
 -9.1864E-03 -5.4993E-15 -2.9669E-14
  6.8601E-03 -1.7793E-13 -3.2095E-13
 -9.1864E-03  5.0827E-13  1.5247E-13
 -3.6224E-03 -1.1108E-02  1.0436E-03
  5.7038E-03  8.0349E-14 -8.5032E-05
 -3.6224E-03  1.1108E-02  1.0436E-03
  6.3944E-03 -1.4514E-02  6.4561E-03
 -9.5891E-03  1.2539E-13 -6.7662E-03
  6.3944E-03  1.4514E-02  6.4561E-03
  9.8223E-03  3.6439E-13 -5.2197E-14
 -6.3389E-03  3.2124E-14  1.5128E-13
  9.8223E-03 -5.4697E-13  1.9622E-14
  6.3944E-03  1.4514E-02 -6.4561E-03
 -9.5891E-03 -8.0490E-14  6.7662E-03
  6.3944E-03 -1.4514E-02 -6.4561E-03
 -8.1063E-03  1.6348E-02  3.2200E-05
  1.2300E-02  2.4436E-13  9.5807E-04
 -8.1063E-03 -1.6348E-02  3.2200E-05
 -9.6719E-03 -1.3144E-13 -3.4710E-14
  5.3067E-03  2.6893E-14  5.0900E-13
 -9.6719E-03  6.3339E-14 -3.0285E-13
 -8.1063E-03 -1.6348E-02 -3.2200E-05
  1.2300E-02 -2.1165E-13 -9.5807E-04
 -8.1063E-03  1.6348E-02 -3.2200E-05
  4.8109E-03 -1.1605E-02 -5.9483E-03
 -7.7586E-03  5.8488E-14  4.8983E-03
  4.8109E-03  1.1605E-02 -5.9483E-03
  7.9719E-03  6.6635E-13  5.2522E-13
 -4.9808E-03  7.3914E-14 -7.7433E-13
  7.9719E-03 -6.8012E-13  6.8455E-13
  4.8109E-03  1.1605E-02  5.9483E-03
 -7.7586E-03  1.1372E-13 -4.8983E-03
  4.8109E-03 -1.1605E-02  5.9483E-03
 -9.8408E-04  5.6369E-03 -3.8080E-04
  2.2639E-03  3.7288E-14  1.3541E-03
 -9.8408E-04 -5.6369E-03 -3.8080E-04
 -5.5232E-03 -1.3864E-12  3.1835E-13
  4.2903E-03  5.4221E-14 -2.9462E-13
 -5.5232E-03  1.1575E-12  3.0197E-13
 -9.8408E-04 -5.6369E-03  3.8080E-04
  2.2639E-03  1.0716E-13 -1.3541E-03
 -9.8408E-04  5.6369E-03  3.8080E-04
  1.4124E-03 -4.3066E-03  7.9301E-03
 -2.6915E-03 -2.0057E-15 -8.5795E-03
  1.4124E-03  4.3066E-03  7.9301E-03
  3.2779E-03  2.2605E-13 -1.0553E-12
 -2.0932E-03 -6.7065E-14  1.0284E-12
  3.2779E-03  2.5929E-15 -1.0266E-12
  1.4124E-03  4.3066E-03 -7.9301E-03
 -2.6915E-03 -3.0405E-13  8.5795E-03
  1.4124E-03 -4.3066E-03 -7.9301E-03
 -2.5164E-03  3.3580E-03 -3.3480E-03
  3.7558E-03 -6.8764E-14  3.4182E-03
 -2.5164E-03 -3.3580E-03 -3.3480E-03
 -7.7922E-04  4.4850E-13 -3.7880E-13
 -4.2421E-04 -1.3260E-13  2.2432E-13
 -7.7922E-04 -2.4427E-13 -3.5521E-13
 -2.5164E-03 -3.3580E-03  3.3480E-03
  3.7558E-03  1.1520E-14 -3.4182E-03
 -2.5164E-03  3.3580E-03  3.3480E-03
 -7.0996E-04  2.9879E-03 -4.4150E-03
  1.6450E-03 -4.7476E-13  4.3476E-03
 -7.0996E-04 -2.9879E-03 -4.4150E-03
 -2.5588E-03  5.6815E-13  8.9605E-13
  1.7343E-03 -1.9191E-13 -9.7019E-13
 -2.5588E-03 -2.8054E-13  1.0310E-12
 -7.0996E-04 -2.9879E-03  4.4150E-03
  1.6450E-03  1.0925E-13 -4.3476E-03
 -7.0996E-04  2.9879E-03  4.4150E-03
  5.1809E-03 -1.0437E-02  1.1188E-03
 -8.5010E-03 -1.1841E-13 -7.2617E-05
  5.1809E-03  1.0437E-02  1.1188E-03
  5.7892E-03 -4.4171E-13  4.7514E-13
 -2.6187E-03 -7.4357E-14 -3.5035E-13
  5.7892E-03  5.5587E-13  4.3591E-13
  5.1809E-03  1.0437E-02 -1.1188E-03
 -8.5010E-03 -1.7270E-13  7.2617E-05
  5.1809E-03 -1.0437E-02 -1.1188E-03
 -5.3937E-03  1.1957E-02  6.2467E-03
  8.5334E-03  5.3499E-15 -8.0727E-03
 -5.3937E-03 -1.1957E-02  6.2467E-03
 -7.6562E-03  1.3714E-13 -2.0297E-14
  4.4715E-03 -2.1555E-13  5.1182E-13
 -7.6562E-03  2.1195E-13 -3.6472E-13
 -5.3937E-03 -1.1957E-02 -6.2467E-03
  8.5334E-03 -1.6475E-13  8.0727E-03
 -5.3937E-03  1.1957E-02 -6.2467E-03
  3.5258E-03 -1.0393E-02 -3.0654E-03
 -5.3551E-03 -2.6684E-13  4.1895E-03
  3.5258E-03  1.0393E-02 -3.0654E-03
  8.5394E-03  4.4335E-13 -9.2862E-13
 -6.4189E-03 -1.6545E-13  3.2979E-13
  8.5394E-03  2.9010E-14 -5.0716E-13
  3.5258E-03  1.0393E-02  3.0654E-03
 -5.3551E-03 -1.4696E-13 -4.1895E-03
  3.5258E-03 -1.0393E-02  3.0654E-03
 -4.9958E-03  1.2708E-02 -5.1396E-03
  7.4942E-03  3.4961E-14  5.5791E-03
 -4.9958E-03 -1.2708E-02 -5.1396E-03
 -9.5032E-03  3.1623E-14 -1.7119E-13
  6.6898E-03 -1.5380E-14  1.1886E-13
 -9.5032E-03 -2.5373E-13 -2.0758E-13
 -4.9958E-03 -1.2708E-02  5.1396E-03
  7.4942E-03 -2.7258E-14 -5.5791E-03
 -4.9958E-03  1.2708E-02  5.1396E-03
  7.9739E-03 -1.6635E-02  3.1915E-03
 -1.2295E-02 -6.9345E-15 -4.3934E-03
  7.9739E-03  1.6635E-02  3.1915E-03
  1.0173E-02  5.9961E-13  5.1091E-13
 -5.7288E-03 -1.7837E-13 -4.9982E-13
  1.0173E-02 -2.2216E-13  2.1693E-13
  7.9739E-03  1.6635E-02 -3.1915E-03
 -1.2295E-02 -3.1295E-13  4.3934E-03
  7.9739E-03 -1.6635E-02 -3.1915E-03
 -6.7155E-03  1.4776E-02  4.8472E-03
  1.0832E-02  1.0177E-13 -4.0362E-03
 -6.7155E-03 -1.4776E-02  4.8472E-03
 -9.3416E-03 -7.5113E-13  4.0131E-13
  5.2685E-03 -1.1410E-13  1.1030E-14
 -9.3416E-03  1.0230E-12  6.0774E-13
 -6.7155E-03 -1.4776E-02 -4.8472E-03
  1.0832E-02 -2.7694E-13  4.0362E-03
 -6.7155E-03  1.4776E-02 -4.8472E-03
  2.5120E-03 -8.4304E-03 -3.0481E-03
 -4.6041E-03 -2.7574E-13  2.7438E-03
  2.5120E-03  8.4304E-03 -3.0481E-03
  7.1377E-03  6.3198E-13  1.6361E-14
 -5.1108E-03 -7.2900E-14  1.7491E-13
  7.1377E-03 -5.6635E-13 -9.1558E-14
  2.5120E-03  8.4304E-03  3.0481E-03
 -4.6041E-03  1.4282E-13 -2.7438E-03
  2.5120E-03 -8.4304E-03  3.0481E-03
 -1.7078E-03  5.2521E-03 -6.3660E-03
  2.8694E-03 -2.2077E-13  6.6145E-03
 -1.7078E-03 -5.2521E-03 -6.3660E-03
 -4.6536E-03 -4.8473E-13 -2.5644E-13
  3.5179E-03 -2.1350E-14 -1.6748E-13
 -4.6536E-03  5.2702E-13 -1.6681E-13
 -1.7078E-03 -5.2521E-03  6.3660E-03
  2.8694E-03  1.4009E-13 -6.6145E-03
 -1.7078E-03  5.2521E-03  6.3660E-03
  5.2901E-03 -5.3451E-03  7.1553E-03
 -6.7714E-03  3.6403E-13 -7.4685E-03
  5.2901E-03  5.3451E-03  7.1553E-03
  1.0542E-03  9.0580E-13 -2.4984E-13
  4.1774E-04  1.6360E-13 -4.3706E-13
  1.0542E-03 -1.1827E-12 -4.6204E-13
  5.2901E-03  5.3451E-03 -7.1553E-03
 -6.7714E-03 -5.5937E-14  7.4685E-03
  5.2901E-03 -5.3451E-03 -7.1553E-03
   4.9562E-01
  0.0000E+00  0.0000E+00  0.0000E+00
  0.0000E+00  0.0000E+00  0.0000E+00
  0.0000E+00  0.0000E+00  0.0000E+00
  0.0000E+00  0.0000E+00  0.0000E+00
  0.0000E+00  0.0000E+00  0.0000E+00
  0.0000E+00  0.0000E+00  0.0000E+00
  0.0000E+00  0.0000E+00  0.0000E+00
  0.0000E+00  0.0000E+00  0.0000E+00
  0.0000E+00  0.0000E+00  0.0000E+00
  2.1933E-03 -3.4958E-03 -8.2417E-03
  1.9787E-16  1.5457E-03 -7.1124E-17
 -2.1933E-03 -3.4958E-03  8.2417E-03
  4.1525E-17 -1.6232E-03 -7.9905E-03
 -6.2423E-17  3.0400E-03 -4.4756E-16
  5.9414E-17 -1.6232E-03  7.9905E-03
 -2.1933E-03 -3.4958E-03 -8.2417E-03
 -3.6603E-16  1.5457E-03 -4.8052E-16
  2.1933E-03 -3.4958E-03  8.2417E-03
 -2.0502E-03 -1.9427E-03  9.7748E-03
 -2.5847E-16  2.5213E-03  2.6736E-16
  2.0502E-03 -1.9427E-03 -9.7748E-03
 -1.8540E-16 -3.0275E-03  8.1960E-03
  1.1167E-16  9.6340E-04  9.1507E-17
 -2.1597E-16 -3.0275E-03 -8.1960E-03
  2.0502E-03 -1.9427E-03  9.7748E-03
  4.3195E-16  2.5213E-03  2.1901E-16
 -2.0502E-03 -1.9427E-03 -9.7748E-03
  1.4359E-03  6.2091E-03 -2.9476E-03
  1.2056E-16 -4.5178E-03  1.3618E-16
 -1.4359E-03  6.2091E-03  2.9476E-03
  3.8641E-16  5.3234E-03 -3.8219E-03
 -1.5374E-16 -3.8841E-03  2.3852E-16
  2.4850E-16  5.3234E-03  3.8219E-03
 -1.4359E-03  6.2091E-03 -2.9476E-03
 -6.8728E-16 -4.5178E-03  4.7792E-16
  1.4359E-03  6.2091E-03  2.9476E-03
 -1.7836E-04 -6.0815E-03 -6.3235E-03
  2.3419E-16  2.8320E-03 -2.9002E-16
  1.7836E-04 -6.0815E-03  6.3235E-03
 -3.6733E-16 -4.0081E-03 -2.9336E-03
  1.3921E-16  4.4774E-03 -3.0531E-16
 -3.4521E-16 -4.0081E-03  2.9336E-03
  1.7836E-04 -6.0815E-03 -6.3235E-03
  6.6266E-16  2.8320E-03 -1.7217E-16
 -1.7836E-04 -6.0815E-03  6.3235E-03
 -1.8530E-03  2.0562E-03  1.0206E-02
 -3.1919E-16  1.9566E-03  1.0582E-16
  1.8530E-03  2.0562E-03 -1.0206E-02
  2.9230E-16 -1.1549E-03  8.0223E-03
 -2.1814E-16 -2.3361E-03 -1.3466E-16
  3.8945E-16 -1.1549E-03 -8.0223E-03
  1.8530E-03  2.0562E-03  1.0206E-02
 -4.8659E-16  1.9566E-03 -6.1149E-16
 -1.8530E-03  2.0562E-03 -1.0206E-02
  3.8323E-03  2.5585E-03 -6.7402E-03
  2.6021E-17 -6.6886E-03  1.1709E-17
 -3.8323E-03  2.5585E-03  6.7402E-03
 -2.4113E-16  7.1361E-03 -6.8524E-03
  3.0314E-16 -9.7025E-04  5.4188E-16
 -3.5215E-16  7.1361E-03  6.8524E-03
 -3.8323E-03  2.5585E-03 -6.7402E-03
  3.6473E-16 -6.6886E-03  4.1460E-16
  3.8323E-03  2.5585E-03  6.7402E-03
 -3.8381E-03 -4.7325E-03 -9.9658E-04
 -2.6455E-16  7.6089E-03 -4.5103E-17
  3.8381E-03 -4.7325E-03  9.9658E-04
  2.1597E-16 -8.6716E-03 -9.1479E-05
 -2.9664E-16  2.7669E-03 -2.8374E-16
  4.1980E-16 -8.6716E-03  9.1479E-05
  3.8381E-03 -4.7325E-03 -9.9658E-04
 -1.2490E-16  7.6089E-03  5.2996E-16
 -3.8381E-03 -4.7325E-03  9.9658E-04
  1.3238E-03  3.2245E-03  8.5562E-03
  6.4185E-16 -3.5394E-03  2.1597E-16
 -1.3238E-03  3.2245E-03 -8.5562E-03
 -4.6838E-16  3.9017E-03  6.2871E-03
  2.1727E-16 -1.8448E-03 -3.7925E-16
 -3.3133E-16  3.9017E-03 -6.2871E-03
 -1.3238E-03  3.2245E-03  8.5562E-03
  2.9404E-16 -3.5394E-03 -4.4929E-16
  1.3238E-03  3.2245E-03 -8.5562E-03
  1.8877E-03  8.9529E-04 -1.0766E-02
 -4.7184E-16 -2.9505E-03 -2.7582E-16
 -1.8877E-03  8.9529E-04  1.0766E-02
  4.3368E-16  3.3421E-03 -6.6476E-03
 -1.6653E-16 -4.3731E-04  4.8795E-16
  3.3307E-16  3.3421E-03  6.6476E-03
 -1.8877E-03  8.9529E-04 -1.0766E-02
 -5.3083E-16 -2.9505E-03 -4.2110E-16
  1.8877E-03  8.9529E-04  1.0766E-02
 -3.8938E-03 -4.3024E-03  4.6853E-03
  1.5092E-16  7.6796E-03 -7.3292E-17
  3.8938E-03 -4.3024E-03 -4.6853E-03
 -2.6715E-16 -8.0945E-03  2.1847E-03
  1.3314E-16  1.9149E-03  3.1941E-16
 -2.5761E-16 -8.0945E-03 -2.1847E-03
  3.8938E-03 -4.3024E-03  4.6853E-03
  4.3693E-16  7.6796E-03  2.8796E-16
 -3.8938E-03 -4.3024E-03 -4.6853E-03
  4.1772E-03  3.8143E-03  5.3877E-03
 -2.4373E-16 -7.8449E-03  2.9837E-16
 -4.1772E-03  3.8143E-03 -5.3877E-03
  7.5460E-17  8.1654E-03  3.4989E-03
 -1.1189E-16 -1.4856E-03 -5.7262E-16
  1.3704E-16  8.1654E-03 -3.4989E-03
 -4.1772E-03  3.8143E-03  5.3877E-03
  7.3032E-16 -7.8449E-03  1.0460E-15
  4.1772E-03  3.8143E-03 -5.3877E-03
 -2.6869E-03  2.9740E-04 -1.0801E-02
  2.8103E-16  3.5120E-03 -6.7654E-17
  2.6869E-03  2.9740E-04  1.0801E-02
  4.5970E-17 -3.6642E-03 -7.2142E-03
  1.6480E-17 -6.4645E-04 -1.3791E-16
 -5.2909E-17 -3.6642E-03  7.2142E-03
  2.6869E-03  2.9740E-04 -1.0801E-02
 -4.2154E-16  3.5120E-03 -1.2100E-15
 -2.6869E-03  2.9740E-04  1.0801E-02
 -1.6819E-04 -4.4866E-03  7.8125E-03
 -3.1919E-16  2.4891E-03  1.0842E-17
  1.6819E-04 -4.4866E-03 -7.8125E-03
 -5.1174E-17 -3.1193E-03  5.8289E-03
 -1.8648E-17  3.0848E-03  5.6671E-16
  8.1532E-17 -3.1193E-03 -5.8289E-03
  1.6819E-04 -4.4866E-03  7.8125E-03
  4.6924E-16  2.4891E-03  8.7170E-17
 -1.6819E-04 -4.4866E-03 -7.8125E-03
  2.6112E-03  5.4673E-03 -1.0701E-05
  2.2985E-16 -6.1727E-03  1.7477E-16
 -2.6112E-03  5.4673E-03  1.0701E-05
 -6.9389E-18  7.4012E-03  1.0204E-03
 -3.3827E-17 -3.6505E-03 -2.5148E-16
  6.9389E-17  7.4012E-03 -1.0204E-03
 -2.6112E-03  5.4673E-03 -1.0701E-05
 -3.3437E-16 -6.1727E-03  1.6805E-16
  2.6112E-03  5.4673E-03  1.0701E-05
 -2.9316E-03 -2.5475E-03 -7.1876E-03
 -1.1623E-16  5.2980E-03 -1.3509E-16
  2.9316E-03 -2.5475E-03  7.1876E-03
  7.5027E-17 -5.7439E-03 -7.8747E-03
  2.2985E-17  1.2439E-03 -3.8771E-16
 -1.2880E-16 -5.7439E-03  7.8747E-03
  2.9316E-03 -2.5475E-03 -7.1876E-03
  1.5873E-16  5.2980E-03 -1.3292E-16
 -2.9316E-03 -2.5475E-03  7.1876E-03
  1.6837E-03 -2.5837E-03  9.6636E-03
  1.3531E-16 -1.2450E-03 -2.0340E-16
 -1.6837E-03 -2.5837E-03 -9.6636E-03
 -2.1250E-17  2.9379E-04  8.3887E-03
 -1.2143E-17  2.5700E-03  4.1243E-16
  2.9490E-17  2.9379E-04 -8.3887E-03
 -1.6837E-03 -2.5837E-03  9.6636E-03
 -1.8301E-16 -1.2450E-03 -2.0470E-16
  1.6837E-03 -2.5837E-03 -9.6636E-03
 -6.2491E-04  6.6652E-03 -5.0287E-03
 -4.9440E-16 -2.3841E-03  2.4113E-16
  6.2491E-04  6.6652E-03  5.0287E-03
  1.0538E-16  3.8251E-03 -2.6285E-03
  3.0141E-17 -4.8784E-03  1.4984E-16
 -1.3661E-16  3.8251E-03  2.6285E-03
  6.2491E-04  6.6652E-03 -5.0287E-03
  5.5685E-16 -2.3841E-03  1.6263E-16
 -6.2491E-04  6.6652E-03  5.0287E-03
  2.8813E-04 -6.4532E-03 -4.1884E-03
  2.5370E-16  2.8836E-03  2.1337E-16
 -2.8813E-04 -6.4532E-03  4.1884E-03
  3.6104E-17 -4.1202E-03 -4.3623E-03
  7.0474E-19  4.0130E-03 -6.0368E-16
 -1.7347E-18 -4.1202E-03  4.3623E-03
 -2.8813E-04 -6.4532E-03 -4.1884E-03
 -3.5540E-16  2.8836E-03  1.7434E-16
  2.8813E-04 -6.4532E-03  4.1884E-03
 -6.1594E-04  2.3101E-03  1.0124E-02
 -2.3506E-16 -6.7487E-04  5.0524E-17
  6.1594E-04  2.3101E-03 -1.0124E-02
  7.4224E-16  2.3362E-03  8.1446E-03
 -8.7414E-18 -1.1852E-03 -5.7029E-17
 -7.4051E-16  2.3362E-03 -8.1446E-03
  6.1594E-04  2.3101E-03  1.0124E-02
  1.4734E-16 -6.7487E-04  3.1754E-17
 -6.1594E-04  2.3101E-03 -1.0124E-02
 -3.2721E-03  1.2443E-02 -8.6669E-03
  8.7604E-17 -1.1171E-02  1.4919E-16
  3.2721E-03  1.2443E-02  8.6669E-03
 -5.3603E-16  1.0233E-02 -1.1505E-02
  1.2143E-17 -1.3716E-02  1.8995E-16
  5.0524E-16  1.0233E-02  1.1505E-02
  3.2721E-03  1.2443E-02 -8.6669E-03
 -1.2143E-16 -1.1171E-02  1.9776E-16
 -3.2721E-03  1.2443E-02  8.6669E-03
   4.9671E-01
  0.0000E+00  0.0000E+00  0.0000E+00
  0.0000E+00  0.0000E+00  0.0000E+00
  0.0000E+00  0.0000E+00  0.0000E+00
  0.0000E+00  0.0000E+00  0.0000E+00
  0.0000E+00  0.0000E+00  0.0000E+00
  0.0000E+00  0.0000E+00  0.0000E+00
  0.0000E+00  0.0000E+00  0.0000E+00
  0.0000E+00  0.0000E+00  0.0000E+00
  0.0000E+00  0.0000E+00  0.0000E+00
  2.1238E-04  3.2302E-03  1.4901E-02
  2.6801E-16 -3.2826E-03 -5.1188E-16
 -2.1238E-04  3.2302E-03 -1.4901E-02
 -2.2034E-04 -8.1944E-16 -1.6237E-15
  1.3661E-17  3.3299E-16  1.9342E-16
  2.2034E-04 -2.7636E-16 -7.0256E-17
  2.1238E-04 -3.2302E-03 -1.4901E-02
 -1.2029E-16  3.2826E-03 -7.7542E-16
 -2.1238E-04 -3.2302E-03  1.4901E-02
 -2.8231E-03  5.0303E-03 -1.3650E-02
 -5.6812E-16 -2.0947E-03 -3.4608E-16
  2.8231E-03  5.0303E-03  1.3650E-02
 -3.0551E-04  5.6205E-16  6.6935E-16
 -3.0141E-17  2.1280E-16  6.1539E-16
  3.0551E-04 -3.4521E-16 -1.9236E-15
 -2.8231E-03 -5.0303E-03  1.3650E-02
  2.3939E-16  2.0947E-03 -5.3690E-16
  2.8231E-03 -5.0303E-03 -1.3650E-02
  4.8530E-03 -7.5468E-03 -7.8374E-04
 -4.1612E-16  3.3492E-03  2.4609E-16
 -4.8530E-03 -7.5468E-03  7.8374E-04
 -3.3736E-04  1.1794E-15 -1.0495E-16
  7.1991E-17 -7.1462E-16 -3.3654E-16
  3.3736E-04  1.2317E-16  1.4689E-15
  4.8530E-03  7.5468E-03  7.8374E-04
  5.5945E-16 -3.3492E-03  7.0256E-16
 -4.8530E-03  7.5468E-03 -7.8374E-04
 -2.2196E-03  3.6518E-03  1.4412E-02
  4.0679E-16 -1.6693E-03  6.7286E-16
  2.2196E-03  3.6518E-03 -1.4412E-02
  9.1525E-05 -1.0565E-15  2.5370E-16
 -1.3054E-16  7.1883E-16 -6.0542E-16
 -9.1525E-05 -2.7745E-16  1.6761E-15
 -2.2196E-03 -3.6518E-03 -1.4412E-02
 -4.4582E-16  1.6693E-03  6.4857E-16
  2.2196E-03 -3.6518E-03  1.4412E-02
 -2.2943E-03  3.8128E-03 -1.3983E-02
  3.7557E-16 -1.9497E-03 -1.6740E-16
  2.2943E-03  3.8128E-03  1.3983E-02
  2.6143E-04 -8.8438E-16  7.7217E-16
  1.1015E-16 -2.4790E-16  3.0325E-16
 -2.6143E-04  3.3361E-16 -2.0127E-15
 -2.2943E-03 -3.8128E-03  1.3983E-02
 -1.6306E-16  1.9497E-03 -6.0542E-16
  2.2943E-03 -3.8128E-03 -1.3983E-02
  4.5363E-03 -7.4291E-03 -5.1749E-05
 -2.2118E-16  3.6783E-03 -8.1792E-16
 -4.5363E-03 -7.4291E-03  5.1749E-05
 -4.6187E-04  1.1648E-15 -1.6992E-15
 -6.7654E-17 -2.6567E-16  6.4754E-16
  4.6187E-04  5.8660E-16 -1.9559E-16
  4.5363E-03  7.4291E-03  5.1749E-05
 -3.0705E-16 -3.6783E-03 -5.5414E-16
 -4.5363E-03  7.4291E-03 -5.1749E-05
 -2.3207E-03  3.8078E-03  1.4049E-02
 -6.2797E-16 -1.8862E-03 -4.1633E-17
  2.3207E-03  3.8078E-03 -1.4049E-02
  2.3336E-04 -8.4568E-18  1.9066E-16
  5.3776E-17  4.8503E-16 -3.8245E-16
 -2.3336E-04 -1.2850E-15  3.5887E-16
 -2.3207E-03 -3.8078E-03 -1.4049E-02
  1.1015E-15  1.8862E-03  2.7452E-16
  2.3207E-03 -3.8078E-03  1.4049E-02
 -2.1638E-03  3.5393E-03 -1.4402E-02
  4.3195E-16 -1.7295E-03  8.3093E-16
  2.1638E-03  3.5393E-03  1.4402E-02
  2.0267E-04 -4.4886E-17  1.3808E-15
 -7.8063E-17 -4.4015E-16 -3.5898E-16
 -2.0267E-04  3.7774E-16  4.2327E-16
 -2.1638E-03 -3.5393E-03  1.4402E-02
 -4.8572E-16  1.7295E-03  5.3668E-16
  2.1638E-03 -3.5393E-03 -1.4402E-02
  4.5552E-03 -7.4537E-03  7.6621E-04
 -9.3675E-17  3.6558E-03  2.2524E-16
 -4.5552E-03 -7.4537E-03 -7.6621E-04
 -4.3666E-04  3.0358E-17 -7.5450E-16
  5.4644E-17  2.1982E-16  1.7819E-16
  4.3666E-04  6.3751E-16  9.7285E-16
  4.5552E-03  7.4537E-03 -7.6621E-04
  1.7347E-17 -3.6558E-03 -1.1276E-17
 -4.5552E-03  7.4537E-03  7.6621E-04
 -2.5218E-03  4.1290E-03  1.3612E-02
  6.9909E-16 -2.0300E-03 -7.7455E-16
  2.5218E-03  4.1290E-03 -1.3612E-02
  2.4452E-04 -1.2993E-15  1.3965E-16
  1.5613E-17  1.2272E-16  2.4460E-16
 -2.4452E-04 -7.7629E-16 -1.5994E-15
 -2.5218E-03 -4.1290E-03 -1.3612E-02
 -7.4940E-16  2.0300E-03 -4.5255E-16
  2.5218E-03 -4.1290E-03  1.3612E-02
 -1.9650E-03  3.2130E-03 -1.4763E-02
 -8.9685E-16 -1.5657E-03 -4.5233E-16
  1.9650E-03  3.2130E-03  1.4763E-02
  1.8116E-04  1.8927E-15 -3.3654E-16
 -4.4235E-17 -3.4672E-16  1.4566E-16
 -1.8116E-04  9.4900E-16 -5.1890E-16
 -1.9650E-03 -3.2130E-03  1.4763E-02
  8.7257E-16  1.5657E-03 -3.1919E-16
  1.9650E-03 -3.2130E-03 -1.4763E-02
  4.5560E-03 -7.4429E-03  1.5659E-03
  3.8684E-16  3.6270E-03  5.7593E-16
 -4.5560E-03 -7.4429E-03 -1.5659E-03
 -4.2294E-04 -3.1014E-16 -8.3961E-16
  1.9949E-17  1.4262E-16 -4.3043E-17
  4.2294E-04 -9.9188E-16  1.5617E-15
  4.5560E-03  7.4429E-03 -1.5659E-03
 -1.0235E-16 -3.6270E-03  6.4792E-16
 -4.5560E-03  7.4429E-03  1.5659E-03
 -2.7405E-03  4.4776E-03  1.3160E-02
 -5.7940E-16 -2.1509E-03  7.4636E-16
  2.7405E-03  4.4776E-03 -1.3160E-02
  2.2763E-04 -7.5287E-16  1.9233E-15
 -6.9389E-17  3.4717E-16 -4.1411E-16
 -2.2763E-04 -5.4058E-16 -2.2660E-17
 -2.7405E-03 -4.4776E-03 -1.3160E-02
  1.3704E-16  2.1509E-03  1.9364E-16
  2.7405E-03 -4.4776E-03  1.3160E-02
 -1.6701E-03  2.8087E-03 -1.5117E-02
  8.7777E-16 -1.4866E-03 -1.4789E-16
  1.6701E-03  2.8087E-03  1.5117E-02
  2.1674E-04  9.1003E-16  1.2967E-16
  1.3704E-16 -4.3048E-16 -3.0927E-17
 -2.1674E-04  1.8847E-15  1.9949E-17
 -1.6701E-03 -2.8087E-03  1.5117E-02
 -7.9971E-16  1.4866E-03 -1.2230E-16
  1.6701E-03 -2.8087E-03 -1.5117E-02
  4.3987E-03 -7.1735E-03  2.4156E-03
 -7.7293E-16  3.6916E-03 -3.0824E-16
 -4.3987E-03 -7.1735E-03 -2.4156E-03
 -5.8654E-04 -1.0695E-15 -1.8037E-15
 -1.3878E-16  8.1484E-17  2.4850E-16
  5.8654E-04 -1.1419E-15  8.3527E-16
  4.3987E-03  7.1735E-03 -2.4156E-03
  3.7470E-16 -3.6916E-03  1.3672E-16
 -4.3987E-03  7.1735E-03  2.4156E-03
 -2.4974E-03  4.5851E-03  1.2554E-02
  7.4506E-16 -2.7350E-03 -6.8522E-17
  2.4974E-03  4.5851E-03 -1.2554E-02
  4.2627E-04  1.2750E-16  9.2070E-16
  1.1753E-16  5.0768E-16 -1.1839E-16
 -4.2627E-04 -1.1623E-16 -1.6619E-15
 -2.4974E-03 -4.5851E-03 -1.2554E-02
 -6.2450E-17  2.7350E-03 -1.5526E-16
  2.4974E-03 -4.5851E-03  1.2554E-02
 -1.8335E-03  3.6415E-03 -1.5228E-02
 -8.6476E-16 -1.2375E-03  2.2866E-16
  1.8335E-03  3.6415E-03  1.5228E-02
 -6.6258E-04  9.3935E-16  1.9776E-16
 -1.2273E-16 -7.3962E-16 -6.5269E-17
  6.6258E-04  4.8486E-16  4.2934E-16
 -1.8335E-03 -3.6415E-03  1.5228E-02
  3.8684E-16  1.2375E-03 -2.2638E-16
  1.8335E-03 -3.6415E-03 -1.5228E-02
  6.4818E-03 -6.9802E-03  2.6818E-03
  1.5927E-16  1.0335E-03  4.6577E-16
 -6.4818E-03 -6.9802E-03 -2.6818E-03
 -2.1104E-04 -3.4507E-16 -7.1991E-17
  1.5753E-16  4.8074E-16 -2.6671E-16
  2.1104E-04 -8.3215E-16  1.5613E-15
  6.4818E-03  6.9802E-03 -2.6818E-03
 -1.6480E-17 -1.0335E-03  5.4661E-16
 -6.4818E-03  6.9802E-03  2.6818E-03
 -1.9264E-03  1.1722E-02  1.3015E-02
  1.6914E-17 -4.7865E-03  9.5410E-18
  1.9264E-03  1.1722E-02 -1.3015E-02
 -5.3438E-03 -7.5027E-17  1.1011E-15
 -1.3360E-16 -5.6126E-17 -5.1174E-17
  5.3438E-03  1.1050E-15 -9.1246E-16
 -1.9264E-03 -1.1722E-02 -1.3015E-02
 -3.8424E-16  4.7865E-03  4.6772E-16
  1.9264E-03 -1.1722E-02  1.3015E-02
  3.8473E-03  1.4752E-02 -2.1302E-02
  1.7087E-16 -2.1538E-02 -3.4261E-16
 -3.8473E-03  1.4752E-02  2.1302E-02
  3.2257E-03  1.6224E-15 -2.4052E-15
  6.1583E-17 -2.1643E-15 -1.0018E-16
 -3.2257E-03  7.2772E-16  9.8446E-16
  3.8473E-03 -1.4752E-02  2.1302E-02
  3.5432E-16  2.1538E-02 -4.8702E-16
 -3.8473E-03 -1.4752E-02 -2.1302E-02
   4.9803E-01
  0.0000E+00  0.0000E+00  0.0000E+00
  0.0000E+00  0.0000E+00  0.0000E+00
  0.0000E+00  0.0000E+00  0.0000E+00
  0.0000E+00  0.0000E+00  0.0000E+00
  0.0000E+00  0.0000E+00  0.0000E+00
  0.0000E+00  0.0000E+00  0.0000E+00
  0.0000E+00  0.0000E+00  0.0000E+00
  0.0000E+00  0.0000E+00  0.0000E+00
  0.0000E+00  0.0000E+00  0.0000E+00
 -3.4571E-03  4.1823E-03  1.2939E-02
 -2.4622E-03  2.4103E-16 -3.1722E-03
 -3.4571E-03 -4.1823E-03  1.2939E-02
  1.0089E-16  7.6323E-05 -7.9281E-03
 -7.0202E-17  4.1368E-17  7.8745E-03
  9.4597E-17 -7.6323E-05 -7.9281E-03
  3.4571E-03  4.1823E-03  1.2939E-02
  2.4622E-03 -5.3641E-17 -3.1722E-03
  3.4571E-03 -4.1823E-03  1.2939E-02
  1.0620E-02 -1.2587E-02  5.6269E-04
  2.3132E-03  3.6909E-17 -7.2817E-03
  1.0620E-02  1.2587E-02  5.6269E-04
 -1.1894E-16  2.4487E-03 -5.5174E-03
 -4.9568E-17  7.6067E-17  4.5989E-03
 -1.2441E-16 -2.4487E-03 -5.5174E-03
 -1.0620E-02 -1.2587E-02  5.6269E-04
 -2.3132E-03 -1.2540E-16 -7.2817E-03
 -1.0620E-02  1.2587E-02  5.6269E-04
 -3.8106E-03  2.7138E-03 -6.0640E-03
 -1.1845E-02 -2.0654E-16  3.8213E-03
 -3.8106E-03 -2.7138E-03 -6.0640E-03
  3.3502E-17  8.7033E-03  7.3922E-03
  4.2447E-17 -1.3167E-16 -8.6368E-03
  5.0470E-17 -8.7033E-03  7.3922E-03
  3.8106E-03  2.7138E-03 -6.0640E-03
  1.1845E-02  1.7339E-16  3.8213E-03
  3.8106E-03 -2.7138E-03 -6.0640E-03
  4.7496E-04  3.3534E-03 -1.8333E-03
  1.0550E-02  6.3664E-17  7.6458E-03
  4.7496E-04 -3.3534E-03 -1.8333E-03
  6.3426E-17 -9.9182E-03  5.0886E-03
  1.6751E-17  1.2121E-16  3.1818E-05
  1.0994E-16  9.9182E-03  5.0886E-03
 -4.7496E-04  3.3534E-03 -1.8333E-03
 -1.0550E-02 -3.0642E-17  7.6458E-03
 -4.7496E-04 -3.3534E-03 -1.8333E-03
 -4.2384E-03  1.7213E-03  1.1809E-04
 -1.9793E-03  9.4859E-17 -6.2814E-03
 -4.2384E-03 -1.7213E-03  1.1809E-04
 -1.9686E-16  1.0569E-03 -8.1589E-03
  6.4293E-17 -7.1369E-17  7.7389E-03
 -1.4469E-16 -1.0569E-03 -8.1589E-03
  4.2384E-03  1.7213E-03  1.1809E-04
  1.9793E-03 -1.0355E-17 -6.2814E-03
  4.2384E-03 -1.7213E-03  1.1809E-04
  8.3217E-03 -8.5501E-03  7.1659E-03
  8.3352E-04 -2.7427E-16 -5.2983E-03
  8.3217E-03  8.5501E-03  7.1659E-03
  2.0540E-16  2.5292E-03 -1.5413E-03
 -1.9365E-16 -3.3285E-17 -3.6689E-03
  2.0226E-16 -2.5292E-03 -1.5413E-03
 -8.3217E-03 -8.5501E-03  7.1659E-03
 -8.3352E-04  1.2786E-16 -5.2983E-03
 -8.3217E-03  8.5501E-03  7.1659E-03
 -7.2002E-03  8.4838E-03  2.4460E-03
 -6.6193E-03  7.8243E-17  4.9730E-03
 -7.2002E-03 -8.4838E-03  2.4460E-03
 -3.2759E-16  2.0197E-03  3.6503E-03
  1.9248E-16  1.3462E-16 -3.1829E-03
 -2.3928E-16 -2.0197E-03  3.6503E-03
  7.2002E-03  8.4838E-03  2.4460E-03
  6.6193E-03  1.0118E-17  4.9730E-03
  7.2002E-03 -8.4838E-03  2.4460E-03
  4.8722E-03 -4.4454E-03 -1.1243E-02
  7.2538E-03  7.5208E-17  2.2608E-03
  4.8722E-03  4.4454E-03 -1.1243E-02
  3.0786E-16 -4.3725E-03 -1.7316E-03
 -1.0875E-16 -1.5904E-16  5.4632E-03
  3.7508E-16  4.3725E-03 -1.7316E-03
 -4.8722E-03 -4.4454E-03 -1.1243E-02
 -7.2538E-03  4.7168E-17  2.2608E-03
 -4.8722E-03  4.4454E-03 -1.1243E-02
 -3.0347E-03 -1.3502E-03 -1.1263E-03
 -5.7856E-03 -4.0800E-16 -4.7175E-04
 -3.0347E-03  1.3502E-03 -1.1263E-03
 -3.5155E-16  6.0019E-03  4.6307E-03
  1.6789E-16  1.0418E-16 -2.5387E-03
 -3.1810E-16 -6.0019E-03  4.6307E-03
  3.0347E-03 -1.3502E-03 -1.1263E-03
  5.7856E-03  7.6834E-18 -4.7175E-04
  3.0347E-03  1.3502E-03 -1.1263E-03
  1.7028E-03  3.6392E-03  1.0319E-02
  7.2856E-03  2.4011E-16 -2.3755E-03
  1.7028E-03 -3.6392E-03  1.0319E-02
  2.0459E-16 -8.0450E-03  2.3380E-04
 -2.6048E-16 -1.6800E-17 -4.8824E-03
  3.4754E-16  8.0450E-03  2.3380E-04
 -1.7028E-03  3.6392E-03  1.0319E-02
 -7.2856E-03  2.0482E-16 -2.3755E-03
 -1.7028E-03 -3.6392E-03  1.0319E-02
 -3.1757E-03  3.6740E-03 -3.0417E-04
 -4.2237E-03 -2.7318E-16 -2.8698E-03
 -3.1757E-03 -3.6740E-03 -3.0417E-04
 -3.5166E-16  1.8843E-03 -1.0499E-02
  2.7180E-16 -7.7685E-17  9.2818E-03
 -2.7007E-16 -1.8843E-03 -1.0499E-02
  3.1757E-03  3.6740E-03 -3.0417E-04
  4.2237E-03 -2.9201E-16 -2.8698E-03
  3.1757E-03 -3.6740E-03 -3.0417E-04
  5.5274E-03 -1.0886E-02 -4.4197E-03
 -3.3593E-03 -2.1611E-16  3.8396E-03
  5.5274E-03  1.0886E-02 -4.4197E-03
  3.5036E-16  7.5297E-03  2.9084E-03
 -1.9426E-16  2.9672E-19 -1.7790E-03
  3.6516E-16 -7.5297E-03  2.9084E-03
 -5.5274E-03 -1.0886E-02 -4.4197E-03
  3.3593E-03  2.2478E-16  3.8396E-03
 -5.5274E-03  1.0886E-02 -4.4197E-03
 -2.5803E-03  3.5073E-03 -2.2880E-03
  2.9205E-03  3.4729E-16  3.8605E-03
 -2.5803E-03 -3.5073E-03 -2.2880E-03
 -4.1715E-16 -3.8435E-03  1.3089E-02
  2.5186E-16 -2.9139E-17 -8.4327E-03
 -4.5526E-16  3.8435E-03  1.3089E-02
  2.5803E-03  3.5073E-03 -2.2880E-03
 -2.9205E-03  6.0175E-19  3.8605E-03
  2.5803E-03 -3.5073E-03 -2.2880E-03
 -3.5361E-03  8.6629E-03 -1.1666E-03
  3.9589E-03 -1.2106E-16 -5.6600E-03
 -3.5361E-03 -8.6629E-03 -1.1666E-03
  4.5932E-16 -6.8996E-03 -7.2790E-03
 -3.1973E-16 -2.8038E-17  4.7457E-03
  4.1997E-16  6.8996E-03 -7.2790E-03
  3.5361E-03  8.6629E-03 -1.1666E-03
 -3.9589E-03 -3.9057E-16 -5.6600E-03
  3.5361E-03 -8.6629E-03 -1.1666E-03
  4.2998E-03 -6.4140E-03  7.3077E-03
 -3.7918E-03  1.0583E-16 -4.8886E-04
  4.2998E-03  6.4140E-03  7.3077E-03
 -4.0343E-16  5.5768E-03 -8.5250E-03
  2.9585E-16 -7.2724E-18  7.0401E-03
 -5.0491E-16 -5.5768E-03 -8.5250E-03
 -4.2998E-03 -6.4140E-03  7.3077E-03
  3.7918E-03  3.4756E-16 -4.8886E-04
 -4.2998E-03  6.4140E-03  7.3077E-03
  9.9284E-05 -4.1426E-03  2.9782E-03
 -2.3162E-03  2.9685E-17  2.9219E-03
  9.9284E-05  4.1426E-03  2.9782E-03
  4.5276E-16  3.8528E-03  5.2254E-03
 -2.4449E-16  1.2731E-16 -8.4732E-03
  4.7293E-16 -3.8528E-03  5.2254E-03
 -9.9284E-05 -4.1426E-03  2.9782E-03
  2.3162E-03 -2.2401E-16  2.9219E-03
 -9.9284E-05  4.1426E-03  2.9782E-03
 -6.6442E-04  4.0292E-03 -1.0940E-02
  4.4209E-03  5.0751E-17 -1.4485E-03
 -6.6442E-04 -4.0292E-03 -1.0940E-02
 -3.7156E-16 -5.5637E-03  5.0595E-03
  2.2812E-16 -1.4439E-16 -4.8878E-04
 -4.6111E-16  5.5637E-03  5.0595E-03
  6.6442E-04  4.0292E-03 -1.0940E-02
 -4.4209E-03 -1.1117E-16 -1.4485E-03
  6.6442E-04 -4.0292E-03 -1.0940E-02
 -3.7703E-03  3.5843E-03 -1.0674E-03
 -5.7320E-03  5.8854E-17  1.5869E-03
 -3.7703E-03 -3.5843E-03 -1.0674E-03
  3.5681E-16  3.8796E-03 -1.0247E-03
 -2.2725E-16  6.0622E-17  4.6873E-03
  3.1203E-16 -3.8796E-03 -1.0247E-03
  3.7703E-03  3.5843E-03 -1.0674E-03
  5.7320E-03  8.7032E-17  1.5869E-03
  3.7703E-03 -3.5843E-03 -1.0674E-03
  9.0081E-03 -7.7662E-03  8.1278E-03
  6.9686E-03  1.4609E-16  2.3174E-03
  9.0081E-03  7.7662E-03  8.1278E-03
  1.0192E-17 -4.0716E-03 -1.4592E-03
  1.5840E-16  8.0722E-19 -2.1554E-03
 -4.7965E-16  4.0716E-03 -1.4592E-03
 -9.0081E-03 -7.7662E-03  8.1278E-03
 -6.9686E-03 -3.0914E-16  2.3174E-03
 -9.0081E-03  7.7662E-03  8.1278E-03
 -6.4550E-03  3.5959E-03 -9.5062E-04
 -6.0095E-03  7.4680E-16 -4.7957E-03
 -6.4550E-03 -3.5959E-03 -9.5062E-04
 -3.5345E-17  4.7148E-03 -3.5649E-03
 -4.7271E-17 -3.5192E-16 -3.9520E-03
  1.6176E-16 -4.7148E-03 -3.5649E-03
  6.4550E-03  3.5959E-03 -9.5062E-04
  6.0095E-03 -1.0765E-15 -4.7957E-03
  6.4550E-03 -3.5959E-03 -9.5062E-04
   4.9935E-01
  0.0000E+00  0.0000E+00  0.0000E+00
  0.0000E+00  0.0000E+00  0.0000E+00
  0.0000E+00  0.0000E+00  0.0000E+00
  0.0000E+00  0.0000E+00  0.0000E+00
  0.0000E+00  0.0000E+00  0.0000E+00
  0.0000E+00  0.0000E+00  0.0000E+00
  0.0000E+00  0.0000E+00  0.0000E+00
  0.0000E+00  0.0000E+00  0.0000E+00
  0.0000E+00  0.0000E+00  0.0000E+00
 -6.3964E-04  8.0524E-04 -6.0542E-03
 -3.1279E-03  6.6961E-17 -3.8234E-04
 -6.3964E-04 -8.0524E-04 -6.0542E-03
  3.6429E-17  1.9672E-03 -3.9404E-03
 -1.3878E-17 -3.0883E-17  9.3832E-04
  4.3368E-18 -1.9672E-03 -3.9404E-03
  6.3964E-04  8.0524E-04 -6.0542E-03
  3.1279E-03 -2.2825E-17 -3.8234E-04
  6.3964E-04 -8.0524E-04 -6.0542E-03
  9.1700E-04 -3.3603E-03  3.8479E-03
  1.6277E-03 -9.8841E-18  2.6160E-03
  9.1700E-04  3.3603E-03  3.8479E-03
 -4.9440E-17  7.9002E-04  5.0381E-03
  6.7600E-17 -8.5653E-18  1.0429E-03
 -9.8446E-17 -7.9002E-04  5.0381E-03
 -9.1700E-04 -3.3603E-03  3.8479E-03
 -1.6277E-03 -9.3433E-17  2.6160E-03
 -9.1700E-04  3.3603E-03  3.8479E-03
 -1.2500E-03  3.3489E-03  1.4394E-03
  6.9330E-05  6.7150E-17 -3.8283E-03
 -1.2500E-03 -3.3489E-03  1.4394E-03
  1.5656E-16 -2.2811E-03 -1.1686E-03
 -1.0473E-16  4.9801E-18 -1.6528E-03
  1.4658E-16  2.2811E-03 -1.1686E-03
  1.2500E-03  3.3489E-03  1.4394E-03
 -6.9330E-05  5.6586E-17 -3.8283E-03
  1.2500E-03 -3.3489E-03  1.4394E-03
  4.2395E-03 -2.6969E-03 -2.4928E-03
  1.4489E-03 -3.6942E-17 -1.5063E-03
  4.2395E-03  2.6969E-03 -2.4928E-03
 -2.1684E-16 -1.4334E-04 -4.2385E-03
  1.3097E-16  1.5306E-17  2.7722E-03
 -2.2508E-16  1.4334E-04 -4.2385E-03
 -4.2395E-03 -2.6969E-03 -2.4928E-03
 -1.4489E-03 -3.0608E-17 -1.5063E-03
 -4.2395E-03  2.6969E-03 -2.4928E-03
 -6.1012E-03  2.5234E-03  3.4640E-03
 -7.5252E-03 -7.6899E-17  5.1039E-03
 -6.1012E-03 -2.5234E-03  3.4640E-03
  2.5392E-16  5.8360E-03  2.0399E-03
 -1.6827E-16  6.3130E-17 -2.3338E-03
  2.7691E-16 -5.8360E-03  2.0399E-03
  6.1012E-03  2.5234E-03  3.4640E-03
  7.5252E-03 -5.5701E-17  5.1039E-03
  6.1012E-03 -2.5234E-03  3.4640E-03
  6.8300E-03 -4.8620E-03 -2.7761E-03
  1.1360E-02  6.8746E-17 -1.3099E-03
  6.8300E-03  4.8620E-03 -2.7761E-03
 -3.1008E-16 -8.0144E-03  2.7333E-03
  2.0990E-16 -5.8965E-17  7.6054E-04
 -3.0921E-16  8.0144E-03  2.7333E-03
 -6.8300E-03 -4.8620E-03 -2.7761E-03
 -1.1360E-02  8.0939E-17 -1.3099E-03
 -6.8300E-03  4.8620E-03 -2.7761E-03
 -7.7025E-03  6.3848E-03 -2.9728E-03
 -1.0342E-02 -5.3339E-17 -4.3052E-03
 -7.7025E-03 -6.3848E-03 -2.9728E-03
  3.5388E-16  6.5141E-03 -2.0691E-03
 -2.1672E-16 -2.3612E-17  1.7981E-04
  3.1095E-16 -6.5141E-03 -2.0691E-03
  7.7025E-03  6.3848E-03 -2.9728E-03
  1.0342E-02 -1.0931E-16 -4.3052E-03
  7.7025E-03 -6.3848E-03 -2.9728E-03
  8.7059E-03 -5.1548E-03  6.3074E-03
  7.6106E-03  5.4498E-17  4.5292E-03
  8.7059E-03  5.1548E-03  6.3074E-03
 -3.6559E-16 -4.9750E-03  4.8051E-04
  1.9602E-16  5.3118E-17 -2.6442E-04
 -3.7860E-16  4.9750E-03  4.8051E-04
 -8.7059E-03 -5.1548E-03  6.3074E-03
 -7.6106E-03 -2.0487E-17  4.5292E-03
 -8.7059E-03  5.1548E-03  6.3074E-03
 -8.8546E-03  4.8505E-03 -9.5334E-04
 -6.0645E-03  9.4013E-17 -1.5436E-04
 -8.8546E-03 -4.8505E-03 -9.5334E-04
  4.1980E-16  3.7519E-03 -2.4379E-03
 -2.1250E-16 -8.2556E-19  4.3442E-04
  3.4001E-16 -3.7519E-03 -2.4379E-03
  8.8546E-03  4.8505E-03 -9.5334E-04
  6.0645E-03 -1.2817E-17 -1.5436E-04
  8.8546E-03 -4.8505E-03 -9.5334E-04
  8.7606E-03 -7.3938E-03 -4.7650E-03
  6.8249E-03  9.8142E-17 -3.6483E-03
  8.7606E-03  7.3938E-03 -4.7650E-03
 -2.1077E-16 -3.0652E-03  1.0019E-03
  2.1749E-16 -1.9235E-17  9.8012E-05
 -4.2934E-16  3.0652E-03  1.0019E-03
 -8.7606E-03 -7.3938E-03 -4.7650E-03
 -6.8249E-03 -2.2871E-16 -3.6483E-03
 -8.7606E-03  7.3938E-03 -4.7650E-03
 -9.4852E-03  8.2935E-03  3.7449E-03
 -1.0197E-02  3.7925E-16  3.2001E-03
 -9.4852E-03 -8.2935E-03  3.7449E-03
  4.4973E-16  5.7780E-03  4.8181E-03
 -2.2765E-16  3.0580E-17 -1.4933E-03
  1.9299E-16 -5.7780E-03  4.8181E-03
  9.4852E-03  8.2935E-03  3.7449E-03
  1.0197E-02  2.8000E-16  3.2001E-03
  9.4852E-03 -8.2935E-03  3.7449E-03
  1.0309E-02 -5.3758E-03 -6.7750E-04
  1.2954E-02  1.4787E-16  4.3673E-04
  1.0309E-02  5.3758E-03 -6.7750E-04
 -2.1597E-16 -1.0027E-02 -4.3566E-03
  1.9711E-16  1.7764E-18  1.6033E-03
 -3.9638E-16  1.0027E-02 -4.3566E-03
 -1.0309E-02 -5.3758E-03 -6.7750E-04
 -1.2954E-02  1.9961E-16  4.3673E-04
 -1.0309E-02  5.3758E-03 -6.7750E-04
 -9.2549E-03  2.8625E-03 -1.7187E-03
 -1.1230E-02  2.6310E-17 -2.3749E-03
 -9.2549E-03 -2.8625E-03 -1.7187E-03
  3.2092E-16  9.7431E-03 -2.9451E-03
 -1.7564E-16  3.2888E-17  5.3724E-04
  3.1008E-16 -9.7431E-03 -2.9451E-03
  9.2549E-03  2.8625E-03 -1.7187E-03
  1.1230E-02  2.3722E-17 -2.3749E-03
  9.2549E-03 -2.8625E-03 -1.7187E-03
  6.7430E-03 -3.7383E-03  4.8468E-03
  6.7436E-03 -4.0595E-17  1.0899E-03
  6.7430E-03  3.7383E-03  4.8468E-03
 -3.1095E-16 -4.8865E-03  5.2131E-03
  2.1164E-16 -5.5187E-18 -3.2038E-03
 -2.6064E-16  4.8865E-03  5.2131E-03
 -6.7430E-03 -3.7383E-03  4.8468E-03
 -6.7436E-03 -2.7869E-18  1.0899E-03
 -6.7430E-03  3.7383E-03  4.8468E-03
 -5.7842E-03  5.5911E-03 -3.7602E-03
 -4.0243E-03  1.6090E-18 -9.4226E-05
 -5.7842E-03 -5.5911E-03 -3.7602E-03
  2.5761E-16  1.4179E-03 -2.4402E-04
 -1.5699E-16  1.9573E-17  3.8537E-03
  2.4113E-16 -1.4179E-03 -2.4402E-04
  5.7842E-03  5.5911E-03 -3.7602E-03
  4.0243E-03  4.9619E-17 -9.4226E-05
  5.7842E-03 -5.5911E-03 -3.7602E-03
  7.7385E-03 -6.2583E-03 -3.8801E-03
  2.8998E-03  1.0696E-16  7.6310E-05
  7.7385E-03  6.2583E-03 -3.8801E-03
 -1.9689E-16 -9.2762E-04 -3.1850E-03
  1.3422E-16 -1.2682E-17 -1.4564E-03
 -2.4893E-16  9.2762E-04 -3.1850E-03
 -7.7385E-03 -6.2583E-03 -3.8801E-03
 -2.8998E-03 -2.2818E-17  7.6310E-05
 -7.7385E-03  6.2583E-03 -3.8801E-03
 -7.3502E-03  3.4770E-03  6.5713E-03
 -3.4254E-03  1.5739E-17  3.0084E-03
 -7.3502E-03 -3.4770E-03  6.5713E-03
  2.1337E-16  3.2043E-03  3.9678E-03
 -1.1449E-16  3.5436E-17 -3.0448E-03
  2.1164E-16 -3.2043E-03  3.9678E-03
  7.3502E-03  3.4770E-03  6.5713E-03
  3.4254E-03 -5.9732E-18  3.0084E-03
  7.3502E-03 -3.4770E-03  6.5713E-03
  3.8057E-03  5.4814E-04 -3.0125E-04
  4.3813E-03 -5.3485E-19 -4.4426E-03
  3.8057E-03 -5.4814E-04 -3.0125E-04
 -1.6220E-16 -5.7509E-03 -2.9845E-03
  1.0148E-16 -3.5215E-17  2.4341E-03
 -1.6567E-16  5.7509E-03 -2.9845E-03
 -3.8057E-03  5.4814E-04 -3.0125E-04
 -4.3813E-03  2.2925E-17 -4.4426E-03
 -3.8057E-03 -5.4814E-04 -3.0125E-04
  1.6901E-03 -5.5737E-03 -5.5923E-03
 -6.2788E-03  9.7981E-18  6.4610E-04
  1.6901E-03  5.5737E-03 -5.5923E-03
  1.3357E-16  8.7997E-03  3.4046E-04
 -5.9848E-17  3.1289E-17  2.4129E-03
  6.9389E-17 -8.7997E-03  3.4046E-04
 -1.6901E-03 -5.5737E-03 -5.5923E-03
  6.2788E-03 -8.0175E-17  6.4610E-04
 -1.6901E-03  5.5737E-03 -5.5923E-03
  3.9728E-03 -9.3389E-04  9.2030E-04
 -3.5128E-03  1.6614E-16  7.8803E-03
  3.9728E-03  9.3389E-04  9.2030E-04
  4.7343E-28  5.9566E-04  7.0424E-03
  5.2042E-18  2.2742E-17 -1.0180E-02
  2.4286E-17 -5.9566E-04  7.0424E-03
 -3.9728E-03 -9.3389E-04  9.2030E-04
  3.5128E-03 -1.0365E-16  7.8803E-03
 -3.9728E-03  9.3389E-04  9.2030E-04
   4.9996E-01
  0.0000E+00  0.0000E+00  0.0000E+00
  0.0000E+00  0.0000E+00  0.0000E+00
  0.0000E+00  0.0000E+00  0.0000E+00
  0.0000E+00  0.0000E+00  0.0000E+00
  0.0000E+00  0.0000E+00  0.0000E+00
  0.0000E+00  0.0000E+00  0.0000E+00
  0.0000E+00  0.0000E+00  0.0000E+00
  0.0000E+00  0.0000E+00  0.0000E+00
  0.0000E+00  0.0000E+00  0.0000E+00
  7.6092E-04 -1.7431E-03 -5.3233E-03
 -1.4983E-03  3.8757E-17  6.2538E-03
  7.6092E-04  1.7431E-03 -5.3233E-03
  1.1111E-03 -1.5277E-16 -1.3524E-16
 -4.5551E-04 -8.1000E-17  3.7264E-16
  1.1111E-03  1.4083E-17 -5.9165E-16
  7.6092E-04  1.7431E-03  5.3233E-03
 -1.4983E-03  8.3082E-17 -6.2538E-03
  7.6092E-04 -1.7431E-03  5.3233E-03
 -3.4847E-05  2.1357E-03  2.4803E-03
  3.8382E-04 -1.8692E-16 -3.7105E-03
 -3.4847E-05 -2.1357E-03  2.4803E-03
 -2.6005E-03  3.7348E-16 -4.6982E-16
  2.2408E-03  2.4209E-17  1.0583E-16
 -2.6005E-03  5.2058E-17 -3.0632E-16
 -3.4847E-05 -2.1357E-03 -2.4803E-03
  3.8382E-04 -1.6821E-16  3.7105E-03
 -3.4847E-05  2.1357E-03 -2.4803E-03
  2.0632E-03 -5.7516E-03  3.4530E-03
 -3.2349E-03  2.4043E-16 -2.5841E-03
  2.0632E-03  5.7516E-03  3.4530E-03
  4.4759E-03  2.1856E-16  4.3077E-16
 -3.2042E-03 -1.6556E-17 -2.6308E-16
  4.4759E-03 -5.5231E-16  4.7375E-16
  2.0632E-03  5.7516E-03 -3.4530E-03
 -3.2349E-03  1.6543E-16  2.5841E-03
  2.0632E-03 -5.7516E-03 -3.4530E-03
 -5.4592E-03  1.1000E-02 -1.9095E-03
  8.2466E-03 -1.3859E-16  1.4753E-03
 -5.4592E-03 -1.1000E-02 -1.9095E-03
 -6.4875E-03 -2.4938E-16  2.6174E-16
  3.5849E-03  7.5511E-19  2.2876E-17
 -6.4875E-03  4.4571E-16  3.2443E-17
 -5.4592E-03 -1.1000E-02  1.9095E-03
  8.2466E-03 -1.4047E-16 -1.4753E-03
 -5.4592E-03  1.1000E-02  1.9095E-03
  6.0991E-03 -1.2998E-02 -4.4588E-03
 -9.4223E-03 -5.6621E-18  4.6384E-03
  6.0991E-03  1.2998E-02 -4.4588E-03
  8.0350E-03 -2.1161E-16 -4.9517E-16
 -4.6222E-03  4.0126E-17  3.0926E-16
  8.0350E-03  2.2398E-17 -4.8017E-16
  6.0991E-03  1.2998E-02  4.4588E-03
 -9.4223E-03  2.0334E-17 -4.6384E-03
  6.0991E-03 -1.2998E-02  4.4588E-03
 -4.4675E-03  1.2229E-02  4.3513E-03
  7.3923E-03  1.6477E-16 -4.2962E-03
 -4.4675E-03 -1.2229E-02  4.3513E-03
 -9.1095E-03  3.9896E-16  3.7669E-17
  6.1430E-03 -1.8629E-17 -2.8422E-16
 -9.1095E-03 -5.3179E-16 -1.8676E-16
 -4.4675E-03 -1.2229E-02 -4.3513E-03
  7.3923E-03  9.5106E-17  4.2962E-03
 -4.4675E-03  1.2229E-02 -4.3513E-03
  4.7810E-03 -1.3544E-02  2.1855E-03
 -8.1829E-03 -2.1353E-16 -2.3187E-03
  4.7810E-03  1.3544E-02  2.1855E-03
  1.0186E-02 -1.2730E-17  2.1211E-16
 -6.8170E-03 -2.5320E-17 -2.8487E-17
  1.0186E-02  6.4796E-16  3.4123E-16
  4.7810E-03  1.3544E-02 -2.1855E-03
 -8.1829E-03 -2.2064E-16  2.3187E-03
  4.7810E-03 -1.3544E-02 -2.1855E-03
 -7.4951E-03  1.7320E-02 -3.9043E-03
  1.2262E-02  1.9201E-16  3.6442E-03
 -7.4951E-03 -1.7320E-02 -3.9043E-03
 -1.1225E-02 -1.3635E-16 -2.5698E-16
  6.5317E-03  1.5891E-17  2.4001E-16
 -1.1225E-02 -3.5413E-16  7.4749E-17
 -7.4951E-03 -1.7320E-02  3.9043E-03
  1.2262E-02  1.9891E-16 -3.6442E-03
 -7.4951E-03  1.7320E-02  3.9043E-03
  8.5336E-03 -1.8658E-02 -1.6801E-03
 -1.3567E-02 -1.6108E-16  2.4577E-03
  8.5336E-03  1.8658E-02 -1.6801E-03
  1.1628E-02  5.0277E-17  5.0976E-16
 -6.5910E-03  7.3510E-17 -3.3077E-16
  1.1628E-02 -7.5843E-18  1.9597E-16
  8.5336E-03  1.8658E-02  1.6801E-03
 -1.3567E-02 -2.9393E-17 -2.4577E-03
  8.5336E-03 -1.8658E-02  1.6801E-03
 -6.5552E-03  1.6103E-02  4.1096E-03
  1.0325E-02 -2.9307E-16 -4.7004E-03
 -6.5552E-03 -1.6103E-02  4.1096E-03
 -1.1274E-02 -8.8895E-17 -7.0017E-17
  7.3539E-03 -7.7307E-17 -1.3833E-16
 -1.1274E-02  2.2166E-16 -7.8793E-17
 -6.5552E-03 -1.6103E-02 -4.1096E-03
  1.0325E-02  2.6354E-16  4.7004E-03
 -6.5552E-03  1.6103E-02 -4.1096E-03
  5.2549E-03 -1.4265E-02  1.1503E-03
 -8.2956E-03 -1.1574E-16 -1.5070E-03
  5.2549E-03  1.4265E-02  1.1503E-03
  1.0781E-02 -1.3356E-16 -4.8265E-16
 -7.5433E-03 -6.1313E-17  2.2480E-16
  1.0781E-02  8.0278E-17 -1.3198E-16
  5.2549E-03  1.4265E-02 -1.1503E-03
 -8.2956E-03  5.6409E-16  1.5070E-03
  5.2549E-03 -1.4265E-02 -1.1503E-03
 -6.6539E-03  1.5620E-02 -4.6849E-03
  1.0550E-02  5.1489E-17  5.7531E-03
 -6.6539E-03 -1.5620E-02 -4.6849E-03
 -1.0469E-02  5.3634E-16  5.5840E-16
  6.4919E-03  6.9527E-17 -3.2837E-16
 -1.0469E-02 -6.3164E-16  3.0975E-16
 -6.6539E-03 -1.5620E-02  4.6849E-03
  1.0550E-02 -1.9350E-17 -5.7531E-03
 -6.6539E-03  1.5620E-02  4.6849E-03
  7.4698E-03 -1.6112E-02  2.2806E-04
 -1.2014E-02  1.9138E-16 -1.0644E-03
  7.4698E-03  1.6112E-02  2.2806E-04
  9.8186E-03 -5.7261E-16  4.2421E-16
 -5.3381E-03 -9.6668E-17 -2.3442E-16
  9.8186E-03  6.3647E-16  4.4728E-16
  7.4698E-03  1.6112E-02 -2.2806E-04
 -1.2014E-02 -2.4213E-16  1.0644E-03
  7.4698E-03 -1.6112E-02 -2.2806E-04
 -5.0827E-03  1.2427E-02  3.9372E-03
  8.5153E-03  9.5061E-17 -3.7641E-03
 -5.0827E-03 -1.2427E-02  3.9372E-03
 -8.3860E-03  8.4251E-17 -5.0408E-16
  5.0383E-03  8.4089E-17  3.7743E-16
 -8.3860E-03  5.2235E-17 -3.6074E-16
 -5.0827E-03 -1.2427E-02 -3.9372E-03
  8.5153E-03 -8.5514E-17  3.7641E-03
 -5.0827E-03  1.2427E-02 -3.9372E-03
  2.3591E-03 -7.9426E-03  1.5359E-04
 -4.2020E-03  3.7675E-17 -9.6778E-05
  2.3591E-03  7.9426E-03  1.5359E-04
  6.5715E-03  1.1429E-16 -1.0871E-16
 -4.7290E-03 -8.5375E-17  4.9048E-17
  6.5715E-03 -1.4613E-16 -3.2919E-16
  2.3591E-03  7.9426E-03 -1.5359E-04
 -4.2020E-03  8.8336E-18  9.6778E-05
  2.3591E-03 -7.9426E-03 -1.5359E-04
 -2.6120E-03  6.7513E-03 -5.6534E-03
  4.1351E-03 -5.8866E-17  5.8587E-03
 -2.6120E-03 -6.7513E-03 -5.6534E-03
 -4.9357E-03  2.9744E-16  1.3332E-16
  3.3350E-03  3.0684E-17 -3.6320E-16
 -4.9357E-03 -2.7974E-16  5.5599E-16
 -2.6120E-03 -6.7513E-03  5.6534E-03
  4.1351E-03 -1.0559E-16 -5.8587E-03
 -2.6120E-03  6.7513E-03  5.6534E-03
  3.6795E-03 -6.4771E-03  2.9225E-03
 -5.3564E-03  1.3778E-16 -3.4272E-03
  3.6795E-03  6.4771E-03  2.9225E-03
  3.3107E-03 -6.8147E-16  2.9129E-16
 -1.5251E-03  8.2425E-17  1.5322E-16
  3.3107E-03  2.7897E-16 -1.5096E-16
  3.6795E-03  6.4771E-03 -2.9225E-03
 -5.3564E-03  1.3160E-16  3.4272E-03
  3.6795E-03 -6.4771E-03 -2.9225E-03
 -1.7737E-03  2.7173E-03  3.2554E-03
  2.3956E-03 -9.5938E-17 -2.4994E-03
 -1.7737E-03 -2.7173E-03  3.2554E-03
 -1.2602E-03  5.3728E-16  8.6344E-17
  5.1686E-04 -1.2008E-16  1.9319E-16
 -1.2602E-03 -1.4459E-16 -1.3335E-16
 -1.7737E-03 -2.7173E-03 -3.2554E-03
  2.3956E-03 -8.5286E-17  2.4994E-03
 -1.7737E-03  2.7173E-03 -3.2554E-03
 -1.6213E-03  2.8822E-03 -2.0186E-03
  2.6177E-03 -3.9106E-17  9.3316E-04
 -1.6213E-03 -2.8822E-03 -2.0186E-03
 -1.0687E-03 -3.7521E-16 -4.4762E-16
  1.9232E-04  4.8113E-17 -1.7363E-16
 -1.0687E-03  4.2246E-16  1.3880E-16
 -1.6213E-03 -2.8822E-03  2.0186E-03
  2.6177E-03 -8.3153E-17 -9.3316E-04
 -1.6213E-03  2.8822E-03  2.0186E-03
  1.5390E-03 -5.3379E-03 -4.6333E-03
 -2.5042E-03  4.4839E-16  5.9195E-03
  1.5390E-03  5.3379E-03 -4.6333E-03
  3.7193E-03 -3.3465E-16 -1.9872E-16
 -2.8671E-03  2.7775E-16  2.0991E-16
  3.7193E-03 -5.0031E-16 -5.4741E-16
  1.5390E-03  5.3379E-03  4.6333E-03
 -2.5042E-03  3.8440E-16 -5.9195E-03
  1.5390E-03 -5.3379E-03  4.6333E-03
   5.0342E-01
  0.0000E+00  0.0000E+00  0.0000E+00
  0.0000E+00  0.0000E+00  0.0000E+00
  0.0000E+00  0.0000E+00  0.0000E+00
  0.0000E+00  0.0000E+00  0.0000E+00
  0.0000E+00  0.0000E+00  0.0000E+00
  0.0000E+00  0.0000E+00  0.0000E+00
  0.0000E+00  0.0000E+00  0.0000E+00
  0.0000E+00  0.0000E+00  0.0000E+00
  0.0000E+00  0.0000E+00  0.0000E+00
  2.8081E-03  1.9393E-03 -1.7176E-03
  1.0583E-03  4.7922E-15  1.5247E-02
  2.8081E-03 -1.9393E-03 -1.7176E-03
  2.7499E-15 -3.0958E-03 -5.3535E-03
 -3.0450E-16  8.7551E-16 -8.4129E-03
 -1.9880E-15  3.0958E-03 -5.3535E-03
 -2.8081E-03  1.9393E-03 -1.7176E-03
 -1.0583E-03 -2.4789E-15  1.5247E-02
 -2.8081E-03 -1.9393E-03 -1.7176E-03
 -1.4003E-02  1.7127E-03 -9.8421E-04
  5.6952E-03 -1.3926E-15 -1.7055E-03
 -1.4003E-02 -1.7127E-03 -9.8421E-04
 -2.5302E-16 -1.0497E-03  2.5303E-03
 -1.0014E-15  4.9388E-16 -1.2806E-03
  1.2787E-15  1.0497E-03  2.5303E-03
  1.4003E-02  1.7127E-03 -9.8421E-04
 -5.6952E-03  1.2083E-15 -1.7055E-03
  1.4003E-02 -1.7127E-03 -9.8421E-04
  3.4249E-03  1.5618E-03  6.9681E-04
 -1.1123E-03  1.7259E-15 -1.2385E-02
  3.4249E-03 -1.5618E-03  6.9681E-04
 -1.6555E-15 -1.4655E-03  6.1429E-03
  1.3412E-15  7.4513E-16  7.0796E-03
 -1.4460E-15  1.4655E-03  6.1429E-03
 -3.4249E-03  1.5618E-03  6.9681E-04
  1.1123E-03  1.1322E-15 -1.2385E-02
 -3.4249E-03 -1.5618E-03  6.9681E-04
  7.6754E-03 -2.0269E-03 -1.7617E-03
 -3.7337E-03  3.5319E-15  5.7949E-03
  7.6754E-03  2.0269E-03 -1.7617E-03
  3.8165E-15  2.6551E-03  2.5108E-04
 -8.0653E-16  2.1571E-15 -2.3631E-03
 -6.4592E-17 -2.6551E-03  2.5108E-04
 -7.6754E-03 -2.0269E-03 -1.7617E-03
  3.7337E-03 -1.8169E-15  5.7949E-03
 -7.6754E-03  2.0269E-03 -1.7617E-03
 -2.6874E-03  1.6891E-03 -1.8199E-03
  3.8543E-03 -7.6645E-16  1.1532E-02
 -2.6874E-03 -1.6891E-03 -1.8199E-03
 -1.9293E-15 -3.7624E-03 -6.3236E-03
  5.4506E-16 -6.4043E-16 -7.2043E-03
 -4.5403E-16  3.7624E-03 -6.3236E-03
  2.6874E-03  1.6891E-03 -1.8199E-03
 -3.8543E-03  1.3881E-15  1.1532E-02
  2.6874E-03 -1.6891E-03 -1.8199E-03
 -1.0576E-02  1.9529E-03  4.5573E-03
  2.5229E-03 -2.6819E-15 -8.3221E-03
 -1.0576E-02 -1.9529E-03  4.5573E-03
 -1.2194E-15  6.7901E-05 -5.6954E-04
 -7.1042E-16 -1.0226E-16  4.6233E-03
  2.2712E-15 -6.7901E-05 -5.6954E-04
  1.0576E-02  1.9529E-03  4.5573E-03
 -2.5229E-03  2.3083E-15 -8.3221E-03
  1.0576E-02 -1.9529E-03  4.5573E-03
  7.5400E-03 -3.2288E-03  2.0027E-03
 -3.7081E-03 -1.1276E-15 -1.0107E-02
  7.5400E-03  3.2288E-03  2.0027E-03
 -2.7976E-16  2.4923E-03  6.0255E-03
  7.0004E-16 -5.5198E-16  5.8364E-03
 -1.0827E-15 -2.4923E-03  6.0255E-03
 -7.5400E-03 -3.2288E-03  2.0027E-03
  3.7081E-03 -1.2995E-15 -1.0107E-02
 -7.5400E-03  3.2288E-03  2.0027E-03
  6.9929E-03 -8.7085E-04 -7.6945E-03
 -3.0316E-03  2.3106E-16  1.0496E-02
  6.9929E-03  8.7085E-04 -7.6945E-03
  9.5233E-16  1.1872E-03  1.1212E-03
 -3.4344E-16 -9.5845E-16 -6.2931E-03
  1.0754E-15 -1.1872E-03  1.1212E-03
 -6.9929E-03 -8.7085E-04 -7.6945E-03
  3.0316E-03 -3.2688E-16  1.0496E-02
 -6.9929E-03  8.7085E-04 -7.6945E-03
 -7.7991E-03  3.9726E-03 -1.3555E-03
  5.3735E-03 -8.2440E-16  9.2801E-03
 -7.7991E-03 -3.9726E-03 -1.3555E-03
 -1.2680E-15 -4.4315E-03 -5.2088E-03
  1.4139E-17  1.1373E-15 -4.7699E-03
  5.1064E-16  4.4315E-03 -5.2088E-03
  7.7991E-03  3.9726E-03 -1.3555E-03
 -5.3735E-03  2.1505E-15  9.2801E-03
  7.7991E-03 -3.9726E-03 -1.3555E-03
 -6.5358E-03  4.8961E-04  9.6376E-03
  2.5106E-03  1.7515E-15 -1.2662E-02
 -6.5358E-03 -4.8961E-04  9.6376E-03
 -3.3442E-16 -5.4417E-04 -1.3080E-03
  5.0888E-16  9.1767E-16  7.7760E-03
 -1.5010E-15  5.4417E-04 -1.3080E-03
  6.5358E-03  4.8961E-04  9.6376E-03
 -2.5106E-03  2.4273E-16 -1.2662E-02
  6.5358E-03 -4.8961E-04  9.6376E-03
  9.9475E-03 -4.8168E-03  5.6469E-04
 -5.8937E-03  4.5377E-15 -8.4362E-03
  9.9475E-03  4.8168E-03  5.6469E-04
  3.5861E-15  4.6645E-03  3.7149E-03
 -1.2170E-15  2.1701E-15  3.1091E-03
 -7.6139E-17 -4.6645E-03  3.7149E-03
 -9.9475E-03 -4.8168E-03  5.6469E-04
  5.8937E-03 -2.3041E-15 -8.4362E-03
 -9.9475E-03  4.8168E-03  5.6469E-04
  3.9057E-03  6.7092E-04 -1.0157E-02
 -2.9273E-03  1.5032E-15  1.5094E-02
  3.9057E-03 -6.7092E-04 -1.0157E-02
 -1.8821E-15  9.8059E-04  1.9743E-03
  1.4797E-15  6.2852E-16 -8.3374E-03
 -2.1994E-15 -9.8059E-04  1.9743E-03
 -3.9057E-03  6.7092E-04 -1.0157E-02
  2.9273E-03  1.5842E-15  1.5094E-02
 -3.9057E-03 -6.7092E-04 -1.0157E-02
 -1.0181E-02  4.5258E-03 -5.4876E-04
  7.6489E-03 -1.1602E-16  6.7173E-03
 -1.0181E-02 -4.5258E-03 -5.4876E-04
  1.2293E-15 -5.7932E-03 -2.8188E-03
 -8.5501E-16  2.0375E-15 -1.6208E-03
  2.7550E-15  5.7932E-03 -2.8188E-03
  1.0181E-02  4.5258E-03 -5.4876E-04
 -7.6489E-03  1.9331E-15  6.7173E-03
  1.0181E-02 -4.5258E-03 -5.4876E-04
 -2.1839E-03 -1.0674E-03  9.9914E-03
  1.9782E-03  2.0546E-15 -1.7033E-02
 -2.1839E-03  1.0674E-03  9.9914E-03
 -1.3823E-15 -6.9954E-04 -1.9950E-03
  4.0888E-16  1.8803E-15  8.6194E-03
 -1.6507E-15  6.9954E-04 -1.9950E-03
  2.1839E-03 -1.0674E-03  9.9914E-03
 -1.9782E-03  1.3248E-15 -1.7033E-02
  2.1839E-03  1.0674E-03  9.9914E-03
  9.4944E-03 -3.5028E-03  1.6980E-03
 -7.8812E-03 -1.8672E-16 -4.4717E-03
  9.4944E-03  3.5028E-03  1.6980E-03
  5.4568E-16  6.1686E-03  1.7160E-03
 -5.4605E-16 -1.3781E-16  2.2220E-05
  7.8164E-16 -6.1686E-03  1.7160E-03
 -9.4944E-03 -3.5028E-03  1.6980E-03
  7.8812E-03  1.0582E-15 -4.4717E-03
 -9.4944E-03  3.5028E-03  1.6980E-03
  9.9467E-04  1.5520E-03 -9.8851E-03
 -6.2480E-04 -7.4865E-16  1.7598E-02
  9.9467E-04 -1.5520E-03 -9.8851E-03
 -1.3866E-15 -1.3061E-03  9.8401E-04
  8.1950E-16  2.0228E-15 -7.1967E-03
  1.3918E-15  1.3061E-03  9.8401E-04
 -9.9467E-04  1.5520E-03 -9.8851E-03
  6.2480E-04  2.9820E-15  1.7598E-02
 -9.9467E-04 -1.5520E-03 -9.8851E-03
 -1.0843E-02  3.2580E-03 -2.3484E-03
  8.6479E-03 -7.8422E-16  1.2355E-03
 -1.0843E-02 -3.2580E-03 -2.3484E-03
 -1.1301E-15 -4.4903E-03 -1.0190E-03
 -4.0940E-16  9.4329E-16  1.1743E-03
  1.1491E-15  4.4903E-03 -1.0190E-03
  1.0843E-02  3.2580E-03 -2.3484E-03
 -8.6479E-03  3.2468E-15  1.2355E-03
  1.0843E-02 -3.2580E-03 -2.3484E-03
 -2.5927E-04  3.5340E-04  1.1049E-02
  5.1646E-04  2.5795E-15 -1.7782E-02
 -2.5927E-04 -3.5340E-04  1.1049E-02
  1.3124E-15 -3.0232E-03 -3.2233E-04
 -4.2985E-16  8.2824E-16  7.2108E-03
 -1.4186E-15  3.0232E-03 -3.2233E-04
  2.5927E-04  3.5340E-04  1.1049E-02
 -5.1646E-04 -1.7414E-15 -1.7782E-02
  2.5927E-04 -3.5340E-04  1.1049E-02
  5.8604E-03  2.1332E-03  4.0981E-03
 -2.5184E-03  2.4365E-15 -1.6022E-03
  5.8604E-03 -2.1332E-03  4.0981E-03
  6.7474E-16  4.5146E-03 -2.9000E-03
  6.1945E-16  1.3387E-16  9.6448E-04
 -1.5713E-15 -4.5146E-03 -2.9000E-03
 -5.8604E-03  2.1332E-03  4.0981E-03
  2.5184E-03 -1.5651E-15 -1.6022E-03
 -5.8604E-03 -2.1332E-03  4.0981E-03
 -5.0652E-03  2.0060E-03 -8.1785E-03
  6.2439E-04 -3.1283E-15  1.4198E-02
 -5.0652E-03 -2.0060E-03 -8.1785E-03
  1.4366E-16 -1.0024E-02 -5.1731E-03
  9.5736E-17 -1.7749E-15 -1.7526E-03
  1.6484E-15  1.0024E-02 -5.1731E-03
  5.0652E-03  2.0060E-03 -8.1785E-03
 -6.2439E-04  4.1794E-16  1.4198E-02
  5.0652E-03 -2.0060E-03 -8.1785E-03
   5.0399E-01
  0.0000E+00  0.0000E+00  0.0000E+00
  0.0000E+00  0.0000E+00  0.0000E+00
  0.0000E+00  0.0000E+00  0.0000E+00
  0.0000E+00  0.0000E+00  0.0000E+00
  0.0000E+00  0.0000E+00  0.0000E+00
  0.0000E+00  0.0000E+00  0.0000E+00
  0.0000E+00  0.0000E+00  0.0000E+00
  0.0000E+00  0.0000E+00  0.0000E+00
  0.0000E+00  0.0000E+00  0.0000E+00
  8.3523E-03 -4.4457E-03  3.1620E-03
  2.1780E-14 -7.4938E-03  1.9294E-14
 -8.3523E-03 -4.4457E-03 -3.1620E-03
 -1.0061E-14  9.2881E-03 -3.9898E-03
  8.4640E-16  2.6723E-03 -2.5920E-14
  8.1486E-15  9.2881E-03  3.9898E-03
 -8.3523E-03 -4.4457E-03  3.1620E-03
 -2.3775E-14 -7.4938E-03 -2.4356E-14
  8.3523E-03 -4.4457E-03 -3.1620E-03
 -1.2197E-02  6.2682E-03  5.2263E-03
 -5.9714E-15  1.1863E-02  6.8757E-15
  1.2197E-02  6.2682E-03 -5.2263E-03
  2.2377E-16 -1.4366E-02 -4.7473E-03
  3.8659E-15 -3.9018E-03  1.0201E-16
 -5.6343E-15 -1.4366E-02  4.7473E-03
  1.2197E-02  6.2682E-03  5.2263E-03
 -7.7532E-15  1.1863E-02  2.7989E-14
 -1.2197E-02  6.2682E-03 -5.2263E-03
  9.3332E-03 -3.8152E-03 -5.1624E-03
  2.4006E-14 -1.1823E-02  1.4359E-15
 -9.3332E-03 -3.8152E-03  5.1624E-03
  7.0629E-15  8.5906E-03  5.6951E-03
 -5.3141E-15  7.1951E-03  3.2658E-15
  6.1821E-15  8.5906E-03 -5.6951E-03
 -9.3332E-03 -3.8152E-03 -5.1624E-03
 -2.2025E-14 -1.1823E-02  2.3823E-14
  9.3332E-03 -3.8152E-03  5.1624E-03
 -7.3123E-03  3.0771E-03 -6.3053E-03
 -3.8599E-15  9.8408E-03 -2.1843E-15
  7.3123E-03  3.0771E-03  6.3053E-03
 -1.5117E-14 -5.8438E-03  4.8948E-03
  3.6553E-15 -7.0501E-03 -1.5617E-14
 -1.9537E-16 -5.8438E-03 -4.8948E-03
  7.3123E-03  3.0771E-03 -6.3053E-03
  2.4174E-14  9.8408E-03 -1.9632E-14
 -7.3123E-03  3.0771E-03  6.3053E-03
  7.6280E-03 -4.8746E-03  8.0244E-03
  1.5672E-16 -6.8590E-03 -3.5123E-15
 -7.6280E-03 -4.8746E-03 -8.0244E-03
  7.7000E-15  8.7544E-03 -7.1742E-03
 -2.5464E-15  2.7124E-03  6.4191E-15
  2.0459E-15  8.7544E-03  7.1742E-03
 -7.6280E-03 -4.8746E-03  8.0244E-03
 -1.9523E-14 -6.8590E-03 -1.4606E-14
  7.6280E-03 -4.8746E-03 -8.0244E-03
 -3.1386E-03  2.8948E-03  2.3308E-03
 -1.8880E-14  1.4946E-03  2.8118E-15
  3.1386E-03  2.8948E-03 -2.3308E-03
  4.4449E-15 -4.1999E-03 -1.3300E-03
  2.7479E-15  1.5377E-04  1.5551E-14
 -9.0030E-15 -4.1999E-03  1.3300E-03
  3.1386E-03  2.8948E-03  2.3308E-03
  2.4671E-14  1.4946E-03  1.0134E-14
 -3.1386E-03  2.8948E-03 -2.3308E-03
 -5.6567E-03  2.9692E-03 -3.6418E-03
  6.4691E-15  5.1115E-03  6.0951E-15
  5.6567E-03  2.9692E-03  3.6418E-03
  1.2392E-15 -7.5875E-03  1.1380E-03
 -2.6204E-15 -6.5882E-04 -2.2117E-14
  4.3404E-15 -7.5875E-03 -1.1380E-03
  5.6567E-03  2.9692E-03 -3.6418E-03
 -1.1288E-14  5.1115E-03  1.6228E-14
 -5.6567E-03  2.9692E-03  3.6418E-03
  9.6931E-03 -5.6520E-03 -5.4285E-03
  1.2902E-14 -9.2898E-03  1.6081E-15
 -9.6931E-03 -5.6520E-03  5.4285E-03
 -3.6258E-15  1.1272E-02  8.0083E-03
  1.5257E-15  3.5413E-03 -1.7012E-15
 -4.1132E-15  1.1272E-02 -8.0083E-03
 -9.6931E-03 -5.6520E-03 -5.4285E-03
 -5.9977E-15 -9.2898E-03 -4.7100E-16
  9.6931E-03 -5.6520E-03  5.4285E-03
 -8.1524E-03  4.3518E-03  4.5122E-03
  1.4699E-14  1.0328E-02 -1.6955E-14
  8.1524E-03  4.3518E-03 -4.5122E-03
  4.9478E-15 -6.2969E-03 -6.0026E-03
 -2.2222E-16 -8.0155E-03  2.6022E-14
 -2.2800E-15 -6.2969E-03  6.0026E-03
  8.1524E-03  4.3518E-03  4.5122E-03
 -9.4918E-15  1.0328E-02 -2.3176E-14
 -8.1524E-03  4.3518E-03 -4.5122E-03
  8.5905E-03 -4.8452E-03  5.6586E-03
 -2.1895E-14 -1.0483E-02  4.3511E-15
 -8.5905E-03 -4.8452E-03 -5.6586E-03
  1.5841E-15  6.8204E-03 -5.9180E-03
 -2.0641E-15  8.0537E-03 -5.3698E-15
  5.5067E-15  6.8204E-03  5.9180E-03
 -8.5905E-03 -4.8452E-03  5.6586E-03
  8.0884E-15 -1.0483E-02 -9.1689E-15
  8.5905E-03 -4.8452E-03 -5.6586E-03
 -1.0408E-02  6.5273E-03 -4.7303E-03
  7.3371E-16  9.6246E-03  7.5193E-15
  1.0408E-02  6.5273E-03  4.7303E-03
 -1.3278E-14 -1.1872E-02  6.9138E-03
  4.9836E-15 -3.9524E-03 -2.1663E-14
 -6.7017E-17 -1.1872E-02 -6.9138E-03
  1.0408E-02  6.5273E-03 -4.7303E-03
  3.0806E-15  9.6246E-03  2.8737E-14
 -1.0408E-02  6.5273E-03  4.7303E-03
  6.0575E-03 -3.4652E-03 -4.7146E-03
  6.7848E-15 -5.5601E-03  6.2267E-15
 -6.0575E-03 -3.4652E-03  4.7146E-03
  7.0862E-15  7.4566E-03  1.5691E-03
 -5.6342E-15  1.5603E-03  3.9892E-15
  8.2224E-15  7.4566E-03 -1.5691E-03
 -6.0575E-03 -3.4652E-03 -4.7146E-03
 -5.7921E-15 -5.5601E-03  1.7514E-14
  6.0575E-03 -3.4652E-03  4.7146E-03
  2.5288E-03 -2.6041E-03  2.1679E-03
  8.9430E-16 -7.1223E-04  9.6425E-15
 -2.5288E-03 -2.6041E-03 -2.1679E-03
 -5.0974E-15  3.8619E-03  2.3180E-05
  3.0413E-15 -8.5026E-04 -7.9766E-17
 -9.9883E-15  3.8619E-03 -2.3180E-05
 -2.5288E-03 -2.6041E-03  2.1679E-03
  1.6242E-14 -7.1223E-04 -2.1570E-14
  2.5288E-03 -2.6041E-03 -2.1679E-03
 -6.4686E-03  4.5404E-03  8.2004E-03
 -1.0661E-14  5.7552E-03 -1.7414E-14
  6.4686E-03  4.5404E-03 -8.2004E-03
  4.4428E-15 -7.1992E-03 -8.3077E-03
 -1.1151E-15 -2.7141E-03  1.9434E-15
  6.4287E-15 -7.1992E-03  8.3077E-03
  6.4686E-03  4.5404E-03  8.2004E-03
 -1.7119E-14  5.7552E-03 -1.9887E-14
 -6.4686E-03  4.5404E-03 -8.2004E-03
  6.4395E-03 -3.1569E-03 -5.5904E-03
 -1.0767E-14 -8.9737E-03 -1.6966E-14
 -6.4395E-03 -3.1569E-03  5.5904E-03
 -1.4998E-15  4.6190E-03  4.2893E-03
  1.9260E-15  7.2958E-03  1.9111E-14
 -1.9759E-15  4.6190E-03 -4.2893E-03
 -6.4395E-03 -3.1569E-03 -5.5904E-03
  1.7885E-14 -8.9737E-03  1.5555E-14
  6.4395E-03 -3.1569E-03  5.5904E-03
 -9.3081E-03  4.4888E-03 -5.0363E-03
  1.4914E-14  1.1717E-02  1.7418E-14
  9.3081E-03  4.4888E-03  5.0363E-03
  4.0017E-15 -8.9194E-03  6.4002E-03
 -2.8686E-15 -7.2942E-03 -1.2020E-14
 -6.0813E-15 -8.9194E-03 -6.4002E-03
  9.3081E-03  4.4888E-03 -5.0363E-03
  9.7257E-16  1.1717E-02  1.2947E-14
 -9.3081E-03  4.4888E-03  5.0363E-03
  1.2279E-02 -6.8856E-03  3.5330E-03
  1.1147E-15 -1.2527E-02  1.4819E-14
 -1.2279E-02 -6.8856E-03 -3.5330E-03
  5.3870E-15  1.5238E-02 -4.2627E-03
  6.9872E-16  4.3189E-03 -1.4597E-14
 -3.1883E-15  1.5238E-02  4.2627E-03
 -1.2279E-02 -6.8856E-03  3.5330E-03
 -1.0044E-14 -1.2527E-02 -1.8013E-14
  1.2279E-02 -6.8856E-03 -3.5330E-03
 -7.7850E-03  4.6480E-03  4.1311E-03
 -6.7836E-15  8.9464E-03 -1.3214E-14
  7.7850E-03  4.6480E-03 -4.1311E-03
 -6.3724E-15 -9.9420E-03 -4.1740E-03
  2.8380E-15 -3.8284E-03  1.1288E-14
  4.2217E-15 -9.9420E-03  4.1740E-03
  7.7850E-03  4.6480E-03  4.1311E-03
 -5.4093E-16  8.9464E-03  4.2685E-15
 -7.7850E-03  4.6480E-03 -4.1311E-03
 -8.2222E-04 -5.7473E-04  7.5370E-04
 -3.9692E-15 -2.5210E-03  2.1923E-15
  8.2222E-04 -5.7473E-04 -7.5370E-04
 -8.7422E-16 -7.8608E-04 -1.7277E-04
 -3.3575E-15  4.0248E-03  1.3976E-15
  7.6550E-15 -7.8608E-04  1.7277E-04
  8.2222E-04 -5.7473E-04  7.5370E-04
  4.4267E-15 -2.5210E-03  1.8990E-14
 -8.2222E-04 -5.7473E-04 -7.5370E-04
  4.5453E-03  4.4716E-03 -1.0597E-02
 -1.3468E-14 -6.0434E-03  1.1519E-14
 -4.5453E-03  4.4716E-03  1.0597E-02
 -2.6898E-15  6.1891E-04  9.8633E-03
  4.4963E-16  8.3467E-04 -3.0927E-14
 -8.5247E-15  6.1891E-04 -9.8633E-03
 -4.5453E-03  4.4716E-03 -1.0597E-02
  2.8488E-14 -6.0434E-03 -2.1849E-15
  4.5453E-03  4.4716E-03  1.0597E-02
   5.0605E-01
  0.0000E+00  0.0000E+00  0.0000E+00
  0.0000E+00  0.0000E+00  0.0000E+00
  0.0000E+00  0.0000E+00  0.0000E+00
  0.0000E+00  0.0000E+00  0.0000E+00
  0.0000E+00  0.0000E+00  0.0000E+00
  0.0000E+00  0.0000E+00  0.0000E+00
  0.0000E+00  0.0000E+00  0.0000E+00
  0.0000E+00  0.0000E+00  0.0000E+00
  0.0000E+00  0.0000E+00  0.0000E+00
 -4.2693E-03  2.5259E-03 -4.6831E-03
  1.7473E-03 -4.9293E-14  1.0422E-02
 -4.2693E-03 -2.5259E-03 -4.6831E-03
 -2.9268E-14 -1.0822E-03  1.4583E-02
  2.6221E-15 -1.1365E-14 -1.0566E-02
  2.3513E-14  1.0822E-03  1.4583E-02
  4.2693E-03  2.5259E-03 -4.6831E-03
 -1.7473E-03  3.0951E-14  1.0422E-02
  4.2693E-03 -2.5259E-03 -4.6831E-03
 -3.3770E-03  8.4188E-03 -1.1117E-02
  1.0230E-02  9.7424E-15  1.5578E-03
 -3.3770E-03 -8.4188E-03 -1.1117E-02
  1.0411E-15 -1.2172E-02  1.6724E-04
  1.1202E-14 -2.7374E-15 -1.0582E-03
 -1.6145E-14  1.2172E-02  1.6724E-04
  3.3770E-03  8.4188E-03 -1.1117E-02
 -1.0230E-02 -2.0180E-14  1.5578E-03
  3.3770E-03 -8.4188E-03 -1.1117E-02
 -5.0705E-03  1.4565E-03  7.2454E-03
 -2.9988E-03 -1.2644E-14 -3.7366E-03
 -5.0705E-03 -1.4565E-03  7.2454E-03
  2.0165E-14  3.5349E-03 -6.3313E-03
 -1.5410E-14 -1.2436E-14  4.6864E-03
  1.7563E-14 -3.5349E-03 -6.3313E-03
  5.0705E-03  1.4565E-03  7.2454E-03
  2.9988E-03 -5.1867E-15 -3.7366E-03
  5.0705E-03 -1.4565E-03  7.2454E-03
  5.8093E-03 -4.7597E-03  1.0555E-02
  1.9181E-03 -4.5815E-14 -2.8766E-04
  5.8093E-03  4.7597E-03  1.0555E-02
 -4.3655E-14 -8.1056E-04  1.1765E-03
  1.0472E-14 -2.0580E-14 -2.8965E-03
 -1.6206E-16  8.1056E-04  1.1765E-03
 -5.8093E-03 -4.7597E-03  1.0555E-02
 -1.9181E-03  1.3478E-14 -2.8766E-04
 -5.8093E-03  4.7597E-03  1.0555E-02
 -3.2042E-03  3.1023E-03 -1.1951E-02
 -2.7299E-03  1.3437E-14  4.1180E-04
 -3.2042E-03 -3.1023E-03 -1.1951E-02
  2.2094E-14  1.3446E-03  9.4958E-04
 -7.1519E-15  5.2461E-15 -1.6293E-03
  5.6755E-15 -1.3446E-03  9.4958E-04
  3.2042E-03  3.1023E-03 -1.1951E-02
  2.7299E-03 -1.0987E-14  4.1180E-04
  3.2042E-03 -3.1023E-03 -1.1951E-02
  1.2236E-04 -3.9302E-04 -5.7535E-03
  7.6566E-04  2.8488E-14  5.2638E-03
  1.2236E-04  3.9302E-04 -5.7535E-03
  1.3215E-14 -1.0961E-04  4.4466E-03
  7.7390E-15  2.0081E-15  8.6502E-04
 -2.6017E-14  1.0961E-04  4.4466E-03
 -1.2236E-04 -3.9302E-04 -5.7535E-03
 -7.6566E-04 -2.6619E-14  5.2638E-03
 -1.2236E-04  3.9302E-04 -5.7535E-03
 -2.3200E-03  2.1687E-03  8.9515E-03
  3.4453E-03  1.0374E-14 -7.0479E-04
 -2.3200E-03 -2.1687E-03  8.9515E-03
  3.4102E-15 -3.5941E-03  8.4709E-04
 -7.3958E-15  6.3532E-15 -6.7101E-04
  1.2314E-14  3.5941E-03  8.4709E-04
  2.3200E-03  2.1687E-03  8.9515E-03
 -3.4453E-03  1.1534E-14 -7.0479E-04
  2.3200E-03 -2.1687E-03  8.9515E-03
  3.8138E-03 -1.3946E-03  1.5817E-03
  2.0320E-03  2.6952E-15 -8.3831E-03
  3.8138E-03  1.3946E-03  1.5817E-03
 -1.0080E-14 -1.8573E-03 -8.9157E-03
  4.1258E-15  8.3557E-15  1.6063E-03
 -1.1644E-14  1.8573E-03 -8.9157E-03
 -3.8138E-03 -1.3946E-03  1.5817E-03
 -2.0320E-03  8.0573E-15 -8.3831E-03
 -3.8138E-03  1.3946E-03  1.5817E-03
 -3.2101E-03  1.0897E-04 -8.8881E-04
 -1.0210E-02  3.3453E-15  4.6988E-03
 -3.2101E-03 -1.0897E-04 -8.8881E-04
  1.3847E-14  9.1644E-03  1.5938E-03
 -2.5465E-16 -8.5764E-15 -4.7128E-04
 -7.2377E-15 -9.1644E-03  1.5938E-03
  3.2101E-03  1.0897E-04 -8.8881E-04
  1.0210E-02 -3.0287E-14  4.6988E-03
  3.2101E-03 -1.0897E-04 -8.8881E-04
  3.1534E-03 -2.6464E-03 -4.1957E-03
  7.8007E-03 -1.1238E-14  6.7233E-03
  3.1534E-03  2.6464E-03 -4.1957E-03
  5.3033E-15 -5.7934E-03  8.7011E-03
 -6.2240E-15 -1.3800E-14 -1.5464E-03
  1.6539E-14  5.7934E-03  8.7011E-03
 -3.1534E-03 -2.6464E-03 -4.1957E-03
 -7.8007E-03  9.7154E-16  6.7233E-03
 -3.1534E-03  2.6464E-03 -4.1957E-03
 -3.9559E-03  4.3217E-03 -4.9115E-03
  1.9294E-04 -5.5807E-14 -7.0431E-03
 -3.9559E-03 -4.3217E-03 -4.9115E-03
 -3.8916E-14 -1.6260E-03 -2.8744E-03
  1.4684E-14 -2.2084E-14  5.4558E-04
 -1.0539E-15  1.6260E-03 -2.8744E-03
  3.9559E-03  4.3217E-03 -4.9115E-03
 -1.9294E-04  1.4572E-14 -7.0431E-03
  3.9559E-03 -4.3217E-03 -4.9115E-03
  3.0640E-03 -8.8969E-04  1.0721E-02
 -6.5778E-04 -1.3510E-14 -1.4048E-03
  3.0640E-03  8.8969E-04  1.0721E-02
  2.1090E-14  7.0862E-04 -4.5925E-03
 -1.6695E-14 -8.9115E-15  7.3412E-04
  2.4248E-14 -7.0862E-04 -4.5925E-03
 -3.0640E-03 -8.8969E-04  1.0721E-02
  6.5778E-04 -1.5793E-14 -1.4048E-03
 -3.0640E-03  8.8969E-04  1.0721E-02
 -2.4702E-03  4.3763E-04  3.7378E-03
 -3.1283E-03 -1.2192E-15  3.8560E-03
 -2.4702E-03 -4.3763E-04  3.7378E-03
 -1.5263E-14  2.4050E-03 -1.2850E-03
  9.3041E-15 -2.1499E-14  6.5779E-04
 -2.9441E-14 -2.4050E-03 -1.2850E-03
  2.4702E-03  4.3763E-04  3.7378E-03
  3.1283E-03 -2.0196E-14  3.8560E-03
  2.4702E-03 -4.3763E-04  3.7378E-03
  4.5956E-03 -6.0256E-03 -1.3710E-02
  3.7621E-03 -2.5942E-14 -1.3622E-03
  4.5956E-03  6.0256E-03 -1.3710E-02
  1.3407E-14 -7.4460E-04  3.3110E-03
 -3.6365E-15 -1.9984E-14 -3.1753E-04
  1.9137E-14  7.4460E-04  3.3110E-03
 -4.5956E-03 -6.0256E-03 -1.3710E-02
 -3.7621E-03 -1.4330E-14 -1.3622E-03
 -4.5956E-03  6.0256E-03 -1.3710E-02
 -6.9084E-03  7.3005E-03  1.2979E-03
 -5.3053E-03  3.3872E-15  1.3797E-03
 -6.9084E-03 -7.3005E-03  1.2979E-03
 -4.8779E-15  2.1588E-03  6.7020E-03
  5.8041E-15 -1.1929E-15 -3.3631E-03
 -6.3710E-15 -2.1588E-03  6.7020E-03
  6.9084E-03  7.3005E-03  1.2979E-03
  5.3053E-03 -7.2570E-15  1.3797E-03
  6.9084E-03 -7.3005E-03  1.2979E-03
  5.0948E-03 -5.7143E-05  9.2465E-03
  1.0600E-02  2.1681E-15 -5.0812E-04
  5.0948E-03  5.7143E-05  9.2465E-03
  1.2273E-14 -9.7666E-03 -6.4068E-03
 -8.5512E-15 -2.0086E-14  4.0295E-03
 -1.7098E-14  9.7666E-03 -6.4068E-03
 -5.0948E-03 -5.7143E-05  9.2465E-03
 -1.0600E-02 -3.7591E-14 -5.0812E-04
 -5.0948E-03  5.7143E-05  9.2465E-03
 -3.2314E-03 -1.4879E-03 -2.0064E-03
 -9.1451E-03  1.4491E-14 -4.5519E-03
 -3.2314E-03  1.4879E-03 -2.0064E-03
  1.5071E-14  8.7661E-03 -9.1836E-03
  2.5000E-15 -1.3070E-14  1.9654E-03
 -9.9761E-15 -8.7661E-03 -9.1836E-03
  3.2314E-03 -1.4879E-03 -2.0064E-03
  9.1451E-03 -2.9737E-14 -4.5519E-03
  3.2314E-03  1.4879E-03 -2.0064E-03
  3.2433E-03 -5.1462E-03 -1.4316E-03
  2.6864E-03 -3.4084E-14  4.2157E-03
  3.2433E-03  5.1462E-03 -1.4316E-03
 -1.7781E-14  6.8228E-05  1.0548E-02
  7.6849E-15 -5.8468E-15 -4.8639E-03
  1.2958E-14 -6.8228E-05  1.0548E-02
 -3.2433E-03 -5.1462E-03 -1.4316E-03
 -2.6864E-03  1.4733E-14  4.2157E-03
 -3.2433E-03  5.1462E-03 -1.4316E-03
 -8.5428E-03  1.2799E-02 -2.7858E-03
  7.6861E-04 -2.3646E-14  5.3165E-04
 -8.5428E-03 -1.2799E-02 -2.7858E-03
 -3.0883E-15 -4.9774E-03  4.0289E-03
 -9.3154E-15 -4.4776E-15  2.0506E-03
  2.1117E-14  4.9774E-03  4.0289E-03
  8.5428E-03  1.2799E-02 -2.7858E-03
 -7.6861E-04  2.0180E-14  5.3165E-04
  8.5428E-03 -1.2799E-02 -2.7858E-03
  6.6092E-03 -6.7354E-03 -5.4264E-04
  9.2116E-03  3.6249E-14 -4.9111E-03
  6.6092E-03  6.7354E-03 -5.4264E-04
 -6.9488E-15 -6.9788E-03 -1.0978E-02
  7.0200E-16  1.8861E-14  6.4344E-03
 -2.3688E-14  6.9788E-03 -1.0978E-02
 -6.6092E-03 -6.7354E-03 -5.4264E-04
 -9.2116E-03 -6.6204E-15 -4.9111E-03
 -6.6092E-03  6.7354E-03 -5.4264E-04
   5.0658E-01
  0.0000E+00  0.0000E+00  0.0000E+00
  0.0000E+00  0.0000E+00  0.0000E+00
  0.0000E+00  0.0000E+00  0.0000E+00
  0.0000E+00  0.0000E+00  0.0000E+00
  0.0000E+00  0.0000E+00  0.0000E+00
  0.0000E+00  0.0000E+00  0.0000E+00
  0.0000E+00  0.0000E+00  0.0000E+00
  0.0000E+00  0.0000E+00  0.0000E+00
  0.0000E+00  0.0000E+00  0.0000E+00
  1.7960E-03 -3.9695E-03  1.1657E-02
 -2.6153E-03 -8.5336E-14 -1.3599E-02
  1.7960E-03  3.9695E-03  1.1657E-02
  2.2596E-03 -3.3949E-14  1.7421E-13
 -1.4253E-03 -1.9409E-14 -1.2971E-13
  2.2596E-03  7.2598E-14  1.8338E-13
  1.7960E-03  3.9695E-03 -1.1657E-02
 -2.6153E-03  5.2914E-14  1.3599E-02
  1.7960E-03 -3.9695E-03 -1.1657E-02
 -5.9838E-03  9.2403E-03 -2.1895E-03
  9.4712E-03  1.7385E-14  3.7161E-03
 -5.9838E-03 -9.2403E-03 -2.1895E-03
 -3.0385E-03 -1.4341E-13 -1.1418E-14
 -1.9819E-04 -4.4616E-15  1.9482E-16
 -3.0385E-03  1.3858E-13  1.9131E-14
 -5.9838E-03 -9.2403E-03  2.1895E-03
  9.4712E-03 -3.4235E-14 -3.7161E-03
 -5.9838E-03  9.2403E-03  2.1895E-03
  2.8830E-03 -5.7927E-03 -1.1622E-02
 -5.3008E-03 -2.1894E-14  1.1813E-02
  2.8830E-03  5.7927E-03 -1.1622E-02
  2.7825E-03  2.8537E-14 -2.6026E-14
 -6.8366E-04 -2.1305E-14  1.5471E-14
  2.7825E-03  7.2889E-15 -8.5111E-14
  2.8830E-03  5.7927E-03  1.1622E-02
 -5.3008E-03 -9.4250E-15 -1.1813E-02
  2.8830E-03 -5.7927E-03  1.1622E-02
  2.8436E-03 -1.0565E-03  5.7123E-03
 -3.3611E-03 -7.8645E-14 -6.8806E-03
  2.8436E-03  1.0565E-03  5.7123E-03
 -2.0626E-03  2.7149E-14  3.2493E-14
  2.7193E-03 -3.5820E-14 -7.8061E-14
 -2.0626E-03  5.2514E-14  7.1125E-14
  2.8436E-03  1.0565E-03 -5.7123E-03
 -3.3611E-03  2.2934E-14  6.8806E-03
  2.8436E-03 -1.0565E-03 -5.7123E-03
 -1.5466E-03  8.1162E-05  1.0467E-02
  2.1040E-03  2.3491E-14 -9.5787E-03
 -1.5466E-03 -8.1162E-05  1.0467E-02
  1.8953E-03  3.8455E-15 -1.5984E-14
 -2.3959E-03  8.8803E-15  3.3375E-14
  1.8953E-03 -3.8681E-14 -8.2775E-15
 -1.5466E-03 -8.1162E-05 -1.0467E-02
  2.1040E-03 -1.9095E-14  9.5787E-03
 -1.5466E-03  8.1162E-05 -1.0467E-02
 -4.7252E-03  6.6974E-03 -9.6078E-03
  6.5501E-03  4.9095E-14  9.2714E-03
 -4.7252E-03 -6.6974E-03 -9.6078E-03
 -2.2635E-03  1.2908E-14 -1.8502E-14
  2.9763E-04  3.9738E-15  7.6905E-14
 -2.2635E-03 -1.8043E-14 -8.1117E-14
 -4.7252E-03 -6.6974E-03  9.6078E-03
  6.5501E-03 -4.6160E-14 -9.2714E-03
 -4.7252E-03  6.6974E-03  9.6078E-03
  5.4994E-03 -7.5291E-03 -7.1797E-03
 -7.5883E-03  1.8449E-14  7.1223E-03
  5.4994E-03  7.5291E-03 -7.1797E-03
  2.3216E-03  6.8470E-14  5.9811E-14
 -6.9908E-05  1.0905E-14 -1.1187E-13
  2.3216E-03 -7.1596E-14  1.0154E-13
  5.4994E-03  7.5291E-03  7.1797E-03
 -7.5883E-03  2.0054E-14 -7.1223E-03
  5.4994E-03 -7.5291E-03  7.1797E-03
  4.7695E-04  1.0248E-03  1.2009E-02
 -7.5989E-04  4.7052E-15 -1.1290E-02
  4.7695E-04 -1.0248E-03  1.2009E-02
 -1.9784E-03 -1.7120E-13  3.7684E-14
  2.1417E-03  1.4185E-14 -6.9498E-15
 -1.9784E-03  1.3289E-13  4.1581E-14
  4.7695E-04 -1.0248E-03 -1.2009E-02
 -7.5989E-04  1.2812E-14  1.1290E-02
  4.7695E-04  1.0248E-03 -1.2009E-02
 -3.1341E-03  1.4636E-03  2.8285E-03
  3.9759E-03  7.0663E-15 -4.1373E-03
 -3.1341E-03 -1.4636E-03  2.8285E-03
  2.0794E-03  1.5508E-14 -1.4170E-13
 -2.9841E-03 -1.5004E-14  1.3136E-13
  2.0794E-03  1.2003E-14 -1.4181E-13
 -3.1341E-03 -1.4636E-03 -2.8285E-03
  3.9759E-03 -5.2965E-14  4.1373E-03
 -3.1341E-03  1.4636E-03 -2.8285E-03
 -1.9281E-03  4.7602E-03 -1.2112E-02
  3.8926E-03 -1.7498E-14  1.2761E-02
 -1.9281E-03 -4.7602E-03 -1.2112E-02
 -2.8631E-03  7.6075E-14 -6.6983E-15
  1.1835E-03 -2.3337E-14 -2.9108E-14
 -2.8631E-03 -2.9258E-14 -9.3422E-15
 -1.9281E-03 -4.7602E-03  1.2112E-02
  3.8926E-03 -2.5191E-16 -1.2761E-02
 -1.9281E-03  4.7602E-03  1.2112E-02
  6.1602E-03 -9.6405E-03  5.5659E-04
 -9.8993E-03 -9.4362E-14  5.9977E-04
  6.1602E-03  9.6405E-03  5.5659E-04
  3.4063E-03  4.5654E-14  1.1002E-13
  5.8625E-05 -3.8038E-14 -1.0962E-13
  3.4063E-03  1.6414E-14  1.3368E-13
  6.1602E-03  9.6405E-03 -5.5659E-04
 -9.8993E-03  2.3786E-14 -5.9977E-04
  6.1602E-03 -9.6405E-03 -5.5659E-04
 -2.7232E-03  5.4434E-03  1.1625E-02
  4.1415E-03 -2.1646E-14 -1.3734E-02
 -2.7232E-03 -5.4434E-03  1.1625E-02
 -3.1270E-03 -3.2123E-14  1.1098E-14
  1.6744E-03 -1.5697E-14  2.2723E-14
 -3.1270E-03  4.8202E-14  1.8525E-14
 -2.7232E-03 -5.4434E-03 -1.1625E-02
  4.1415E-03 -2.7900E-14  1.3734E-02
 -2.7232E-03  5.4434E-03 -1.1625E-02
 -1.9465E-03  2.0090E-05 -3.6071E-03
  3.2907E-03 -1.9653E-15  4.4944E-03
 -1.9465E-03 -2.0090E-05 -3.6071E-03
  2.8467E-03  7.5656E-14  2.1301E-14
 -3.8708E-03 -3.6724E-14  2.1015E-16
  2.8467E-03 -8.4651E-15 -4.5368E-14
 -1.9465E-03 -2.0090E-05  3.6071E-03
  3.2907E-03 -3.6047E-14 -4.4944E-03
 -1.9465E-03  2.0090E-05  3.6071E-03
 -7.1204E-04  3.4368E-03 -1.0479E-02
  7.2553E-04 -4.3598E-14  1.1593E-02
 -7.1204E-04 -3.4368E-03 -1.0479E-02
 -3.5561E-03  4.1193E-14 -8.3983E-14
  3.2850E-03 -3.4602E-14  7.0145E-15
 -3.5561E-03  3.8467E-14 -1.5061E-14
 -7.1204E-04 -3.4368E-03  1.0479E-02
  7.2553E-04 -2.4392E-14 -1.1593E-02
 -7.1204E-04  3.4368E-03  1.0479E-02
  6.6616E-03 -1.1146E-02  5.9272E-03
 -1.0184E-02  5.7210E-15 -7.5060E-03
  6.6616E-03  1.1146E-02  5.9272E-03
  4.8635E-03  4.9532E-16 -4.1681E-14
 -1.4021E-03 -1.7600E-15  9.5085E-14
  4.8635E-03 -2.9896E-14 -4.9127E-14
  6.6616E-03  1.1146E-02 -5.9272E-03
 -1.0184E-02 -1.3399E-14  7.5060E-03
  6.6616E-03 -1.1146E-02 -5.9272E-03
 -6.1592E-03  1.1553E-02  9.9684E-03
  1.0182E-02  4.2103E-15 -9.6653E-03
 -6.1592E-03 -1.1553E-02  9.9684E-03
 -5.6732E-03  8.5207E-14  5.0073E-14
  1.9255E-03 -3.4859E-14 -5.7386E-14
 -5.6732E-03 -1.0731E-14 -1.5968E-15
 -6.1592E-03 -1.1553E-02 -9.9684E-03
  1.0182E-02 -6.4727E-14  9.6653E-03
 -6.1592E-03  1.1553E-02 -9.9684E-03
  5.2320E-04 -5.8335E-03 -1.0040E-02
 -2.1384E-03  2.4888E-14  1.1009E-02
  5.2320E-04  5.8335E-03 -1.0040E-02
  5.9453E-03 -7.1867E-14  4.1556E-14
 -4.5632E-03 -2.2593E-14 -7.3334E-14
  5.9453E-03  1.1394E-13  9.1401E-14
  5.2320E-04  5.8335E-03  1.0040E-02
 -2.1384E-03 -5.1471E-14 -1.1009E-02
  5.2320E-04 -5.8335E-03  1.0040E-02
 -8.5729E-05  5.8264E-03 -6.3348E-03
  1.1930E-03 -5.8710E-14  5.1112E-03
 -8.5729E-05 -5.8264E-03 -6.3348E-03
 -6.6509E-03  6.3010E-14  1.9600E-14
  5.6384E-03 -9.6483E-15  5.3915E-14
 -6.6509E-03 -4.8180E-14 -8.7480E-15
 -8.5729E-05 -5.8264E-03  6.3348E-03
  1.1930E-03  2.5211E-14 -5.1112E-03
 -8.5729E-05  5.8264E-03  6.3348E-03
  6.5918E-03 -1.3895E-02  1.1648E-02
 -1.0289E-02 -4.0326E-14 -1.0597E-02
  6.5918E-03  1.3895E-02  1.1648E-02
  8.1704E-03 -1.5696E-14 -5.7125E-15
 -4.4937E-03 -7.9345E-15  7.2115E-15
  8.1704E-03  1.6681E-14  6.6876E-16
  6.5918E-03  1.3895E-02 -1.1648E-02
 -1.0289E-02  3.5338E-14  1.0597E-02
  6.5918E-03 -1.3895E-02 -1.1648E-02
 -9.5155E-03  1.8951E-02  3.5443E-03
  1.4375E-02  6.1226E-14 -4.5439E-03
 -9.5155E-03 -1.8951E-02  3.5443E-03
 -1.0256E-02  1.3287E-13  3.9564E-15
  5.4038E-03  3.2439E-14 -1.5326E-13
 -1.0256E-02 -1.6803E-13 -2.9799E-14
 -9.5155E-03 -1.8951E-02 -3.5443E-03
  1.4375E-02 -1.2097E-14  4.5439E-03
 -9.5155E-03  1.8951E-02 -3.5443E-03
   5.0851E-01
  0.0000E+00  0.0000E+00  0.0000E+00
  0.0000E+00  0.0000E+00  0.0000E+00
  0.0000E+00  0.0000E+00  0.0000E+00
  0.0000E+00  0.0000E+00  0.0000E+00
  0.0000E+00  0.0000E+00  0.0000E+00
  0.0000E+00  0.0000E+00  0.0000E+00
  0.0000E+00  0.0000E+00  0.0000E+00
  0.0000E+00  0.0000E+00  0.0000E+00
  0.0000E+00  0.0000E+00  0.0000E+00
  1.5800E-04  2.4555E-04  1.3032E-02
 -2.7115E-13  5.7819E-04 -2.2786E-13
 -1.5800E-04  2.4555E-04 -1.3032E-02
  1.2395E-13 -4.0938E-04 -1.2414E-02
 -1.0149E-14 -4.4003E-04  3.2099E-13
 -1.0270E-13 -4.0938E-04  1.2414E-02
 -1.5800E-04  2.4555E-04  1.3032E-02
  2.9949E-13  5.7819E-04  3.0559E-13
  1.5800E-04  2.4555E-04 -1.3032E-02
 -9.1766E-04  1.7251E-03 -2.5125E-03
  7.3059E-14 -2.7767E-03 -8.8751E-14
  9.1766E-04  1.7251E-03  2.5125E-03
 -3.4426E-15 -4.0124E-03  2.2170E-03
 -4.8239E-14  5.1844E-03 -9.3951E-16
  7.3775E-14 -4.0124E-03 -2.2170E-03
  9.1766E-04  1.7251E-03 -2.5125E-03
  8.9183E-14 -2.7767E-03 -3.5206E-13
 -9.1766E-04  1.7251E-03  2.5125E-03
 -5.8345E-03  2.7070E-03 -1.0002E-02
 -3.0178E-13  6.9609E-03 -3.1185E-14
  5.8345E-03  2.7070E-03  1.0002E-02
 -9.1679E-14 -6.1511E-03  9.3243E-03
  6.7145E-14 -3.6281E-03 -3.7430E-14
 -7.5858E-14 -6.1511E-03 -9.3243E-03
  5.8345E-03  2.7070E-03 -1.0002E-02
  2.8033E-13  6.9609E-03 -2.9680E-13
 -5.8345E-03  2.7070E-03  1.0002E-02
  1.1937E-02 -7.2570E-03  5.7675E-04
  5.1791E-14 -9.9552E-03  3.2863E-14
 -1.1937E-02 -7.2570E-03 -5.7675E-04
  1.8720E-13  1.5910E-02  3.1330E-04
 -4.7363E-14  1.3106E-03  1.9434E-13
  5.3323E-15  1.5910E-02 -3.1330E-04
 -1.1937E-02 -7.2570E-03  5.7675E-04
 -2.9974E-13 -9.9552E-03  2.4740E-13
  1.1937E-02 -7.2570E-03 -5.7675E-04
 -8.3094E-03  4.4137E-03  1.0340E-02
 -2.4627E-15  8.9444E-03  5.6216E-14
  8.3094E-03  4.4137E-03 -1.0340E-02
 -1.0043E-13 -8.7158E-03 -1.0938E-02
  3.2680E-14 -4.5684E-03 -8.3535E-14
 -2.2354E-14 -8.7158E-03  1.0938E-02
  8.3094E-03  4.4137E-03  1.0340E-02
  2.4225E-13  8.9444E-03  1.7952E-13
 -8.3094E-03  4.4137E-03 -1.0340E-02
  2.7647E-03 -4.6041E-04  5.2414E-04
  2.3398E-13 -6.2426E-03 -4.4088E-14
 -2.7647E-03 -4.6041E-04 -5.2414E-04
 -5.9520E-14 -8.5259E-04 -8.8496E-05
 -3.3529E-14  7.4084E-03 -1.9309E-13
  1.1793E-13 -8.5259E-04  8.8496E-05
 -2.7647E-03 -4.6041E-04  5.2414E-04
 -3.1428E-13 -6.2426E-03 -1.2509E-13
  2.7647E-03 -4.6041E-04 -5.2414E-04
 -4.3598E-03  2.6219E-03 -1.2303E-02
 -8.0517E-14  4.7366E-03 -8.5970E-14
  4.3598E-03  2.6219E-03  1.2303E-02
 -2.0604E-14 -3.9120E-03  1.2466E-02
  3.1931E-14 -3.2214E-03  2.7951E-13
 -5.0287E-14 -3.9120E-03 -1.2466E-02
  4.3598E-03  2.6219E-03 -1.2303E-02
  1.4730E-13  4.7366E-03 -2.0155E-13
 -4.3598E-03  2.6219E-03  1.2303E-02
  5.6929E-03 -4.5370E-03  1.6672E-03
 -1.5892E-13 -2.7017E-03 -9.3076E-15
 -5.6929E-03 -4.5370E-03 -1.6672E-03
  3.9730E-14  9.0382E-03 -3.1804E-03
 -1.9336E-14 -1.9848E-03  1.9023E-14
  5.6390E-14  9.0382E-03  3.1804E-03
 -5.6929E-03 -4.5370E-03  1.6672E-03
  7.8324E-14 -2.7017E-03  2.9226E-15
  5.6929E-03 -4.5370E-03 -1.6672E-03
  1.5351E-03 -7.5540E-04  1.0269E-02
 -1.8918E-13 -1.8598E-03  2.2134E-13
 -1.5351E-03 -7.5540E-04 -1.0269E-02
 -6.6373E-14  1.3252E-03 -8.0092E-03
  3.1371E-15  1.2597E-03 -3.2962E-13
  3.5515E-14  1.3252E-03  8.0092E-03
 -1.5351E-03 -7.5540E-04  1.0269E-02
  1.1394E-13 -1.8598E-03  2.9256E-13
  1.5351E-03 -7.5540E-04 -1.0269E-02
 -8.9577E-03  6.2822E-03  1.3647E-04
  2.7959E-13  6.2406E-03 -6.7066E-14
  8.9577E-03  6.2822E-03 -1.3647E-04
 -2.7056E-14 -1.2316E-02 -1.4491E-03
  2.6415E-14  3.3398E-05  7.0794E-14
 -6.3772E-14 -1.2316E-02  1.4491E-03
  8.9577E-03  6.2822E-03  1.3647E-04
 -1.0441E-13  6.2406E-03  1.1742E-13
 -8.9577E-03  6.2822E-03 -1.3647E-04
  7.2610E-03 -4.2810E-03 -1.1910E-02
 -1.0428E-14 -7.4969E-03 -9.8026E-14
 -7.2610E-03 -4.2810E-03  1.1910E-02
  1.5997E-13  7.2681E-03  1.1672E-02
 -6.3795E-14  4.2533E-03  2.7396E-13
  8.3083E-15  7.2681E-03 -1.1672E-02
 -7.2610E-03 -4.2810E-03 -1.1910E-02
 -3.0958E-14 -7.4969E-03 -3.6595E-13
  7.2610E-03 -4.2810E-03  1.1910E-02
 -3.8922E-03  9.8868E-04  1.2972E-03
 -8.7319E-14  7.4823E-03 -6.4952E-14
  3.8922E-03  9.8868E-04 -1.2972E-03
 -9.5071E-14 -3.0882E-04 -4.0453E-04
  7.1121E-14 -8.0213E-03 -5.4357E-14
 -9.6870E-14 -3.0882E-04  4.0453E-04
  3.8922E-03  9.8868E-04  1.2972E-03
  7.4303E-14  7.4823E-03 -2.2102E-13
 -3.8922E-03  9.8868E-04 -1.2972E-03
  7.4730E-03 -3.7336E-03  1.0994E-02
 -1.1002E-14 -8.4279E-03 -1.1935E-13
 -7.4730E-03 -3.7336E-03 -1.0994E-02
  5.8461E-14  7.4571E-03 -1.1887E-02
 -3.7497E-14  4.6627E-03  4.7993E-16
  1.3121E-13  7.4571E-03  1.1887E-02
 -7.4730E-03 -3.7336E-03  1.0994E-02
 -2.1050E-13 -8.4279E-03  2.7764E-13
  7.4730E-03 -3.7336E-03 -1.0994E-02
 -1.0206E-02  6.2545E-03 -1.3812E-03
  1.3668E-13  8.0033E-03  2.0488E-13
  1.0206E-02  6.2545E-03  1.3812E-03
 -6.0919E-14 -1.4104E-02  2.3668E-03
  1.3366E-14 -1.9107E-04 -1.9448E-14
 -7.4803E-14 -1.4104E-02 -2.3668E-03
  1.0206E-02  6.2545E-03 -1.3812E-03
  2.1462E-13  8.0033E-03  2.4422E-13
 -1.0206E-02  6.2545E-03  1.3812E-03
  3.5416E-03 -1.5462E-03 -9.5488E-03
  1.3308E-13 -3.8838E-03  2.1392E-13
 -3.5416E-03 -1.5462E-03  9.5488E-03
  1.2154E-14  4.0810E-03  8.8380E-03
 -2.4151E-14  1.4669E-03 -2.4030E-13
  2.9114E-14  4.0810E-03 -8.8380E-03
 -3.5416E-03 -1.5462E-03 -9.5488E-03
 -2.1618E-13 -3.8838E-03 -2.0058E-13
  3.5416E-03 -1.5462E-03  9.5488E-03
  4.2180E-03 -3.6431E-03 -1.3491E-03
 -1.8983E-13 -1.1849E-03 -2.0538E-13
 -4.2180E-03 -3.6431E-03  1.3491E-03
 -5.3509E-14  7.6636E-03  1.0887E-03
  3.5581E-14 -2.9371E-03  1.4743E-13
  8.3351E-14  7.6636E-03 -1.0887E-03
 -4.2180E-03 -3.6431E-03 -1.3491E-03
 -1.7057E-14 -1.1849E-03 -1.5726E-13
  4.2180E-03 -3.6431E-03  1.3491E-03
 -3.6498E-03  1.8404E-03  1.2949E-02
 -1.0003E-14  3.9388E-03 -1.9142E-13
  3.6498E-03  1.8404E-03 -1.2949E-02
 -7.4290E-14 -4.0996E-03 -1.2218E-02
 -7.1557E-15 -1.7375E-03  1.8443E-13
  4.2759E-14 -4.0996E-03  1.2218E-02
  3.6498E-03  1.8404E-03  1.2949E-02
  1.2332E-13  3.9388E-03  2.3122E-13
 -3.6498E-03  1.8404E-03 -1.2949E-02
  1.9662E-03  5.5519E-04 -1.7708E-03
  8.5642E-14 -5.8059E-03  1.5541E-13
 -1.9662E-03  5.5519E-04  1.7708E-03
  7.8175E-14 -1.0847E-03  1.9455E-03
 -3.7830E-14  6.5333E-03 -1.3847E-13
 -4.6594E-14 -1.0847E-03 -1.9455E-03
 -1.9662E-03  5.5519E-04 -1.7708E-03
  6.5584E-15 -5.8059E-03 -6.0990E-14
  1.9662E-03  5.5519E-04  1.7708E-03
 -7.4261E-03  3.5814E-03 -1.0997E-02
  5.2546E-14  8.7343E-03 -2.3623E-14
  7.4261E-03  3.5814E-03  1.0997E-02
  3.3378E-15 -7.9524E-03  9.8022E-03
  4.3955E-14 -4.5633E-03 -1.6816E-14
 -9.4688E-14 -7.9524E-03 -9.8022E-03
  7.4261E-03  3.5814E-03 -1.0997E-02
 -5.1204E-14  8.7343E-03 -2.4370E-13
 -7.4261E-03  3.5814E-03  1.0997E-02
  1.2431E-02 -8.8709E-03  1.6151E-03
  1.6479E-13 -9.0925E-03 -1.3637E-13
 -1.2431E-02 -8.8709E-03 -1.6151E-03
  3.5058E-14  1.5717E-02 -1.6053E-04
 -7.3694E-15  2.4153E-03  3.8792E-13
  1.1461E-13  1.5717E-02  1.6053E-04
 -1.2431E-02 -8.8709E-03  1.6151E-03
 -3.6511E-13 -9.0925E-03  3.3397E-14
  1.2431E-02 -8.8709E-03 -1.6151E-03
