Scalar STRAINXZ under Modal for nodeset
189
   8.8043E-04
 -2.1904E-05
 -2.9800E-05
 -2.5677E-05
 -1.6052E-05
 -2.2079E-05
 -1.6052E-05
 -2.5677E-05
 -2.9800E-05
 -2.1904E-05
 -1.8536E-06
 -7.2704E-06
 -3.1215E-06
  2.1485E-07
 -4.4443E-06
  2.1485E-07
 -3.1215E-06
 -7.2704E-06
 -1.8536E-06
 -1.9461E-06
 -1.3475E-06
 -1.7134E-06
 -2.9880E-06
 -2.5238E-06
 -2.9880E-06
 -1.7134E-06
 -1.3475E-06
 -1.9461E-06
 -2.6780E-06
 -1.6949E-06
 -2.4821E-06
 -2.8441E-06
 -2.0790E-06
 -2.8441E-06
 -2.4821E-06
 -1.6949E-06
 -2.6780E-06
 -2.4991E-06
 -1.6475E-06
 -2.3109E-06
 -2.8981E-06
 -2.1146E-06
 -2.8981E-06
 -2.3109E-06
 -1.6475E-06
 -2.4991E-06
 -2.4975E-06
 -1.6392E-06
 -2.3114E-06
 -2.8509E-06
 -2.0896E-06
 -2.8509E-06
 -2.3114E-06
 -1.6392E-06
 -2.4975E-06
 -2.4549E-06
 -1.6120E-06
 -2.2715E-06
 -2.8095E-06
 -2.0579E-06
 -2.8095E-06
 -2.2715E-06
 -1.6120E-06
 -2.4549E-06
 -2.4037E-06
 -1.5779E-06
 -2.2241E-06
 -2.7496E-06
 -2.0141E-06
 -2.7496E-06
 -2.2241E-06
 -1.5779E-06
 -2.4037E-06
 -2.3363E-06
 -1.5337E-06
 -2.1617E-06
 -2.6729E-06
 -1.9578E-06
 -2.6729E-06
 -2.1617E-06
 -1.5337E-06
 -2.3363E-06
 -2.2525E-06
 -1.4785E-06
 -2.0842E-06
 -2.5771E-06
 -1.8876E-06
 -2.5771E-06
 -2.0842E-06
 -1.4785E-06
 -2.2525E-06
 -2.1509E-06
 -1.4117E-06
 -1.9901E-06
 -2.4609E-06
 -1.8024E-06
 -2.4609E-06
 -1.9901E-06
 -1.4117E-06
 -2.1509E-06
 -2.0304E-06
 -1.3325E-06
 -1.8785E-06
 -2.3230E-06
 -1.7014E-06
 -2.3230E-06
 -1.8785E-06
 -1.3325E-06
 -2.0304E-06
 -1.8900E-06
 -1.2402E-06
 -1.7487E-06
 -2.1626E-06
 -1.5839E-06
 -2.1626E-06
 -1.7487E-06
 -1.2402E-06
 -1.8900E-06
 -1.7292E-06
 -1.1345E-06
 -1.5998E-06
 -1.9786E-06
 -1.4491E-06
 -1.9786E-06
 -1.5998E-06
 -1.1345E-06
 -1.7292E-06
 -1.5472E-06
 -1.0150E-06
 -1.4314E-06
 -1.7705E-06
 -1.2966E-06
 -1.7705E-06
 -1.4314E-06
 -1.0150E-06
 -1.5472E-06
 -1.3437E-06
 -8.8125E-07
 -1.2430E-06
 -1.5377E-06
 -1.1260E-06
 -1.5377E-06
 -1.2430E-06
 -8.8125E-07
 -1.3437E-06
 -1.1182E-06
 -7.3314E-07
 -1.0344E-06
 -1.2799E-06
 -9.3712E-07
 -1.2799E-06
 -1.0344E-06
 -7.3314E-07
 -1.1182E-06
 -8.7067E-07
 -5.7054E-07
 -8.0532E-07
 -9.9667E-07
 -7.2974E-07
 -9.9667E-07
 -8.0532E-07
 -5.7054E-07
 -8.7067E-07
 -6.0050E-07
 -3.9347E-07
 -5.5543E-07
 -6.8851E-07
 -5.0351E-07
 -6.8851E-07
 -5.5543E-07
 -3.9347E-07
 -6.0050E-07
 -3.0869E-07
 -2.0166E-07
 -2.8534E-07
 -3.5462E-07
 -2.5747E-07
 -3.5462E-07
 -2.8534E-07
 -2.0166E-07
 -3.0869E-07
 -1.5104E-07
 -9.5766E-08
 -1.3865E-07
 -1.7416E-07
 -1.2310E-07
 -1.7416E-07
 -1.3865E-07
 -9.5766E-08
 -1.5104E-07
   8.8043E-04
 -7.7159E-06
 -4.9259E-07
  6.9294E-06
 -2.6534E-07
 -3.6497E-07
 -2.6534E-07
  6.9294E-06
 -4.9259E-07
 -7.7159E-06
 -2.5021E-06
 -1.2018E-07
  2.4199E-06
  3.5515E-09
 -7.3464E-08
  3.5515E-09
  2.4199E-06
 -1.2018E-07
 -2.5021E-06
  4.2140E-07
 -2.2274E-08
 -4.8189E-07
 -4.9392E-08
 -4.1719E-08
 -4.9392E-08
 -4.8189E-07
 -2.2274E-08
  4.2140E-07
  3.3763E-07
 -2.8017E-08
 -4.2292E-07
 -4.7014E-08
 -3.4366E-08
 -4.7014E-08
 -4.2292E-07
 -2.8017E-08
  3.3763E-07
  3.2552E-07
 -2.7233E-08
 -4.0503E-07
 -4.7907E-08
 -3.4954E-08
 -4.7907E-08
 -4.0503E-07
 -2.7233E-08
  3.2552E-07
  3.2147E-07
 -2.7096E-08
 -4.0096E-07
 -4.7125E-08
 -3.4541E-08
 -4.7125E-08
 -4.0096E-07
 -2.7096E-08
  3.2147E-07
  3.1708E-07
 -2.6646E-08
 -3.9521E-07
 -4.6441E-08
 -3.4017E-08
 -4.6441E-08
 -3.9521E-07
 -2.6646E-08
  3.1708E-07
  3.1034E-07
 -2.6083E-08
 -3.8683E-07
 -4.5452E-08
 -3.3294E-08
 -4.5452E-08
 -3.8683E-07
 -2.6083E-08
  3.1034E-07
  3.0173E-07
 -2.5352E-08
 -3.7609E-07
 -4.4183E-08
 -3.2363E-08
 -4.4183E-08
 -3.7609E-07
 -2.5352E-08
  3.0173E-07
  2.9097E-07
 -2.4440E-08
 -3.6266E-07
 -4.2599E-08
 -3.1202E-08
 -4.2599E-08
 -3.6266E-07
 -2.4440E-08
  2.9097E-07
  2.7790E-07
 -2.3336E-08
 -3.4635E-07
 -4.0679E-08
 -2.9795E-08
 -4.0679E-08
 -3.4635E-07
 -2.3336E-08
  2.7790E-07
  2.6239E-07
 -2.2026E-08
 -3.2701E-07
 -3.8400E-08
 -2.8125E-08
 -3.8400E-08
 -3.2701E-07
 -2.2026E-08
  2.6239E-07
  2.4433E-07
 -2.0501E-08
 -3.0448E-07
 -3.5748E-08
 -2.6181E-08
 -3.5748E-08
 -3.0448E-07
 -2.0501E-08
  2.4433E-07
  2.2361E-07
 -1.8754E-08
 -2.7864E-07
 -3.2707E-08
 -2.3953E-08
 -3.2707E-08
 -2.7864E-07
 -1.8754E-08
  2.2361E-07
  2.0017E-07
 -1.6778E-08
 -2.4941E-07
 -2.9267E-08
 -2.1433E-08
 -2.9267E-08
 -2.4941E-07
 -1.6778E-08
  2.0017E-07
  1.7395E-07
 -1.4567E-08
 -2.1670E-07
 -2.5419E-08
 -1.8613E-08
 -2.5419E-08
 -2.1670E-07
 -1.4567E-08
  1.7395E-07
  1.4490E-07
 -1.2119E-08
 -1.8048E-07
 -2.1157E-08
 -1.5491E-08
 -2.1157E-08
 -1.8048E-07
 -1.2119E-08
  1.4490E-07
  1.1299E-07
 -9.4311E-09
 -1.4069E-07
 -1.6475E-08
 -1.2063E-08
 -1.6475E-08
 -1.4069E-07
 -9.4311E-09
  1.1299E-07
  7.7929E-08
 -6.5040E-09
 -9.7037E-08
 -1.1381E-08
 -8.3231E-09
 -1.1381E-08
 -9.7037E-08
 -6.5040E-09
  7.7929E-08
  4.0414E-08
 -3.3335E-09
 -5.0233E-08
 -5.8619E-09
 -4.2561E-09
 -5.8619E-09
 -5.0233E-08
 -3.3335E-09
  4.0414E-08
  2.1647E-08
 -1.5830E-09
 -2.6436E-08
 -2.8789E-09
 -2.0348E-09
 -2.8789E-09
 -2.6436E-08
 -1.5830E-09
  2.1647E-08
   8.8043E-04
 -2.5870E-06
 -6.9870E-07
  1.4713E-06
 -3.7636E-07
 -5.1768E-07
 -3.7636E-07
  1.4713E-06
 -6.9870E-07
 -2.5870E-06
 -7.4028E-07
 -1.7047E-07
  6.2363E-07
  5.0375E-09
 -1.0420E-07
  5.0375E-09
  6.2363E-07
 -1.7047E-07
 -7.4028E-07
  8.2253E-08
 -3.1593E-08
 -1.6805E-07
 -7.0059E-08
 -5.9175E-08
 -7.0059E-08
 -1.6805E-07
 -3.1593E-08
  8.2253E-08
  4.4883E-08
 -3.9741E-08
 -1.6587E-07
 -6.6686E-08
 -4.8746E-08
 -6.6686E-08
 -1.6587E-07
 -3.9741E-08
  4.4883E-08
  4.4830E-08
 -3.8628E-08
 -1.5761E-07
 -6.7952E-08
 -4.9580E-08
 -6.7952E-08
 -1.5761E-07
 -3.8628E-08
  4.4830E-08
  4.3717E-08
 -3.8433E-08
 -1.5647E-07
 -6.6844E-08
 -4.8993E-08
 -6.6844E-08
 -1.5647E-07
 -3.8433E-08
  4.3717E-08
  4.3281E-08
 -3.7795E-08
 -1.5410E-07
 -6.5873E-08
 -4.8250E-08
 -6.5873E-08
 -1.5410E-07
 -3.7795E-08
  4.3281E-08
  4.2342E-08
 -3.6997E-08
 -1.5085E-07
 -6.4470E-08
 -4.7224E-08
 -6.4470E-08
 -1.5085E-07
 -3.6997E-08
  4.2342E-08
  4.1182E-08
 -3.5959E-08
 -1.4665E-07
 -6.2671E-08
 -4.5905E-08
 -6.2671E-08
 -1.4665E-07
 -3.5959E-08
  4.1182E-08
  3.9721E-08
 -3.4667E-08
 -1.4140E-07
 -6.0424E-08
 -4.4258E-08
 -6.0424E-08
 -1.4140E-07
 -3.4667E-08
  3.9721E-08
  3.7946E-08
 -3.3100E-08
 -1.3504E-07
 -5.7700E-08
 -4.2261E-08
 -5.7700E-08
 -1.3504E-07
 -3.3100E-08
  3.7946E-08
  3.5838E-08
 -3.1242E-08
 -1.2749E-07
 -5.4468E-08
 -3.9893E-08
 -5.4468E-08
 -1.2749E-07
 -3.1242E-08
  3.5838E-08
  3.3381E-08
 -2.9080E-08
 -1.1870E-07
 -5.0705E-08
 -3.7136E-08
 -5.0705E-08
 -1.1870E-07
 -2.9080E-08
  3.3381E-08
  3.0562E-08
 -2.6601E-08
 -1.0862E-07
 -4.6392E-08
 -3.3976E-08
 -4.6392E-08
 -1.0862E-07
 -2.6601E-08
  3.0562E-08
  2.7371E-08
 -2.3798E-08
 -9.7210E-08
 -4.1513E-08
 -3.0401E-08
 -4.1513E-08
 -9.7210E-08
 -2.3798E-08
  2.7371E-08
  2.3801E-08
 -2.0662E-08
 -8.4451E-08
 -3.6055E-08
 -2.6402E-08
 -3.6055E-08
 -8.4451E-08
 -2.0662E-08
  2.3801E-08
  1.9845E-08
 -1.7190E-08
 -7.0318E-08
 -3.0009E-08
 -2.1973E-08
 -3.0009E-08
 -7.0318E-08
 -1.7190E-08
  1.9845E-08
  1.5500E-08
 -1.3377E-08
 -5.4796E-08
 -2.3369E-08
 -1.7110E-08
 -2.3369E-08
 -5.4796E-08
 -1.3377E-08
  1.5500E-08
  1.0691E-08
 -9.2255E-09
 -3.7793E-08
 -1.6143E-08
 -1.1806E-08
 -1.6143E-08
 -3.7793E-08
 -9.2255E-09
  1.0691E-08
  5.5955E-09
 -4.7283E-09
 -1.9523E-08
 -8.3147E-09
 -6.0369E-09
 -8.3147E-09
 -1.9523E-08
 -4.7283E-09
  5.5954E-09
  3.2659E-09
 -2.2454E-09
 -1.0058E-08
 -4.0836E-09
 -2.8862E-09
 -4.0836E-09
 -1.0058E-08
 -2.2454E-09
  3.2659E-09
   8.8043E-04
  2.1222E-05
  9.3698E-06
 -6.2613E-06
  5.0472E-06
  6.9422E-06
  5.0472E-06
 -6.2613E-06
  9.3698E-06
  2.1222E-05
  5.4005E-06
  2.2860E-06
 -3.8361E-06
 -6.7554E-08
  1.3974E-06
 -6.7554E-08
 -3.8361E-06
  2.2860E-06
  5.4005E-06
 -2.7224E-07
  4.2368E-07
  1.4229E-06
  9.3952E-07
  7.9356E-07
  9.3952E-07
  1.4229E-06
  4.2368E-07
 -2.7224E-07
  9.7624E-08
  5.3293E-07
  1.5249E-06
  8.9428E-07
  6.5370E-07
  8.9428E-07
  1.5249E-06
  5.3293E-07
  9.7624E-08
  7.0731E-08
  5.1801E-07
  1.4417E-06
  9.1126E-07
  6.6488E-07
  9.1126E-07
  1.4417E-06
  5.1801E-07
  7.0731E-08
  7.8190E-08
  5.1540E-07
  1.4339E-06
  8.9639E-07
  6.5701E-07
  8.9639E-07
  1.4339E-06
  5.1540E-07
  7.8190E-08
  7.4716E-08
  5.0684E-07
  1.4114E-06
  8.8338E-07
  6.4705E-07
  8.8338E-07
  1.4114E-06
  5.0684E-07
  7.4716E-08
  7.3400E-08
  4.9615E-07
  1.3817E-06
  8.6457E-07
  6.3329E-07
  8.6457E-07
  1.3817E-06
  4.9615E-07
  7.3400E-08
  7.1160E-08
  4.8223E-07
  1.3432E-06
  8.4044E-07
  6.1560E-07
  8.4044E-07
  1.3432E-06
  4.8223E-07
  7.1160E-08
  6.8500E-08
  4.6489E-07
  1.2951E-06
  8.1031E-07
  5.9352E-07
  8.1031E-07
  1.2951E-06
  4.6489E-07
  6.8500E-08
  6.5285E-08
  4.4388E-07
  1.2368E-06
  7.7377E-07
  5.6674E-07
  7.7377E-07
  1.2368E-06
  4.4388E-07
  6.5285E-08
  6.1499E-08
  4.1896E-07
  1.1676E-06
  7.3043E-07
  5.3498E-07
  7.3043E-07
  1.1676E-06
  4.1896E-07
  6.1499E-08
  5.7111E-08
  3.8997E-07
  1.0870E-06
  6.7998E-07
  4.9801E-07
  6.7998E-07
  1.0870E-06
  3.8997E-07
  5.7111E-08
  5.2098E-08
  3.5673E-07
  9.9463E-07
  6.2213E-07
  4.5563E-07
  6.2213E-07
  9.9463E-07
  3.5673E-07
  5.2098E-08
  4.6441E-08
  3.1914E-07
  8.9012E-07
  5.5670E-07
  4.0768E-07
  5.5670E-07
  8.9012E-07
  3.1914E-07
  4.6441E-08
  4.0125E-08
  2.7709E-07
  7.7321E-07
  4.8350E-07
  3.5406E-07
  4.8350E-07
  7.7321E-07
  2.7709E-07
  4.0125E-08
  3.3133E-08
  2.3052E-07
  6.4373E-07
  4.0243E-07
  2.9466E-07
  4.0243E-07
  6.4373E-07
  2.3052E-07
  3.3133E-08
  2.5463E-08
  1.7939E-07
  5.0152E-07
  3.1338E-07
  2.2945E-07
  3.1338E-07
  5.0152E-07
  1.7939E-07
  2.5463E-08
  1.7559E-08
  1.2372E-07
  3.4590E-07
  2.1649E-07
  1.5832E-07
  2.1649E-07
  3.4590E-07
  1.2372E-07
  1.7559E-08
  8.3355E-09
  6.3408E-08
  1.7844E-07
  1.1150E-07
  8.0957E-08
  1.1150E-07
  1.7844E-07
  6.3408E-08
  8.3355E-09
  4.2800E-10
  3.0112E-08
  9.0660E-08
  5.4762E-08
  3.8705E-08
  5.4762E-08
  9.0660E-08
  3.0112E-08
  4.2802E-10
   8.8043E-04
  1.3412E-05
  1.8176E-05
  1.5609E-05
  9.7905E-06
  1.3467E-05
  9.7905E-06
  1.5609E-05
  1.8176E-05
  1.3412E-05
  1.1480E-06
  4.4344E-06
  1.8864E-06
 -1.3104E-07
  2.7107E-06
 -1.3104E-07
  1.8864E-06
  4.4344E-06
  1.1480E-06
  1.1838E-06
  8.2185E-07
  1.0482E-06
  1.8225E-06
  1.5394E-06
  1.8225E-06
  1.0482E-06
  8.2185E-07
  1.1838E-06
  1.6307E-06
  1.0338E-06
  1.5166E-06
  1.7347E-06
  1.2680E-06
  1.7347E-06
  1.5166E-06
  1.0338E-06
  1.6307E-06
  1.5217E-06
  1.0048E-06
  1.4121E-06
  1.7677E-06
  1.2897E-06
  1.7677E-06
  1.4121E-06
  1.0048E-06
  1.5217E-06
  1.5208E-06
  9.9978E-07
  1.4124E-06
  1.7388E-06
  1.2745E-06
  1.7388E-06
  1.4124E-06
  9.9978E-07
  1.5208E-06
  1.4948E-06
  9.8318E-07
  1.3880E-06
  1.7136E-06
  1.2552E-06
  1.7136E-06
  1.3880E-06
  9.8318E-07
  1.4948E-06
  1.4636E-06
  9.6243E-07
  1.3590E-06
  1.6771E-06
  1.2285E-06
  1.6771E-06
  1.3590E-06
  9.6243E-07
  1.4636E-06
  1.4226E-06
  9.3542E-07
  1.3209E-06
  1.6303E-06
  1.1941E-06
  1.6303E-06
  1.3209E-06
  9.3542E-07
  1.4226E-06
  1.3716E-06
  9.0180E-07
  1.2735E-06
  1.5718E-06
  1.1513E-06
  1.5718E-06
  1.2735E-06
  9.0180E-07
  1.3716E-06
  1.3097E-06
  8.6104E-07
  1.2160E-06
  1.5010E-06
  1.0994E-06
  1.5010E-06
  1.2160E-06
  8.6104E-07
  1.3097E-06
  1.2363E-06
  8.1271E-07
  1.1479E-06
  1.4169E-06
  1.0378E-06
  1.4169E-06
  1.1479E-06
  8.1271E-07
  1.2363E-06
  1.1508E-06
  7.5646E-07
  1.0685E-06
  1.3190E-06
  9.6604E-07
  1.3190E-06
  1.0685E-06
  7.5646E-07
  1.1508E-06
  1.0529E-06
  6.9199E-07
  9.7755E-07
  1.2068E-06
  8.8383E-07
  1.2068E-06
  9.7755E-07
  6.9199E-07
  1.0529E-06
  9.4209E-07
  6.1906E-07
  8.7465E-07
  1.0799E-06
  7.9083E-07
  1.0799E-06
  8.7465E-07
  6.1906E-07
  9.4209E-07
  8.1816E-07
  5.3750E-07
  7.5956E-07
  9.3790E-07
  6.8680E-07
  9.3790E-07
  7.5956E-07
  5.3750E-07
  8.1816E-07
  6.8089E-07
  4.4716E-07
  6.3208E-07
  7.8064E-07
  5.7158E-07
  7.8064E-07
  6.3208E-07
  4.4716E-07
  6.8089E-07
  5.3014E-07
  3.4799E-07
  4.9209E-07
  6.0790E-07
  4.4509E-07
  6.0790E-07
  4.9209E-07
  3.4799E-07
  5.3014E-07
  3.6564E-07
  2.3999E-07
  3.3940E-07
  4.1995E-07
  3.0711E-07
  4.1995E-07
  3.3940E-07
  2.3999E-07
  3.6564E-07
  1.8796E-07
  1.2300E-07
  1.7436E-07
  2.1629E-07
  1.5704E-07
  2.1629E-07
  1.7436E-07
  1.2300E-07
  1.8796E-07
  9.1953E-08
  5.8410E-08
  8.4740E-08
  1.0623E-07
  7.5081E-08
  1.0623E-07
  8.4740E-08
  5.8410E-08
  9.1953E-08
   8.8043E-04
  4.8211E-05
  2.0949E-05
 -1.4763E-05
  1.1284E-05
  1.5521E-05
  1.1284E-05
 -1.4763E-05
  2.0949E-05
  4.8211E-05
  1.2331E-05
  5.1110E-06
 -8.8334E-06
 -1.5104E-07
  3.1243E-06
 -1.5104E-07
 -8.8334E-06
  5.1110E-06
  1.2331E-05
 -6.5577E-07
  9.4725E-07
  3.2283E-06
  2.1005E-06
  1.7742E-06
  2.1005E-06
  3.2283E-06
  9.4725E-07
 -6.5577E-07
  1.7860E-07
  1.1915E-06
  3.4489E-06
  1.9994E-06
  1.4615E-06
  1.9994E-06
  3.4489E-06
  1.1915E-06
  1.7860E-07
  1.2004E-07
  1.1582E-06
  3.2613E-06
  2.0374E-06
  1.4865E-06
  2.0374E-06
  3.2613E-06
  1.1582E-06
  1.2004E-07
  1.3714E-07
  1.1523E-06
  3.2435E-06
  2.0041E-06
  1.4689E-06
  2.0041E-06
  3.2435E-06
  1.1523E-06
  1.3714E-07
  1.2990E-07
  1.1332E-06
  3.1927E-06
  1.9750E-06
  1.4467E-06
  1.9750E-06
  3.1927E-06
  1.1332E-06
  1.2990E-07
  1.2775E-07
  1.1093E-06
  3.1255E-06
  1.9330E-06
  1.4159E-06
  1.9330E-06
  3.1255E-06
  1.1093E-06
  1.2775E-07
  1.2375E-07
  1.0781E-06
  3.0383E-06
  1.8790E-06
  1.3763E-06
  1.8790E-06
  3.0383E-06
  1.0781E-06
  1.2375E-07
  1.1906E-07
  1.0394E-06
  2.9296E-06
  1.8117E-06
  1.3270E-06
  1.8117E-06
  2.9296E-06
  1.0394E-06
  1.1906E-07
  1.1341E-07
  9.9241E-07
  2.7977E-06
  1.7300E-06
  1.2671E-06
  1.7300E-06
  2.7977E-06
  9.9241E-07
  1.1341E-07
  1.0676E-07
  9.3671E-07
  2.6412E-06
  1.6331E-06
  1.1961E-06
  1.6331E-06
  2.6412E-06
  9.3671E-07
  1.0676E-07
  9.9068E-08
  8.7188E-07
  2.4589E-06
  1.5203E-06
  1.1134E-06
  1.5203E-06
  2.4589E-06
  8.7188E-07
  9.9068E-08
  9.0287E-08
  7.9757E-07
  2.2500E-06
  1.3910E-06
  1.0187E-06
  1.3910E-06
  2.2500E-06
  7.9757E-07
  9.0287E-08
  8.0386E-08
  7.1352E-07
  2.0136E-06
  1.2447E-06
  9.1149E-07
  1.2447E-06
  2.0136E-06
  7.1352E-07
  8.0386E-08
  6.9338E-08
  6.1951E-07
  1.7491E-06
  1.0810E-06
  7.9159E-07
  1.0810E-06
  1.7491E-06
  6.1951E-07
  6.9338E-08
  5.7110E-08
  5.1539E-07
  1.4562E-06
  8.9975E-07
  6.5879E-07
  8.9975E-07
  1.4562E-06
  5.1539E-07
  5.7110E-08
  4.3700E-08
  4.0109E-07
  1.1345E-06
  7.0065E-07
  5.1300E-07
  7.0065E-07
  1.1345E-06
  4.0109E-07
  4.3700E-08
  3.0134E-08
  2.7660E-07
  7.8248E-07
  4.8402E-07
  3.5397E-07
  4.8402E-07
  7.8248E-07
  2.7660E-07
  3.0134E-08
  1.3909E-08
  1.4177E-07
  4.0369E-07
  2.4930E-07
  1.8100E-07
  2.4930E-07
  4.0369E-07
  1.4177E-07
  1.3909E-08
 -1.5506E-09
  6.7323E-08
  2.0520E-07
  1.2244E-07
  8.6536E-08
  1.2244E-07
  2.0520E-07
  6.7323E-08
 -1.5506E-09
   8.8043E-04
  2.9597E-05
  3.6034E-05
  2.7939E-05
  1.9410E-05
  2.6698E-05
  1.9410E-05
  2.7939E-05
  3.6034E-05
  2.9597E-05
  3.2867E-06
  8.7916E-06
  2.7293E-06
 -2.5980E-07
  5.3741E-06
 -2.5980E-07
  2.7293E-06
  8.7916E-06
  3.2867E-06
  2.1614E-06
  1.6294E-06
  2.2637E-06
  3.6132E-06
  3.0519E-06
  3.6132E-06
  2.2637E-06
  1.6294E-06
  2.1614E-06
  3.0768E-06
  2.0496E-06
  3.1629E-06
  3.4392E-06
  2.5140E-06
  3.4392E-06
  3.1629E-06
  2.0496E-06
  3.0768E-06
  2.8668E-06
  1.9922E-06
  2.9495E-06
  3.5045E-06
  2.5570E-06
  3.5045E-06
  2.9495E-06
  1.9922E-06
  2.8668E-06
  2.8667E-06
  1.9821E-06
  2.9485E-06
  3.4473E-06
  2.5267E-06
  3.4473E-06
  2.9485E-06
  1.9821E-06
  2.8667E-06
  2.8173E-06
  1.9492E-06
  2.8980E-06
  3.3973E-06
  2.4884E-06
  3.3973E-06
  2.8980E-06
  1.9492E-06
  2.8173E-06
  2.7585E-06
  1.9081E-06
  2.8375E-06
  3.3249E-06
  2.4355E-06
  3.3249E-06
  2.8375E-06
  1.9081E-06
  2.7585E-06
  2.6812E-06
  1.8545E-06
  2.7580E-06
  3.2321E-06
  2.3675E-06
  3.2321E-06
  2.7580E-06
  1.8545E-06
  2.6812E-06
  2.5850E-06
  1.7879E-06
  2.6590E-06
  3.1163E-06
  2.2825E-06
  3.1163E-06
  2.6590E-06
  1.7879E-06
  2.5850E-06
  2.4684E-06
  1.7071E-06
  2.5390E-06
  2.9758E-06
  2.1796E-06
  2.9758E-06
  2.5390E-06
  1.7071E-06
  2.4684E-06
  2.3300E-06
  1.6113E-06
  2.3967E-06
  2.8091E-06
  2.0574E-06
  2.8091E-06
  2.3967E-06
  1.6113E-06
  2.3300E-06
  2.1689E-06
  1.4997E-06
  2.2311E-06
  2.6150E-06
  1.9152E-06
  2.6150E-06
  2.2311E-06
  1.4997E-06
  2.1689E-06
  1.9843E-06
  1.3719E-06
  2.0412E-06
  2.3926E-06
  1.7523E-06
  2.3926E-06
  2.0412E-06
  1.3719E-06
  1.9843E-06
  1.7755E-06
  1.2273E-06
  1.8264E-06
  2.1409E-06
  1.5679E-06
  2.1409E-06
  1.8264E-06
  1.2273E-06
  1.7755E-06
  1.5419E-06
  1.0656E-06
  1.5861E-06
  1.8595E-06
  1.3616E-06
  1.8595E-06
  1.5861E-06
  1.0656E-06
  1.5419E-06
  1.2831E-06
  8.8653E-07
  1.3200E-06
  1.5477E-06
  1.1332E-06
  1.5477E-06
  1.3200E-06
  8.8653E-07
  1.2831E-06
  9.9896E-07
  6.8991E-07
  1.0277E-06
  1.2052E-06
  8.8242E-07
  1.2052E-06
  1.0277E-06
  6.8991E-07
  9.9896E-07
  6.8899E-07
  4.7579E-07
  7.0880E-07
  8.3257E-07
  6.0886E-07
  8.3257E-07
  7.0880E-07
  4.7579E-07
  6.8899E-07
  3.5402E-07
  2.4386E-07
  3.6429E-07
  4.2882E-07
  3.1135E-07
  4.2882E-07
  3.6429E-07
  2.4386E-07
  3.5402E-07
  1.7243E-07
  1.1580E-07
  1.7788E-07
  2.1060E-07
  1.4885E-07
  2.1060E-07
  1.7788E-07
  1.1580E-07
  1.7243E-07
   8.8043E-04
 -3.6416E-05
 -6.0964E-05
 -6.0925E-05
 -3.2839E-05
 -4.5169E-05
 -3.2839E-05
 -6.0925E-05
 -6.0964E-05
 -3.6416E-05
 -9.7046E-07
 -1.4874E-05
 -9.2076E-06
  4.3954E-07
 -9.0921E-06
  4.3954E-07
 -9.2076E-06
 -1.4874E-05
 -9.7046E-07
 -4.4991E-06
 -2.7566E-06
 -2.9874E-06
 -6.1129E-06
 -5.1633E-06
 -6.1129E-06
 -2.9874E-06
 -2.7566E-06
 -4.4991E-06
 -5.9147E-06
 -3.4675E-06
 -4.6419E-06
 -5.8185E-06
 -4.2533E-06
 -5.8185E-06
 -4.6419E-06
 -3.4675E-06
 -5.9147E-06
 -5.5314E-06
 -3.3704E-06
 -4.3089E-06
 -5.9290E-06
 -4.3260E-06
 -5.9290E-06
 -4.3089E-06
 -3.3704E-06
 -5.5314E-06
 -5.5236E-06
 -3.3534E-06
 -4.3146E-06
 -5.8323E-06
 -4.2748E-06
 -5.8323E-06
 -4.3146E-06
 -3.3534E-06
 -5.5236E-06
 -5.4307E-06
 -3.2977E-06
 -4.2386E-06
 -5.7476E-06
 -4.2100E-06
 -5.7476E-06
 -4.2386E-06
 -3.2977E-06
 -5.4307E-06
 -5.3171E-06
 -3.2281E-06
 -4.1504E-06
 -5.6252E-06
 -4.1205E-06
 -5.6252E-06
 -4.1504E-06
 -3.2281E-06
 -5.3171E-06
 -5.1682E-06
 -3.1376E-06
 -4.0339E-06
 -5.4682E-06
 -4.0053E-06
 -5.4682E-06
 -4.0339E-06
 -3.1376E-06
 -5.1682E-06
 -4.9830E-06
 -3.0248E-06
 -3.8891E-06
 -5.2722E-06
 -3.8617E-06
 -5.2722E-06
 -3.8891E-06
 -3.0248E-06
 -4.9830E-06
 -4.7582E-06
 -2.8881E-06
 -3.7135E-06
 -5.0345E-06
 -3.6874E-06
 -5.0345E-06
 -3.7135E-06
 -2.8881E-06
 -4.7582E-06
 -4.4916E-06
 -2.7260E-06
 -3.5052E-06
 -4.7525E-06
 -3.4808E-06
 -4.7525E-06
 -3.5052E-06
 -2.7260E-06
 -4.4916E-06
 -4.1813E-06
 -2.5373E-06
 -3.2628E-06
 -4.4242E-06
 -3.2403E-06
 -4.4242E-06
 -3.2628E-06
 -2.5373E-06
 -4.1813E-06
 -3.8255E-06
 -2.3210E-06
 -2.9850E-06
 -4.0479E-06
 -2.9645E-06
 -4.0479E-06
 -2.9850E-06
 -2.3210E-06
 -3.8255E-06
 -3.4230E-06
 -2.0764E-06
 -2.6706E-06
 -3.6221E-06
 -2.6526E-06
 -3.6221E-06
 -2.6706E-06
 -2.0764E-06
 -3.4230E-06
 -2.9729E-06
 -1.8029E-06
 -2.3191E-06
 -3.1459E-06
 -2.3036E-06
 -3.1459E-06
 -2.3191E-06
 -1.8029E-06
 -2.9729E-06
 -2.4742E-06
 -1.4999E-06
 -1.9297E-06
 -2.6184E-06
 -1.9172E-06
 -2.6184E-06
 -1.9297E-06
 -1.4999E-06
 -2.4742E-06
 -1.9266E-06
 -1.1672E-06
 -1.5021E-06
 -2.0390E-06
 -1.4929E-06
 -2.0390E-06
 -1.5021E-06
 -1.1672E-06
 -1.9266E-06
 -1.3288E-06
 -8.0495E-07
 -1.0360E-06
 -1.4086E-06
 -1.0301E-06
 -1.4086E-06
 -1.0360E-06
 -8.0495E-07
 -1.3288E-06
 -6.8348E-07
 -4.1256E-07
 -5.3178E-07
 -7.2549E-07
 -5.2674E-07
 -7.2549E-07
 -5.3178E-07
 -4.1256E-07
 -6.8348E-07
 -3.3656E-07
 -1.9592E-07
 -2.5610E-07
 -3.5630E-07
 -2.5183E-07
 -3.5630E-07
 -2.5610E-07
 -1.9592E-07
 -3.3656E-07
   5.3113E-03
  6.1439E-05
  8.0706E-05
  7.7261E-05
  5.3982E-05
  6.5170E-05
  5.3982E-05
  7.7261E-05
  8.0706E-05
  6.1439E-05
  1.8021E-05
  2.6834E-05
  2.2020E-05
  1.6342E-05
  2.2886E-05
  1.6342E-05
  2.2020E-05
  2.6834E-05
  1.8021E-05
  1.9986E-05
  1.2590E-05
  1.6448E-05
  2.3504E-05
  1.8031E-05
  2.3504E-05
  1.6448E-05
  1.2590E-05
  1.9986E-05
  2.0863E-05
  1.2963E-05
  1.7641E-05
  2.2382E-05
  1.6367E-05
  2.2382E-05
  1.7641E-05
  1.2963E-05
  2.0863E-05
  1.9202E-05
  1.2070E-05
  1.6209E-05
  2.1152E-05
  1.5467E-05
  2.1152E-05
  1.6209E-05
  1.2070E-05
  1.9202E-05
  1.7441E-05
  1.0947E-05
  1.4730E-05
  1.9119E-05
  1.3999E-05
  1.9119E-05
  1.4730E-05
  1.0947E-05
  1.7441E-05
  1.5078E-05
  9.4648E-06
  1.2732E-05
  1.6543E-05
  1.2110E-05
  1.6543E-05
  1.2732E-05
  9.4648E-06
  1.5078E-05
  1.2253E-05
  7.6921E-06
  1.0347E-05
  1.3441E-05
  9.8397E-06
  1.3441E-05
  1.0347E-05
  7.6921E-06
  1.2253E-05
  9.0576E-06
  5.6892E-06
  7.6503E-06
  9.9347E-06
  7.2741E-06
  9.9347E-06
  7.6503E-06
  5.6892E-06
  9.0576E-06
  5.6350E-06
  3.5448E-06
  4.7622E-06
  6.1783E-06
  4.5257E-06
  6.1783E-06
  4.7622E-06
  3.5448E-06
  5.6350E-06
  2.1510E-06
  1.3628E-06
  1.8228E-06
  2.3543E-06
  1.7281E-06
  2.3543E-06
  1.8228E-06
  1.3628E-06
  2.1510E-06
 -1.2119E-06
 -7.4244E-07
 -1.0141E-06
 -1.3370E-06
 -9.7219E-07
 -1.3370E-06
 -1.0141E-06
 -7.4244E-07
 -1.2119E-06
 -4.2653E-06
 -2.6531E-06
 -3.5894E-06
 -4.6892E-06
 -3.4240E-06
 -4.6892E-06
 -3.5894E-06
 -2.6531E-06
 -4.2653E-06
 -6.8254E-06
 -4.2540E-06
 -5.7481E-06
 -7.5001E-06
 -5.4795E-06
 -7.5001E-06
 -5.7481E-06
 -4.2540E-06
 -6.8254E-06
 -8.7211E-06
 -5.4379E-06
 -7.3458E-06
 -9.5823E-06
 -7.0016E-06
 -9.5823E-06
 -7.3458E-06
 -5.4379E-06
 -8.7211E-06
 -9.8027E-06
 -6.1107E-06
 -8.2560E-06
 -1.0771E-05
 -7.8698E-06
 -1.0771E-05
 -8.2560E-06
 -6.1107E-06
 -9.8027E-06
 -9.9465E-06
 -6.1949E-06
 -8.3744E-06
 -1.0932E-05
 -7.9850E-06
 -1.0932E-05
 -8.3744E-06
 -6.1949E-06
 -9.9465E-06
 -9.0593E-06
 -5.6322E-06
 -7.6221E-06
 -9.9594E-06
 -7.2726E-06
 -9.9594E-06
 -7.6221E-06
 -5.6322E-06
 -9.0593E-06
 -7.0702E-06
 -4.3833E-06
 -5.9421E-06
 -7.7944E-06
 -5.6803E-06
 -7.7944E-06
 -5.9421E-06
 -4.3833E-06
 -7.0702E-06
 -3.9623E-06
 -2.4376E-06
 -3.3191E-06
 -4.3831E-06
 -3.1673E-06
 -4.3831E-06
 -3.3191E-06
 -2.4376E-06
 -3.9623E-06
 -2.0281E-06
 -1.1917E-06
 -1.6665E-06
 -2.2508E-06
 -1.5758E-06
 -2.2508E-06
 -1.6665E-06
 -1.1917E-06
 -2.0281E-06
   5.3113E-03
 -3.0001E-05
 -2.0328E-04
 -3.1935E-04
 -1.3597E-04
 -1.6414E-04
 -1.3597E-04
 -3.1935E-04
 -2.0328E-04
 -3.0001E-05
 -1.3861E-05
 -6.7587E-05
 -8.6992E-05
 -4.1161E-05
 -5.7644E-05
 -4.1161E-05
 -8.6992E-05
 -6.7587E-05
 -1.3861E-05
 -7.8235E-05
 -3.1710E-05
 -1.3532E-05
 -5.9199E-05
 -4.5415E-05
 -5.9199E-05
 -1.3532E-05
 -3.1710E-05
 -7.8235E-05
 -7.7948E-05
 -3.2650E-05
 -1.9032E-05
 -5.6374E-05
 -4.1224E-05
 -5.6374E-05
 -1.9032E-05
 -3.2650E-05
 -7.7948E-05
 -7.1958E-05
 -3.0401E-05
 -1.7232E-05
 -5.3277E-05
 -3.8958E-05
 -5.3277E-05
 -1.7232E-05
 -3.0401E-05
 -7.1958E-05
 -6.5303E-05
 -2.7574E-05
 -1.5728E-05
 -4.8155E-05
 -3.5260E-05
 -4.8155E-05
 -1.5728E-05
 -2.7574E-05
 -6.5303E-05
 -5.6476E-05
 -2.3839E-05
 -1.3569E-05
 -4.1667E-05
 -3.0502E-05
 -4.1667E-05
 -1.3569E-05
 -2.3839E-05
 -5.6476E-05
 -4.5887E-05
 -1.9374E-05
 -1.1037E-05
 -3.3853E-05
 -2.4784E-05
 -3.3853E-05
 -1.1037E-05
 -1.9374E-05
 -4.5887E-05
 -3.3909E-05
 -1.4330E-05
 -8.1738E-06
 -2.5023E-05
 -1.8322E-05
 -2.5023E-05
 -8.1738E-06
 -1.4330E-05
 -3.3909E-05
 -2.1074E-05
 -8.9284E-06
 -5.1138E-06
 -1.5561E-05
 -1.1399E-05
 -1.5561E-05
 -5.1138E-06
 -8.9284E-06
 -2.1074E-05
 -8.0053E-06
 -3.4326E-06
 -2.0034E-06
 -5.9299E-06
 -4.3526E-06
 -5.9299E-06
 -2.0034E-06
 -3.4326E-06
 -8.0053E-06
  4.6120E-06
  1.8700E-06
  9.9450E-07
  3.3676E-06
  2.4487E-06
  3.3676E-06
  9.9450E-07
  1.8700E-06
  4.6120E-06
  1.6072E-05
  6.6825E-06
  3.7119E-06
  1.1811E-05
  8.6241E-06
  1.1811E-05
  3.7119E-06
  6.6825E-06
  1.6072E-05
  2.5685E-05
  1.0715E-05
  5.9843E-06
  1.8891E-05
  1.3801E-05
  1.8891E-05
  5.9843E-06
  1.0715E-05
  2.5685E-05
  3.2809E-05
  1.3696E-05
  7.6588E-06
  2.4135E-05
  1.7635E-05
  2.4135E-05
  7.6588E-06
  1.3696E-05
  3.2809E-05
  3.6884E-05
  1.5391E-05
  8.6006E-06
  2.7130E-05
  1.9822E-05
  2.7130E-05
  8.6006E-06
  1.5391E-05
  3.6884E-05
  3.7447E-05
  1.5603E-05
  8.6980E-06
  2.7534E-05
  2.0112E-05
  2.7534E-05
  8.6980E-06
  1.5603E-05
  3.7447E-05
  3.4149E-05
  1.4186E-05
  7.8668E-06
  2.5085E-05
  1.8318E-05
  2.5085E-05
  7.8668E-06
  1.4186E-05
  3.4149E-05
  2.6702E-05
  1.1040E-05
  6.0726E-06
  1.9632E-05
  1.4307E-05
  1.9632E-05
  6.0726E-06
  1.1040E-05
  2.6702E-05
  1.5051E-05
  6.1395E-06
  3.2893E-06
  1.1040E-05
  7.9776E-06
  1.1040E-05
  3.2893E-06
  6.1395E-06
  1.5051E-05
  7.9599E-06
  3.0016E-06
  1.3458E-06
  5.6691E-06
  3.9691E-06
  5.6691E-06
  1.3458E-06
  3.0016E-06
  7.9599E-06
   5.3113E-03
 -1.5593E-04
 -1.6507E-04
 -1.2776E-04
 -1.1041E-04
 -1.3329E-04
 -1.1041E-04
 -1.2776E-04
 -1.6507E-04
 -1.5593E-04
 -4.4509E-05
 -5.4884E-05
 -3.7388E-05
 -3.3424E-05
 -4.6810E-05
 -3.3424E-05
 -3.7388E-05
 -5.4884E-05
 -4.4509E-05
 -3.4110E-05
 -2.5750E-05
 -4.0410E-05
 -4.8072E-05
 -3.6879E-05
 -4.8072E-05
 -4.0410E-05
 -2.5750E-05
 -3.4110E-05
 -3.6508E-05
 -2.6513E-05
 -4.2244E-05
 -4.5778E-05
 -3.3476E-05
 -4.5778E-05
 -4.2244E-05
 -2.6513E-05
 -3.6508E-05
 -3.3549E-05
 -2.4687E-05
 -3.8877E-05
 -4.3263E-05
 -3.1636E-05
 -4.3263E-05
 -3.8877E-05
 -2.4687E-05
 -3.3549E-05
 -3.0487E-05
 -2.2391E-05
 -3.5314E-05
 -3.9104E-05
 -2.8633E-05
 -3.9104E-05
 -3.5314E-05
 -2.2391E-05
 -3.0487E-05
 -2.6351E-05
 -1.9358E-05
 -3.0529E-05
 -3.3836E-05
 -2.4769E-05
 -3.3836E-05
 -3.0529E-05
 -1.9358E-05
 -2.6351E-05
 -2.1416E-05
 -1.5733E-05
 -2.4809E-05
 -2.7490E-05
 -2.0125E-05
 -2.7490E-05
 -2.4809E-05
 -1.5733E-05
 -2.1416E-05
 -1.5834E-05
 -1.1636E-05
 -1.8339E-05
 -2.0320E-05
 -1.4878E-05
 -2.0320E-05
 -1.8339E-05
 -1.1636E-05
 -1.5834E-05
 -9.8558E-06
 -7.2502E-06
 -1.1410E-05
 -1.2637E-05
 -9.2565E-06
 -1.2637E-05
 -1.1410E-05
 -7.2502E-06
 -9.8558E-06
 -3.7716E-06
 -2.7874E-06
 -4.3560E-06
 -4.8153E-06
 -3.5345E-06
 -4.8153E-06
 -4.3560E-06
 -2.7874E-06
 -3.7716E-06
  2.1002E-06
  1.5185E-06
  2.4525E-06
  2.7347E-06
  1.9884E-06
  2.7347E-06
  2.4525E-06
  1.5185E-06
  2.1002E-06
  7.4310E-06
  5.4265E-06
  8.6345E-06
  9.5909E-06
  7.0032E-06
  9.5909E-06
  8.6345E-06
  5.4265E-06
  7.4310E-06
  1.1899E-05
  8.7007E-06
  1.3817E-05
  1.5340E-05
  1.1207E-05
  1.5340E-05
  1.3817E-05
  8.7007E-06
  1.1899E-05
  1.5207E-05
  1.1122E-05
  1.7655E-05
  1.9599E-05
  1.4321E-05
  1.9599E-05
  1.7655E-05
  1.1122E-05
  1.5207E-05
  1.7091E-05
  1.2498E-05
  1.9845E-05
  2.2031E-05
  1.6096E-05
  2.2031E-05
  1.9845E-05
  1.2498E-05
  1.7091E-05
  1.7337E-05
  1.2671E-05
  2.0136E-05
  2.2359E-05
  1.6332E-05
  2.2359E-05
  2.0136E-05
  1.2671E-05
  1.7337E-05
  1.5780E-05
  1.1520E-05
  1.8339E-05
  2.0370E-05
  1.4875E-05
  2.0370E-05
  1.8339E-05
  1.1520E-05
  1.5780E-05
  1.2303E-05
  8.9652E-06
  1.4311E-05
  1.5942E-05
  1.1618E-05
  1.5942E-05
  1.4311E-05
  8.9652E-06
  1.2303E-05
  6.8738E-06
  4.9856E-06
  8.0190E-06
  8.9650E-06
  6.4781E-06
  8.9650E-06
  8.0190E-06
  4.9856E-06
  6.8738E-06
  3.4563E-06
  2.4374E-06
  4.1003E-06
  4.6036E-06
  3.2231E-06
  4.6036E-06
  4.1003E-06
  2.4374E-06
  3.4563E-06
   5.3113E-03
  9.0564E-05
  2.6012E-05
 -4.5860E-05
  1.7399E-05
  2.1004E-05
  1.7399E-05
 -4.5860E-05
  2.6012E-05
  9.0564E-05
  2.3693E-05
  8.6487E-06
 -1.0787E-05
  5.2670E-06
  7.3763E-06
  5.2670E-06
 -1.0787E-05
  8.6487E-06
  2.3693E-05
 -9.3818E-06
  4.0577E-06
  2.1125E-05
  7.5753E-06
  5.8114E-06
  7.5753E-06
  2.1125E-05
  4.0577E-06
 -9.3818E-06
 -7.6844E-06
  4.1779E-06
  2.0094E-05
  7.2137E-06
  5.2751E-06
  7.2137E-06
  2.0094E-05
  4.1779E-06
 -7.6844E-06
 -7.1950E-06
  3.8903E-06
  1.8608E-05
  6.8175E-06
  4.9852E-06
  6.8175E-06
  1.8608E-05
  3.8903E-06
 -7.1950E-06
 -6.5028E-06
  3.5284E-06
  1.6872E-05
  6.1621E-06
  4.5120E-06
  6.1621E-06
  1.6872E-05
  3.5284E-06
 -6.5028E-06
 -5.6334E-06
  3.0505E-06
  1.4597E-05
  5.3319E-06
  3.9032E-06
  5.3319E-06
  1.4597E-05
  3.0505E-06
 -5.6334E-06
 -4.5737E-06
  2.4792E-06
  1.1858E-05
  4.3320E-06
  3.1714E-06
  4.3320E-06
  1.1858E-05
  2.4792E-06
 -4.5737E-06
 -3.3744E-06
  1.8337E-06
  8.7595E-06
  3.2020E-06
  2.3445E-06
  3.2020E-06
  8.7595E-06
  1.8337E-06
 -3.3744E-06
 -2.0870E-06
  1.1425E-06
  5.4380E-06
  1.9913E-06
  1.4586E-06
  1.9913E-06
  5.4380E-06
  1.1425E-06
 -2.0870E-06
 -7.7456E-07
  4.3925E-07
  2.0553E-06
  7.5881E-07
  5.5697E-07
  7.5881E-07
  2.0553E-06
  4.3925E-07
 -7.7456E-07
  4.9409E-07
 -2.3929E-07
 -1.2115E-06
 -4.3093E-07
 -3.1334E-07
 -4.3093E-07
 -1.2115E-06
 -2.3929E-07
  4.9409E-07
  1.6480E-06
 -8.5512E-07
 -4.1797E-06
 -1.5113E-06
 -1.1036E-06
 -1.5113E-06
 -4.1797E-06
 -8.5512E-07
  1.6480E-06
  2.6180E-06
 -1.3711E-06
 -6.6705E-06
 -2.4173E-06
 -1.7661E-06
 -2.4173E-06
 -6.6705E-06
 -1.3711E-06
  2.6180E-06
  3.3399E-06
 -1.7526E-06
 -8.5184E-06
 -3.0884E-06
 -2.2567E-06
 -3.0884E-06
 -8.5184E-06
 -1.7526E-06
  3.3399E-06
  3.7576E-06
 -1.9695E-06
 -9.5780E-06
 -3.4716E-06
 -2.5365E-06
 -3.4716E-06
 -9.5780E-06
 -1.9695E-06
  3.7576E-06
  3.8251E-06
 -1.9966E-06
 -9.7300E-06
 -3.5233E-06
 -2.5736E-06
 -3.5233E-06
 -9.7300E-06
 -1.9966E-06
  3.8251E-06
  3.5077E-06
 -1.8153E-06
 -8.8842E-06
 -3.2100E-06
 -2.3440E-06
 -3.2100E-06
 -8.8842E-06
 -1.8153E-06
  3.5077E-06
  2.7663E-06
 -1.4127E-06
 -6.9602E-06
 -2.5122E-06
 -1.8308E-06
 -2.5122E-06
 -6.9602E-06
 -1.4127E-06
  2.7663E-06
  1.5992E-06
 -7.8564E-07
 -3.9461E-06
 -1.4127E-06
 -1.0208E-06
 -1.4127E-06
 -3.9461E-06
 -7.8564E-07
  1.5992E-06
  9.6385E-07
 -3.8409E-07
 -2.1546E-06
 -7.2543E-07
 -5.0790E-07
 -7.2543E-07
 -2.1546E-06
 -3.8409E-07
  9.6385E-07
