Vector DISP under Modal for nodeset
189
   8.8043E-04
  0.0000E+00  0.0000E+00  0.0000E+00
  0.0000E+00  0.0000E+00  0.0000E+00
  0.0000E+00  0.0000E+00  0.0000E+00
  0.0000E+00  0.0000E+00  0.0000E+00
  0.0000E+00  0.0000E+00  0.0000E+00
  0.0000E+00  0.0000E+00  0.0000E+00
  0.0000E+00  0.0000E+00  0.0000E+00
  0.0000E+00  0.0000E+00  0.0000E+00
  0.0000E+00  0.0000E+00  0.0000E+00
 -1.2723E-05  7.9619E-06 -2.2458E-05
 -1.5172E-05  7.2422E-07 -1.9795E-05
 -1.1502E-05 -5.8152E-06 -1.8802E-05
 -8.1728E-06  1.3445E-06 -1.7541E-06
 -1.1241E-05  9.9614E-07  5.4483E-19
 -8.1728E-06  1.3445E-06  1.7541E-06
 -1.1502E-05 -5.8152E-06  1.8802E-05
 -1.5172E-05  7.2422E-07  1.9795E-05
 -1.2723E-05  7.9619E-06  2.2458E-05
 -4.4350E-05  1.0179E-05 -4.4852E-05
 -4.6994E-05  3.6367E-06 -4.1348E-05
 -4.3234E-05 -2.4182E-06 -3.7550E-05
 -4.1040E-05  4.1643E-06 -3.6640E-06
 -4.4116E-05  3.9093E-06  1.2302E-18
 -4.1040E-05  4.1643E-06  3.6640E-06
 -4.3234E-05 -2.4182E-06  3.7550E-05
 -4.6994E-05  3.6367E-06  4.1348E-05
 -4.4350E-05  1.0179E-05  4.4852E-05
 -9.6886E-05  1.4285E-05 -6.5768E-05
 -9.9240E-05  8.2957E-06 -6.0579E-05
 -9.5868E-05  2.7958E-06 -5.5061E-05
 -9.3617E-05  8.7940E-06 -5.3681E-06
 -9.6507E-05  8.5518E-06  1.9051E-18
 -9.3617E-05  8.7940E-06  5.3681E-06
 -9.5868E-05  2.7958E-06  5.5061E-05
 -9.9240E-05  8.2957E-06  6.0579E-05
 -9.6886E-05  1.4285E-05  6.5768E-05
 -1.6771E-04  2.0075E-05 -8.5010E-05
 -1.6988E-04  1.4600E-05 -7.8236E-05
 -1.6678E-04  9.5663E-06 -7.1170E-05
 -1.6477E-04  1.5054E-05 -6.9327E-06
 -1.6739E-04  1.4833E-05  2.5930E-18
 -1.6477E-04  1.5054E-05  6.9327E-06
 -1.6678E-04  9.5663E-06  7.1170E-05
 -1.6988E-04  1.4600E-05  7.8236E-05
 -1.6771E-04  2.0075E-05  8.5010E-05
 -2.5543E-04  2.7363E-05 -1.0252E-04
 -2.5739E-04  2.2397E-05 -9.4318E-05
 -2.5458E-04  1.7831E-05 -8.5827E-05
 -2.5275E-04  2.2808E-05 -8.3578E-06
 -2.5513E-04  2.2608E-05  3.2409E-18
 -2.5275E-04  2.2808E-05  8.3578E-06
 -2.5458E-04  1.7831E-05  8.5827E-05
 -2.5739E-04  2.2397E-05  9.4318E-05
 -2.5543E-04  2.7363E-05  1.0252E-04
 -3.5842E-04  3.6010E-05 -1.1833E-04
 -3.6018E-04  3.1547E-05 -1.0884E-04
 -3.5766E-04  2.7444E-05 -9.9063E-05
 -3.5601E-04  3.1917E-05 -9.6445E-06
 -3.5815E-04  3.1737E-05  3.9031E-18
 -3.5601E-04  3.1917E-05  9.6445E-06
 -3.5766E-04  2.7444E-05  9.9063E-05
 -3.6018E-04  3.1547E-05  1.0884E-04
 -3.5842E-04  3.6010E-05  1.1833E-04
 -4.7514E-04  4.5883E-05 -1.3246E-04
 -4.7671E-04  4.1914E-05 -1.2182E-04
 -4.7446E-04  3.8265E-05 -1.1090E-04
 -4.7300E-04  4.2243E-05 -1.0795E-05
 -4.7490E-04  4.2083E-05  4.6257E-18
 -4.7300E-04  4.2243E-05  1.0795E-05
 -4.7446E-04  3.8265E-05  1.1090E-04
 -4.7671E-04  4.1914E-05  1.2182E-04
 -4.7514E-04  4.5883E-05  1.3246E-04
 -6.0405E-04  5.6847E-05 -1.4496E-04
 -6.0543E-04  5.3361E-05 -1.3330E-04
 -6.0346E-04  5.0155E-05 -1.2136E-04
 -6.0217E-04  5.3649E-05 -1.1812E-05
 -6.0385E-04  5.3509E-05  5.2181E-18
 -6.0217E-04  5.3649E-05  1.1812E-05
 -6.0346E-04  5.0155E-05  1.2136E-04
 -6.0543E-04  5.3361E-05  1.3330E-04
 -6.0405E-04  5.6847E-05  1.4496E-04
 -7.4367E-04  6.8774E-05 -1.5586E-04
 -7.4486E-04  6.5755E-05 -1.4331E-04
 -7.4316E-04  6.2979E-05 -1.3049E-04
 -7.4204E-04  6.6005E-05 -1.2699E-05
 -7.4349E-04  6.5883E-05  5.8215E-18
 -7.4204E-04  6.6005E-05  1.2699E-05
 -7.4316E-04  6.2979E-05  1.3049E-04
 -7.4486E-04  6.5755E-05  1.4331E-04
 -7.4367E-04  6.8774E-05  1.5586E-04
 -8.9254E-04  8.1539E-05 -1.6523E-04
 -8.9356E-04  7.8968E-05 -1.5191E-04
 -8.9210E-04  7.6604E-05 -1.3833E-04
 -8.9115E-04  7.9181E-05 -1.3461E-05
 -8.9239E-04  7.9078E-05  6.4285E-18
 -8.9115E-04  7.9181E-05  1.3461E-05
 -8.9210E-04  7.6604E-05  1.3833E-04
 -8.9356E-04  7.8968E-05  1.5191E-04
 -8.9254E-04  8.1539E-05  1.6523E-04
 -1.0493E-03  9.5022E-05 -1.7313E-04
 -1.0501E-03  9.2877E-05 -1.5916E-04
 -1.0489E-03  9.0904E-05 -1.4495E-04
 -1.0481E-03  9.3055E-05 -1.4104E-05
 -1.0491E-03  9.2968E-05  7.1722E-18
 -1.0481E-03  9.3055E-05  1.4104E-05
 -1.0489E-03  9.0904E-05  1.4495E-04
 -1.0501E-03  9.2877E-05  1.5916E-04
 -1.0493E-03  9.5022E-05  1.7313E-04
 -1.2125E-03  1.0911E-04 -1.7965E-04
 -1.2132E-03  1.0736E-04 -1.6514E-04
 -1.2122E-03  1.0576E-04 -1.5040E-04
 -1.2116E-03  1.0751E-04 -1.4633E-05
 -1.2124E-03  1.0744E-04  7.7917E-18
 -1.2116E-03  1.0751E-04  1.4633E-05
 -1.2122E-03  1.0576E-04  1.5040E-04
 -1.2132E-03  1.0736E-04  1.6514E-04
 -1.2125E-03  1.0911E-04  1.7965E-04
 -1.3811E-03  1.2370E-04 -1.8487E-04
 -1.3817E-03  1.2232E-04 -1.6993E-04
 -1.3809E-03  1.2105E-04 -1.5478E-04
 -1.3804E-03  1.2243E-04 -1.5058E-05
 -1.3810E-03  1.2238E-04  8.3404E-18
 -1.3804E-03  1.2243E-04  1.5058E-05
 -1.3809E-03  1.2105E-04  1.5478E-04
 -1.3817E-03  1.2232E-04  1.6993E-04
 -1.3811E-03  1.2370E-04  1.8487E-04
 -1.5538E-03  1.3868E-04 -1.8892E-04
 -1.5542E-03  1.3764E-04 -1.7363E-04
 -1.5536E-03  1.3668E-04 -1.5816E-04
 -1.5533E-03  1.3773E-04 -1.5386E-05
 -1.5538E-03  1.3768E-04  8.9986E-18
 -1.5533E-03  1.3773E-04  1.5386E-05
 -1.5536E-03  1.3668E-04  1.5816E-04
 -1.5542E-03  1.3764E-04  1.7363E-04
 -1.5538E-03  1.3868E-04  1.8892E-04
 -1.7296E-03  1.5398E-04 -1.9190E-04
 -1.7299E-03  1.5323E-04 -1.7636E-04
 -1.7295E-03  1.5255E-04 -1.6066E-04
 -1.7292E-03  1.5330E-04 -1.5628E-05
 -1.7296E-03  1.5327E-04  9.3837E-18
 -1.7292E-03  1.5330E-04  1.5628E-05
 -1.7295E-03  1.5255E-04  1.6066E-04
 -1.7299E-03  1.5323E-04  1.7636E-04
 -1.7296E-03  1.5398E-04  1.9190E-04
 -1.9077E-03  1.6952E-04 -1.9397E-04
 -1.9079E-03  1.6902E-04 -1.7824E-04
 -1.9076E-03  1.6856E-04 -1.6239E-04
 -1.9074E-03  1.6906E-04 -1.5795E-05
 -1.9076E-03  1.6904E-04  9.5445E-18
 -1.9074E-03  1.6906E-04  1.5795E-05
 -1.9076E-03  1.6856E-04  1.6239E-04
 -1.9079E-03  1.6902E-04  1.7824E-04
 -1.9077E-03  1.6952E-04  1.9397E-04
 -2.0871E-03  1.8522E-04 -1.9527E-04
 -2.0872E-03  1.8493E-04 -1.7942E-04
 -2.0870E-03  1.8466E-04 -1.6348E-04
 -2.0869E-03  1.8495E-04 -1.5899E-05
 -2.0870E-03  1.8494E-04  9.6506E-18
 -2.0869E-03  1.8495E-04  1.5899E-05
 -2.0870E-03  1.8466E-04  1.6348E-04
 -2.0872E-03  1.8493E-04  1.7942E-04
 -2.0871E-03  1.8522E-04  1.9527E-04
 -2.2672E-03  2.0104E-04 -1.9597E-04
 -2.2673E-03  2.0090E-04 -1.8005E-04
 -2.2672E-03  2.0077E-04 -1.6407E-04
 -2.2672E-03  2.0091E-04 -1.5955E-05
 -2.2672E-03  2.0091E-04  9.6264E-18
 -2.2672E-03  2.0091E-04  1.5955E-05
 -2.2672E-03  2.0077E-04  1.6407E-04
 -2.2673E-03  2.0090E-04  1.8005E-04
 -2.2672E-03  2.0104E-04  1.9597E-04
 -2.4477E-03  2.1694E-04 -1.9626E-04
 -2.4477E-03  2.1689E-04 -1.8030E-04
 -2.4477E-03  2.1685E-04 -1.6431E-04
 -2.4476E-03  2.1690E-04 -1.5977E-05
 -2.4477E-03  2.1690E-04  9.8373E-18
 -2.4476E-03  2.1690E-04  1.5977E-05
 -2.4477E-03  2.1685E-04  1.6431E-04
 -2.4477E-03  2.1689E-04  1.8030E-04
 -2.4477E-03  2.1694E-04  1.9626E-04
 -2.6281E-03  2.3289E-04 -1.9633E-04
 -2.6281E-03  2.3288E-04 -1.8036E-04
 -2.6281E-03  2.3287E-04 -1.6437E-04
 -2.6281E-03  2.3288E-04 -1.5982E-05
 -2.6281E-03  2.3288E-04  1.0011E-17
 -2.6281E-03  2.3288E-04  1.5982E-05
 -2.6281E-03  2.3287E-04  1.6437E-04
 -2.6281E-03  2.3288E-04  1.8036E-04
 -2.6281E-03  2.3289E-04  1.9633E-04
   8.8043E-04
  0.0000E+00  0.0000E+00  0.0000E+00
  0.0000E+00  0.0000E+00  0.0000E+00
  0.0000E+00  0.0000E+00  0.0000E+00
  0.0000E+00  0.0000E+00  0.0000E+00
  0.0000E+00  0.0000E+00  0.0000E+00
  0.0000E+00  0.0000E+00  0.0000E+00
  0.0000E+00  0.0000E+00  0.0000E+00
  0.0000E+00  0.0000E+00  0.0000E+00
  0.0000E+00  0.0000E+00  0.0000E+00
 -1.8760E-05  1.1738E-05 -3.3112E-05
 -2.2373E-05  1.0663E-06 -2.9190E-05
 -1.6963E-05 -8.5773E-06 -2.7728E-05
 -1.2051E-05  1.9796E-06 -2.5828E-06
 -1.6576E-05  1.4667E-06  8.5843E-19
 -1.2051E-05  1.9796E-06  2.5828E-06
 -1.6963E-05 -8.5773E-06  2.7728E-05
 -2.2373E-05  1.0663E-06  2.9190E-05
 -1.8760E-05  1.1738E-05  3.3112E-05
 -6.5397E-05  1.5002E-05 -6.6129E-05
 -6.9296E-05  5.3547E-06 -6.0970E-05
 -6.3753E-05 -3.5742E-06 -5.5378E-05
 -6.0517E-05  6.1315E-06 -5.3948E-06
 -6.5053E-05  5.7560E-06  2.0689E-18
 -6.0517E-05  6.1315E-06  5.3948E-06
 -6.3753E-05 -3.5742E-06  5.5378E-05
 -6.9296E-05  5.3547E-06  6.0970E-05
 -6.5397E-05  1.5002E-05  6.6129E-05
 -1.4287E-04  2.1045E-05 -9.6969E-05
 -1.4634E-04  1.2215E-05 -8.9329E-05
 -1.4137E-04  4.1041E-06 -8.1204E-05
 -1.3805E-04  1.2948E-05 -7.9041E-06
 -1.4231E-04  1.2592E-05  2.9667E-18
 -1.3805E-04  1.2948E-05  7.9041E-06
 -1.4137E-04  4.1041E-06  8.1204E-05
 -1.4634E-04  1.2215E-05  8.9329E-05
 -1.4287E-04  2.1045E-05  9.6969E-05
 -2.4731E-04  2.9570E-05 -1.2534E-04
 -2.5050E-04  2.1498E-05 -1.1536E-04
 -2.4594E-04  1.4074E-05 -1.0496E-04
 -2.4296E-04  2.2165E-05 -1.0208E-05
 -2.4683E-04  2.1840E-05  4.0701E-18
 -2.4296E-04  2.2165E-05  1.0208E-05
 -2.4594E-04  1.4074E-05  1.0496E-04
 -2.5050E-04  2.1498E-05  1.1536E-04
 -2.4731E-04  2.9570E-05  1.2534E-04
 -3.7665E-04  4.0300E-05 -1.5115E-04
 -3.7954E-04  3.2977E-05 -1.3908E-04
 -3.7540E-04  2.6244E-05 -1.2658E-04
 -3.7270E-04  3.3583E-05 -1.2306E-05
 -3.7621E-04  3.3288E-05  5.1942E-18
 -3.7270E-04  3.3583E-05  1.2306E-05
 -3.7540E-04  2.6244E-05  1.2658E-04
 -3.7954E-04  3.2977E-05  1.3908E-04
 -3.7665E-04  4.0300E-05  1.5115E-04
 -5.2852E-04  5.3031E-05 -1.7446E-04
 -5.3112E-04  4.6451E-05 -1.6049E-04
 -5.2740E-04  4.0400E-05 -1.4610E-04
 -5.2497E-04  4.6995E-05 -1.4201E-05
 -5.2813E-04  4.6730E-05  6.1300E-18
 -5.2497E-04  4.6995E-05  1.4201E-05
 -5.2740E-04  4.0400E-05  1.4610E-04
 -5.3112E-04  4.6451E-05  1.6049E-04
 -5.2852E-04  5.3031E-05  1.7446E-04
 -7.0063E-04  6.7566E-05 -1.9530E-04
 -7.0294E-04  6.1714E-05 -1.7963E-04
 -6.9964E-04  5.6333E-05 -1.6355E-04
 -6.9747E-04  6.2198E-05 -1.5895E-05
 -7.0028E-04  6.1963E-05  7.1281E-18
 -6.9747E-04  6.2198E-05  1.5895E-05
 -6.9964E-04  5.6333E-05  1.6355E-04
 -7.0294E-04  6.1714E-05  1.7963E-04
 -7.0063E-04  6.7566E-05  1.9530E-04
 -8.9072E-04  8.3709E-05 -2.1373E-04
 -8.9276E-04  7.8568E-05 -1.9656E-04
 -8.8985E-04  7.3841E-05 -1.7898E-04
 -8.8795E-04  7.8993E-05 -1.7392E-05
 -8.9042E-04  7.8787E-05  8.1340E-18
 -8.8795E-04  7.8993E-05  1.7392E-05
 -8.8985E-04  7.3841E-05  1.7898E-04
 -8.9276E-04  7.8568E-05  1.9656E-04
 -8.9072E-04  8.3709E-05  2.1373E-04
 -1.0966E-03  1.0127E-04 -2.2981E-04
 -1.0984E-03  9.6818E-05 -2.1132E-04
 -1.0958E-03  9.2724E-05 -1.9245E-04
 -1.0942E-03  9.7186E-05 -1.8698E-05
 -1.0963E-03  9.7007E-05  8.8853E-18
 -1.0942E-03  9.7186E-05  1.8698E-05
 -1.0958E-03  9.2724E-05  1.9245E-04
 -1.0984E-03  9.6818E-05  2.1132E-04
 -1.0966E-03  1.0127E-04  2.2981E-04
 -1.3161E-03  1.2006E-04 -2.4362E-04
 -1.3176E-03  1.1627E-04 -2.2400E-04
 -1.3155E-03  1.1279E-04 -2.0401E-04
 -1.3141E-03  1.1659E-04 -1.9820E-05
 -1.3159E-03  1.1643E-04  9.6117E-18
 -1.3141E-03  1.1659E-04  1.9820E-05
 -1.3155E-03  1.1279E-04  2.0401E-04
 -1.3176E-03  1.1627E-04  2.2400E-04
 -1.3161E-03  1.2006E-04  2.4362E-04
 -1.5472E-03  1.3992E-04 -2.5527E-04
 -1.5485E-03  1.3675E-04 -2.3469E-04
 -1.5467E-03  1.3384E-04 -2.1377E-04
 -1.5455E-03  1.3701E-04 -2.0766E-05
 -1.5470E-03  1.3689E-04  1.0877E-17
 -1.5455E-03  1.3701E-04  2.0766E-05
 -1.5467E-03  1.3384E-04  2.1377E-04
 -1.5485E-03  1.3675E-04  2.3469E-04
 -1.5472E-03  1.3992E-04  2.5527E-04
 -1.7880E-03  1.6066E-04 -2.6487E-04
 -1.7890E-03  1.5808E-04 -2.4351E-04
 -1.7875E-03  1.5572E-04 -2.2181E-04
 -1.7866E-03  1.5830E-04 -2.1546E-05
 -1.7878E-03  1.5819E-04  1.1614E-17
 -1.7866E-03  1.5830E-04  2.1546E-05
 -1.7875E-03  1.5572E-04  2.2181E-04
 -1.7890E-03  1.5808E-04  2.4351E-04
 -1.7880E-03  1.6066E-04  2.6487E-04
 -2.0365E-03  1.8213E-04 -2.7258E-04
 -2.0374E-03  1.8010E-04 -2.5057E-04
 -2.0362E-03  1.7824E-04 -2.2826E-04
 -2.0355E-03  1.8027E-04 -2.2171E-05
 -2.0364E-03  1.8019E-04  1.2605E-17
 -2.0355E-03  1.8027E-04  2.2171E-05
 -2.0362E-03  1.7824E-04  2.2826E-04
 -2.0374E-03  1.8010E-04  2.5057E-04
 -2.0365E-03  1.8213E-04  2.7258E-04
 -2.2912E-03  2.0420E-04 -2.7854E-04
 -2.2918E-03  2.0266E-04 -2.5603E-04
 -2.2910E-03  2.0125E-04 -2.3325E-04
 -2.2904E-03  2.0279E-04 -2.2654E-05
 -2.2911E-03  2.0273E-04  1.3694E-17
 -2.2904E-03  2.0279E-04  2.2654E-05
 -2.2910E-03  2.0125E-04  2.3325E-04
 -2.2918E-03  2.0266E-04  2.5603E-04
 -2.2912E-03  2.0420E-04  2.7854E-04
 -2.5505E-03  2.2672E-04 -2.8294E-04
 -2.5509E-03  2.2562E-04 -2.6006E-04
 -2.5503E-03  2.2461E-04 -2.3694E-04
 -2.5499E-03  2.2571E-04 -2.3010E-05
 -2.5504E-03  2.2567E-04  1.4286E-17
 -2.5499E-03  2.2571E-04  2.3010E-05
 -2.5503E-03  2.2461E-04  2.3694E-04
 -2.5509E-03  2.2562E-04  2.6006E-04
 -2.5505E-03  2.2672E-04  2.8294E-04
 -2.8130E-03  2.4960E-04 -2.8599E-04
 -2.8133E-03  2.4887E-04 -2.6284E-04
 -2.8129E-03  2.4819E-04 -2.3949E-04
 -2.8126E-03  2.4893E-04 -2.3256E-05
 -2.8129E-03  2.4890E-04  1.4694E-17
 -2.8126E-03  2.4893E-04  2.3256E-05
 -2.8129E-03  2.4819E-04  2.3949E-04
 -2.8133E-03  2.4887E-04  2.6284E-04
 -2.8130E-03  2.4960E-04  2.8599E-04
 -3.0775E-03  2.7272E-04 -2.8790E-04
 -3.0777E-03  2.7229E-04 -2.6458E-04
 -3.0775E-03  2.7189E-04 -2.4110E-04
 -3.0773E-03  2.7232E-04 -2.3410E-05
 -3.0775E-03  2.7231E-04  1.4739E-17
 -3.0773E-03  2.7232E-04  2.3410E-05
 -3.0775E-03  2.7189E-04  2.4110E-04
 -3.0777E-03  2.7229E-04  2.6458E-04
 -3.0775E-03  2.7272E-04  2.8790E-04
 -3.3432E-03  2.9601E-04 -2.8894E-04
 -3.3433E-03  2.9581E-04 -2.6550E-04
 -3.3432E-03  2.9562E-04 -2.4196E-04
 -3.3431E-03  2.9582E-04 -2.3493E-05
 -3.3432E-03  2.9582E-04  1.4633E-17
 -3.3431E-03  2.9582E-04  2.3493E-05
 -3.3432E-03  2.9562E-04  2.4196E-04
 -3.3433E-03  2.9581E-04  2.6550E-04
 -3.3432E-03  2.9601E-04  2.8894E-04
 -3.6093E-03  3.1942E-04 -2.8937E-04
 -3.6093E-03  3.1936E-04 -2.6587E-04
 -3.6093E-03  3.1929E-04 -2.4232E-04
 -3.6092E-03  3.1936E-04 -2.3525E-05
 -3.6093E-03  3.1936E-04  1.5202E-17
 -3.6092E-03  3.1936E-04  2.3525E-05
 -3.6093E-03  3.1929E-04  2.4232E-04
 -3.6093E-03  3.1936E-04  2.6587E-04
 -3.6093E-03  3.1942E-04  2.8937E-04
 -3.8753E-03  3.4291E-04 -2.8947E-04
 -3.8753E-03  3.4290E-04 -2.6595E-04
 -3.8753E-03  3.4288E-04 -2.4241E-04
 -3.8753E-03  3.4290E-04 -2.3532E-05
 -3.8753E-03  3.4290E-04  1.5048E-17
 -3.8753E-03  3.4290E-04  2.3532E-05
 -3.8753E-03  3.4288E-04  2.4241E-04
 -3.8753E-03  3.4290E-04  2.6595E-04
 -3.8753E-03  3.4291E-04  2.8947E-04
   8.8043E-04
  0.0000E+00  0.0000E+00  0.0000E+00
  0.0000E+00  0.0000E+00  0.0000E+00
  0.0000E+00  0.0000E+00  0.0000E+00
  0.0000E+00  0.0000E+00  0.0000E+00
  0.0000E+00  0.0000E+00  0.0000E+00
  0.0000E+00  0.0000E+00  0.0000E+00
  0.0000E+00  0.0000E+00  0.0000E+00
  0.0000E+00  0.0000E+00  0.0000E+00
  0.0000E+00  0.0000E+00  0.0000E+00
  2.5460E-05 -1.5933E-05  4.4939E-05
  3.0360E-05 -1.4497E-06  3.9611E-05
  2.3016E-05  1.1636E-05  3.7621E-05
  1.6354E-05 -2.6912E-06  3.5112E-06
  2.2494E-05 -1.9940E-06 -1.1138E-18
  1.6354E-05 -2.6912E-06 -3.5112E-06
  2.3016E-05  1.1636E-05 -3.7621E-05
  3.0360E-05 -1.4497E-06 -3.9611E-05
  2.5460E-05 -1.5933E-05 -4.4939E-05
  8.8746E-05 -2.0372E-05  8.9751E-05
  9.4036E-05 -7.2796E-06  8.2737E-05
  8.6511E-05  4.8362E-06  7.5135E-05
  8.2122E-05 -8.3357E-06  7.3341E-06
  8.8277E-05 -7.8252E-06 -2.5809E-18
  8.2122E-05 -8.3357E-06 -7.3341E-06
  8.6511E-05  4.8362E-06 -7.5135E-05
  9.4036E-05 -7.2796E-06 -8.2737E-05
  8.8746E-05 -2.0372E-05 -8.9751E-05
  1.9387E-04 -2.8590E-05  1.3161E-04
  1.9858E-04 -1.6605E-05  1.2122E-04
  1.9183E-04 -5.6004E-06  1.1017E-04
  1.8733E-04 -1.7603E-05  1.0745E-05
  1.9311E-04 -1.7118E-05 -3.9734E-18
  1.8733E-04 -1.7603E-05 -1.0745E-05
  1.9183E-04 -5.6004E-06 -1.1017E-04
  1.9858E-04 -1.6605E-05 -1.2122E-04
  1.9387E-04 -2.8590E-05 -1.3161E-04
  3.3560E-04 -4.0180E-05  1.7011E-04
  3.3993E-04 -2.9226E-05  1.5655E-04
  3.3374E-04 -1.9152E-05  1.4241E-04
  3.2970E-04 -3.0133E-05  1.3877E-05
  3.3495E-04 -2.9691E-05 -5.3345E-18
  3.2970E-04 -3.0133E-05 -1.3877E-05
  3.3374E-04 -1.9152E-05 -1.4241E-04
  3.3993E-04 -2.9226E-05 -1.5655E-04
  3.3560E-04 -4.0180E-05 -1.7011E-04
  5.1112E-04 -5.4769E-05  2.0514E-04
  5.1504E-04 -4.4832E-05  1.8873E-04
  5.0942E-04 -3.5696E-05  1.7173E-04
  5.0575E-04 -4.5655E-05  1.6730E-05
  5.1052E-04 -4.5254E-05 -6.6787E-18
  5.0575E-04 -4.5655E-05 -1.6730E-05
  5.0942E-04 -3.5696E-05 -1.7173E-04
  5.1504E-04 -4.4832E-05 -1.8873E-04
  5.1112E-04 -5.4769E-05 -2.0514E-04
  7.1720E-04 -7.2078E-05  2.3678E-04
  7.2073E-04 -6.3148E-05  2.1779E-04
  7.1568E-04 -5.4938E-05  1.9822E-04
  7.1239E-04 -6.3888E-05  1.9305E-05
  7.1667E-04 -6.3528E-05 -8.0486E-18
  7.1239E-04 -6.3888E-05 -1.9305E-05
  7.1568E-04 -5.4938E-05 -1.9822E-04
  7.2073E-04 -6.3148E-05 -2.1779E-04
  7.1720E-04 -7.2078E-05 -2.3678E-04
  9.5076E-04 -9.1840E-05  2.6507E-04
  9.5390E-04 -8.3899E-05  2.4376E-04
  9.4941E-04 -7.6598E-05  2.2190E-04
  9.4647E-04 -8.4557E-05  2.1608E-05
  9.5029E-04 -8.4237E-05 -9.4060E-18
  9.4647E-04 -8.4557E-05 -2.1608E-05
  9.4941E-04 -7.6598E-05 -2.2190E-04
  9.5390E-04 -8.3899E-05 -2.4376E-04
  9.5076E-04 -9.1840E-05 -2.6507E-04
  1.2087E-03 -1.1379E-04  2.9008E-04
  1.2115E-03 -1.0681E-04  2.6673E-04
  1.2075E-03 -1.0040E-04  2.4284E-04
  1.2050E-03 -1.0739E-04  2.3644E-05
  1.2083E-03 -1.0711E-04 -1.0690E-17
  1.2050E-03 -1.0739E-04 -2.3644E-05
  1.2075E-03 -1.0040E-04 -2.4284E-04
  1.2115E-03 -1.0681E-04 -2.6673E-04
  1.2087E-03 -1.1379E-04 -2.9008E-04
  1.4881E-03 -1.3766E-04  3.1190E-04
  1.4905E-03 -1.3162E-04  2.8676E-04
  1.4871E-03 -1.2607E-04  2.6110E-04
  1.4848E-03 -1.3212E-04  2.5420E-05
  1.4877E-03 -1.3188E-04 -1.2001E-17
  1.4848E-03 -1.3212E-04 -2.5420E-05
  1.4871E-03 -1.2607E-04 -2.6110E-04
  1.4905E-03 -1.3162E-04 -2.8676E-04
  1.4881E-03 -1.3766E-04 -3.1190E-04
  1.7860E-03 -1.6321E-04  3.3064E-04
  1.7880E-03 -1.5807E-04  3.0397E-04
  1.7851E-03 -1.5334E-04  2.7680E-04
  1.7832E-03 -1.5850E-04  2.6945E-05
  1.7857E-03 -1.5829E-04 -1.3267E-17
  1.7832E-03 -1.5850E-04 -2.6945E-05
  1.7851E-03 -1.5334E-04 -2.7680E-04
  1.7880E-03 -1.5807E-04 -3.0397E-04
  1.7860E-03 -1.6321E-04 -3.3064E-04
  2.0996E-03 -1.9020E-04  3.4645E-04
  2.1013E-03 -1.8591E-04  3.1848E-04
  2.0989E-03 -1.8196E-04  2.9003E-04
  2.0973E-03 -1.8627E-04  2.8231E-05
  2.0994E-03 -1.8609E-04 -1.4826E-17
  2.0973E-03 -1.8627E-04 -2.8231E-05
  2.0989E-03 -1.8196E-04 -2.9003E-04
  2.1013E-03 -1.8591E-04 -3.1848E-04
  2.0996E-03 -1.9020E-04 -3.4645E-04
  2.4263E-03 -2.1840E-04  3.5949E-04
  2.4277E-03 -2.1491E-04  3.3044E-04
  2.4257E-03 -2.1170E-04  3.0095E-04
  2.4244E-03 -2.1520E-04  2.9291E-05
  2.4261E-03 -2.1506E-04 -1.5850E-17
  2.4244E-03 -2.1520E-04 -2.9291E-05
  2.4257E-03 -2.1170E-04 -3.0095E-04
  2.4277E-03 -2.1491E-04 -3.3044E-04
  2.4263E-03 -2.1840E-04 -3.5949E-04
  2.7636E-03 -2.4760E-04  3.6994E-04
  2.7647E-03 -2.4484E-04  3.4002E-04
  2.7631E-03 -2.4231E-04  3.0970E-04
  2.7621E-03 -2.4507E-04  3.0141E-05
  2.7635E-03 -2.4496E-04 -1.7148E-17
  2.7621E-03 -2.4507E-04 -3.0141E-05
  2.7631E-03 -2.4231E-04 -3.0970E-04
  2.7647E-03 -2.4484E-04 -3.4002E-04
  2.7636E-03 -2.4760E-04 -3.6994E-04
  3.1092E-03 -2.7760E-04  3.7803E-04
  3.1100E-03 -2.7551E-04  3.4743E-04
  3.1089E-03 -2.7359E-04  3.1647E-04
  3.1081E-03 -2.7569E-04  3.0798E-05
  3.1091E-03 -2.7560E-04 -1.8502E-17
  3.1081E-03 -2.7569E-04 -3.0798E-05
  3.1089E-03 -2.7359E-04 -3.1647E-04
  3.1100E-03 -2.7551E-04 -3.4743E-04
  3.1092E-03 -2.7760E-04 -3.7803E-04
  3.4610E-03 -3.0822E-04  3.8401E-04
  3.4616E-03 -3.0673E-04  3.5290E-04
  3.4608E-03 -3.0535E-04  3.2147E-04
  3.4602E-03 -3.0685E-04  3.1282E-05
  3.4610E-03 -3.0679E-04 -1.9283E-17
  3.4602E-03 -3.0685E-04 -3.1282E-05
  3.4608E-03 -3.0535E-04 -3.2147E-04
  3.4616E-03 -3.0673E-04 -3.5290E-04
  3.4610E-03 -3.0822E-04 -3.8401E-04
  3.8172E-03 -3.3932E-04  3.8814E-04
  3.8176E-03 -3.3833E-04  3.5667E-04
  3.8171E-03 -3.3742E-04  3.2493E-04
  3.8167E-03 -3.3841E-04  3.1616E-05
  3.8172E-03 -3.3837E-04 -1.9604E-17
  3.8167E-03 -3.3841E-04 -3.1616E-05
  3.8171E-03 -3.3742E-04 -3.2493E-04
  3.8176E-03 -3.3833E-04 -3.5667E-04
  3.8172E-03 -3.3932E-04 -3.8814E-04
  4.1762E-03 -3.7075E-04  3.9075E-04
  4.1765E-03 -3.7017E-04  3.5903E-04
  4.1761E-03 -3.6963E-04  3.2711E-04
  4.1759E-03 -3.7022E-04  3.1826E-05
  4.1762E-03 -3.7019E-04 -1.9761E-17
  4.1759E-03 -3.7022E-04 -3.1826E-05
  4.1761E-03 -3.6963E-04 -3.2711E-04
  4.1765E-03 -3.7017E-04 -3.5903E-04
  4.1762E-03 -3.7075E-04 -3.9075E-04
  4.5367E-03 -4.0242E-04  3.9215E-04
  4.5369E-03 -4.0214E-04  3.6029E-04
  4.5367E-03 -4.0188E-04  3.2829E-04
  4.5366E-03 -4.0216E-04  3.1938E-05
  4.5367E-03 -4.0215E-04 -1.9511E-17
  4.5366E-03 -4.0216E-04 -3.1938E-05
  4.5367E-03 -4.0188E-04 -3.2829E-04
  4.5369E-03 -4.0214E-04 -3.6029E-04
  4.5367E-03 -4.0242E-04 -3.9215E-04
  4.8978E-03 -4.3425E-04  3.9273E-04
  4.8979E-03 -4.3416E-04  3.6079E-04
  4.8978E-03 -4.3407E-04  3.2877E-04
  4.8978E-03 -4.3416E-04  3.1982E-05
  4.8978E-03 -4.3416E-04 -2.0224E-17
  4.8978E-03 -4.3416E-04 -3.1982E-05
  4.8978E-03 -4.3407E-04 -3.2877E-04
  4.8979E-03 -4.3416E-04 -3.6079E-04
  4.8978E-03 -4.3425E-04 -3.9273E-04
  5.2588E-03 -4.6618E-04  3.9287E-04
  5.2589E-03 -4.6616E-04  3.6090E-04
  5.2588E-03 -4.6614E-04  3.2889E-04
  5.2588E-03 -4.6616E-04  3.1991E-05
  5.2588E-03 -4.6616E-04 -2.0206E-17
  5.2588E-03 -4.6616E-04 -3.1991E-05
  5.2588E-03 -4.6614E-04 -3.2889E-04
  5.2589E-03 -4.6616E-04 -3.6090E-04
  5.2588E-03 -4.6618E-04 -3.9287E-04
   8.8043E-04
  0.0000E+00  0.0000E+00  0.0000E+00
  0.0000E+00  0.0000E+00  0.0000E+00
  0.0000E+00  0.0000E+00  0.0000E+00
  0.0000E+00  0.0000E+00  0.0000E+00
  0.0000E+00  0.0000E+00  0.0000E+00
  0.0000E+00  0.0000E+00  0.0000E+00
  0.0000E+00  0.0000E+00  0.0000E+00
  0.0000E+00  0.0000E+00  0.0000E+00
  0.0000E+00  0.0000E+00  0.0000E+00
 -4.1556E-06  2.6000E-06 -7.3344E-06
 -4.9560E-06  2.3604E-07 -6.4661E-06
 -3.7577E-06 -1.9003E-06 -6.1428E-06
 -2.6696E-06  4.3819E-07 -5.7171E-07
 -3.6720E-06  3.2466E-07  1.9397E-19
 -2.6696E-06  4.3819E-07  5.7171E-07
 -3.7577E-06 -1.9003E-06  6.1428E-06
 -4.9560E-06  2.3604E-07  6.4661E-06
 -4.1556E-06  2.6000E-06  7.3344E-06
 -1.4487E-05  3.3222E-06 -1.4648E-05
 -1.5350E-05  1.1853E-06 -1.3506E-05
 -1.4123E-05 -7.9271E-07 -1.2268E-05
 -1.3406E-05  1.3572E-06 -1.1942E-06
 -1.4410E-05  1.2741E-06  4.2251E-19
 -1.3406E-05  1.3572E-06  1.1942E-06
 -1.4123E-05 -7.9271E-07  1.2268E-05
 -1.5350E-05  1.1853E-06  1.3506E-05
 -1.4487E-05  3.3222E-06  1.4648E-05
 -3.1647E-05  4.6599E-06 -2.1479E-05
 -3.2417E-05  2.7037E-06 -1.9788E-05
 -3.1316E-05  9.0705E-07 -1.7990E-05
 -3.0580E-05  2.8662E-06 -1.7496E-06
 -3.1524E-05  2.7872E-06  6.9019E-19
 -3.0580E-05  2.8662E-06  1.7496E-06
 -3.1316E-05  9.0705E-07  1.7990E-05
 -3.2417E-05  2.7037E-06  1.9788E-05
 -3.1647E-05  4.6599E-06  2.1479E-05
 -5.4783E-05  6.5466E-06 -2.7763E-05
 -5.5491E-05  4.7586E-06 -2.5556E-05
 -5.4480E-05  3.1140E-06 -2.3253E-05
 -5.3821E-05  4.9063E-06 -2.2595E-06
 -5.4678E-05  4.8344E-06  8.9123E-19
 -5.3821E-05  4.9063E-06  2.2595E-06
 -5.4480E-05  3.1140E-06  2.3253E-05
 -5.5491E-05  4.7586E-06  2.5556E-05
 -5.4783E-05  6.5466E-06  2.7763E-05
 -8.3435E-05  8.9216E-06 -3.3481E-05
 -8.4076E-05  7.2996E-06 -3.0809E-05
 -8.3160E-05  5.8081E-06 -2.8041E-05
 -8.2560E-05  7.4337E-06 -2.7240E-06
 -8.3338E-05  7.3685E-06  1.0755E-18
 -8.2560E-05  7.4337E-06  2.7240E-06
 -8.3160E-05  5.8081E-06  2.8041E-05
 -8.4076E-05  7.2996E-06  3.0809E-05
 -8.3435E-05  8.9216E-06  3.3481E-05
 -1.1708E-04  1.1740E-05 -3.8644E-05
 -1.1765E-04  1.0282E-05 -3.5552E-05
 -1.1683E-04  8.9416E-06 -3.2366E-05
 -1.1629E-04  1.0402E-05 -3.1434E-06
 -1.1699E-04  1.0344E-05  1.2920E-18
 -1.1629E-04  1.0402E-05  3.1434E-06
 -1.1683E-04  8.9416E-06  3.2366E-05
 -1.1765E-04  1.0282E-05  3.5552E-05
 -1.1708E-04  1.1740E-05  3.8644E-05
 -1.5520E-04  1.4957E-05 -4.3261E-05
 -1.5572E-04  1.3661E-05 -3.9792E-05
 -1.5498E-04  1.2469E-05 -3.6232E-05
 -1.5450E-04  1.3768E-05 -3.5183E-06
 -1.5513E-04  1.3716E-05  1.5290E-18
 -1.5450E-04  1.3768E-05  3.5183E-06
 -1.5498E-04  1.2469E-05  3.6232E-05
 -1.5572E-04  1.3661E-05  3.9792E-05
 -1.5520E-04  1.4957E-05  4.3261E-05
 -1.9731E-04  1.8530E-05 -4.7342E-05
 -1.9776E-04  1.7391E-05 -4.3541E-05
 -1.9712E-04  1.6344E-05 -3.9651E-05
 -1.9670E-04  1.7485E-05 -3.8498E-06
 -1.9725E-04  1.7440E-05  1.7407E-18
 -1.9670E-04  1.7485E-05  3.8498E-06
 -1.9712E-04  1.6344E-05  3.9651E-05
 -1.9776E-04  1.7391E-05  4.3541E-05
 -1.9731E-04  1.8530E-05  4.7342E-05
 -2.4292E-04  2.2417E-05 -5.0904E-05
 -2.4331E-04  2.1431E-05 -4.6812E-05
 -2.4275E-04  2.0524E-05 -4.2633E-05
 -2.4239E-04  2.1512E-05 -4.1389E-06
 -2.4286E-04  2.1473E-05  1.9725E-18
 -2.4239E-04  2.1512E-05  4.1389E-06
 -2.4275E-04  2.0524E-05  4.2633E-05
 -2.4331E-04  2.1431E-05  4.6812E-05
 -2.4292E-04  2.2417E-05  5.0904E-05
 -2.9155E-04  2.6577E-05 -5.3963E-05
 -2.9188E-04  2.5737E-05 -4.9621E-05
 -2.9140E-04  2.4965E-05 -4.5196E-05
 -2.9109E-04  2.5807E-05 -4.3873E-06
 -2.9150E-04  2.5773E-05  2.1852E-18
 -2.9109E-04  2.5807E-05  4.3873E-06
 -2.9140E-04  2.4965E-05  4.5196E-05
 -2.9188E-04  2.5737E-05  4.9621E-05
 -2.9155E-04  2.6577E-05  5.3963E-05
 -3.4274E-04  3.0971E-05 -5.6543E-05
 -3.4302E-04  3.0271E-05 -5.1989E-05
 -3.4262E-04  2.9626E-05 -4.7357E-05
 -3.4236E-04  3.0328E-05 -4.5967E-06
 -3.4270E-04  3.0300E-05  2.4394E-18
 -3.4236E-04  3.0328E-05  4.5967E-06
 -3.4262E-04  2.9626E-05  4.7357E-05
 -3.4302E-04  3.0271E-05  5.1989E-05
 -3.4274E-04  3.0971E-05  5.6543E-05
 -3.9607E-04  3.5562E-05 -5.8671E-05
 -3.9630E-04  3.4992E-05 -5.3941E-05
 -3.9598E-04  3.4468E-05 -4.9139E-05
 -3.9577E-04  3.5039E-05 -4.7693E-06
 -3.9604E-04  3.5016E-05  2.6835E-18
 -3.9577E-04  3.5039E-05  4.7693E-06
 -3.9598E-04  3.4468E-05  4.9139E-05
 -3.9630E-04  3.4992E-05  5.3941E-05
 -3.9607E-04  3.5562E-05  5.8671E-05
 -4.5114E-04  4.0316E-05 -6.0377E-05
 -4.5131E-04  3.9866E-05 -5.5506E-05
 -4.5106E-04  3.9453E-05 -5.0568E-05
 -4.5089E-04  3.9904E-05 -4.9076E-06
 -4.5111E-04  3.9886E-05  2.7972E-18
 -4.5089E-04  3.9904E-05  4.9076E-06
 -4.5106E-04  3.9453E-05  5.0568E-05
 -4.5131E-04  3.9866E-05  5.5506E-05
 -4.5114E-04  4.0316E-05  6.0377E-05
 -5.0755E-04  4.5200E-05 -6.1698E-05
 -5.0769E-04  4.4860E-05 -5.6715E-05
 -5.0750E-04  4.4547E-05 -5.1674E-05
 -5.0737E-04  4.4888E-05 -5.0146E-06
 -5.0753E-04  4.4874E-05  2.8296E-18
 -5.0737E-04  4.4888E-05  5.0146E-06
 -5.0750E-04  4.4547E-05  5.1674E-05
 -5.0769E-04  4.4860E-05  5.6715E-05
 -5.0755E-04  4.5200E-05  6.1698E-05
 -5.6499E-04  5.0186E-05 -6.2673E-05
 -5.6508E-04  4.9942E-05 -5.7607E-05
 -5.6494E-04  4.9718E-05 -5.2491E-05
 -5.6485E-04  4.9963E-05 -5.0934E-06
 -5.6497E-04  4.9953E-05  3.0851E-18
 -5.6485E-04  4.9963E-05  5.0934E-06
 -5.6494E-04  4.9718E-05  5.2491E-05
 -5.6508E-04  4.9942E-05  5.7607E-05
 -5.6499E-04  5.0186E-05  6.2673E-05
 -6.2313E-04  5.5249E-05 -6.3348E-05
 -6.2320E-04  5.5087E-05 -5.8223E-05
 -6.2310E-04  5.4938E-05 -5.3056E-05
 -6.2304E-04  5.5101E-05 -5.1479E-06
 -6.2312E-04  5.5094E-05  3.2308E-18
 -6.2304E-04  5.5101E-05  5.1479E-06
 -6.2310E-04  5.4938E-05  5.3056E-05
 -6.2320E-04  5.5087E-05  5.8223E-05
 -6.2313E-04  5.5249E-05  6.3348E-05
 -6.8173E-04  6.0367E-05 -6.3773E-05
 -6.8177E-04  6.0272E-05 -5.8609E-05
 -6.8172E-04  6.0184E-05 -5.3412E-05
 -6.8168E-04  6.0280E-05 -5.1820E-06
 -6.8173E-04  6.0276E-05  3.1445E-18
 -6.8168E-04  6.0280E-05  5.1820E-06
 -6.8172E-04  6.0184E-05  5.3412E-05
 -6.8177E-04  6.0272E-05  5.8609E-05
 -6.8173E-04  6.0367E-05  6.3773E-05
 -7.4058E-04  6.5523E-05 -6.4002E-05
 -7.4060E-04  6.5478E-05 -5.8815E-05
 -7.4058E-04  6.5435E-05 -5.3604E-05
 -7.4056E-04  6.5481E-05 -5.2002E-06
 -7.4058E-04  6.5480E-05  3.1936E-18
 -7.4056E-04  6.5481E-05  5.2002E-06
 -7.4058E-04  6.5435E-05  5.3604E-05
 -7.4060E-04  6.5478E-05  5.8815E-05
 -7.4058E-04  6.5523E-05  6.4002E-05
 -7.9953E-04  7.0706E-05 -6.4096E-05
 -7.9953E-04  7.0690E-05 -5.8896E-05
 -7.9952E-04  7.0676E-05 -5.3683E-05
 -7.9952E-04  7.0692E-05 -5.2074E-06
 -7.9953E-04  7.0691E-05  3.4306E-18
 -7.9952E-04  7.0692E-05  5.2074E-06
 -7.9952E-04  7.0676E-05  5.3683E-05
 -7.9953E-04  7.0690E-05  5.8896E-05
 -7.9953E-04  7.0706E-05  6.4096E-05
 -8.5846E-04  7.5905E-05 -6.4119E-05
 -8.5846E-04  7.5902E-05 -5.8914E-05
 -8.5846E-04  7.5898E-05 -5.3701E-05
 -8.5846E-04  7.5902E-05 -5.2089E-06
 -8.5846E-04  7.5902E-05  3.6542E-18
 -8.5846E-04  7.5902E-05  5.2089E-06
 -8.5846E-04  7.5898E-05  5.3701E-05
 -8.5846E-04  7.5902E-05  5.8914E-05
 -8.5846E-04  7.5905E-05  6.4119E-05
   8.8043E-04
  0.0000E+00  0.0000E+00  0.0000E+00
  0.0000E+00  0.0000E+00  0.0000E+00
  0.0000E+00  0.0000E+00  0.0000E+00
  0.0000E+00  0.0000E+00  0.0000E+00
  0.0000E+00  0.0000E+00  0.0000E+00
  0.0000E+00  0.0000E+00  0.0000E+00
  0.0000E+00  0.0000E+00  0.0000E+00
  0.0000E+00  0.0000E+00  0.0000E+00
  0.0000E+00  0.0000E+00  0.0000E+00
 -1.4338E-05  2.8361E-05 -4.6358E-05
  3.3152E-06  2.0151E-05  4.3254E-06
  1.9632E-05  3.1371E-05  5.5373E-05
  1.7858E-06  3.7410E-05 -4.8808E-05
  2.4563E-06  2.7717E-05 -1.0829E-18
  1.7858E-06  3.7410E-05  4.8808E-05
  1.9632E-05  3.1371E-05 -5.5373E-05
  3.3152E-06  2.0151E-05 -4.3254E-06
 -1.4338E-05  2.8361E-05  4.6358E-05
 -5.9618E-06  1.0660E-04 -9.2584E-05
  1.0268E-05  1.0119E-04  9.0347E-06
  2.5099E-05  1.0935E-04  1.1059E-04
  8.9675E-06  1.1587E-04 -1.0195E-04
  9.6396E-06  1.0878E-04 -2.4712E-18
  8.9675E-06  1.1587E-04  1.0195E-04
  2.5099E-05  1.0935E-04 -1.1059E-04
  1.0268E-05  1.0119E-04 -9.0347E-06
 -5.9618E-06  1.0660E-04  9.2584E-05
  6.8951E-06  2.3638E-04 -1.3576E-04
  2.1684E-05  2.3083E-04  1.3237E-05
  3.5223E-05  2.3889E-04  1.6216E-04
  2.0456E-05  2.4469E-04 -1.4937E-04
  2.1087E-05  2.3795E-04 -3.8278E-18
  2.0456E-05  2.4469E-04  1.4937E-04
  3.5223E-05  2.3889E-04 -1.6216E-04
  2.1684E-05  2.3083E-04 -1.3237E-05
  6.8951E-06  2.3638E-04  1.3576E-04
  2.3590E-05  4.1123E-04 -1.7548E-04
  3.7119E-05  4.0626E-04  1.7095E-05
  4.9500E-05  4.1353E-04  2.0961E-04
  3.6002E-05  4.1886E-04 -1.9290E-04
  3.6576E-05  4.1273E-04 -5.1514E-18
  3.6002E-05  4.1886E-04  1.9290E-04
  4.9500E-05  4.1353E-04 -2.0961E-04
  3.7119E-05  4.0626E-04 -1.7095E-05
  2.3590E-05  4.1123E-04  1.7548E-04
  4.3969E-05  6.2772E-04 -2.1162E-04
  5.6241E-05  6.2319E-04  2.0609E-05
  6.7471E-05  6.2980E-04  2.5277E-04
  5.5227E-05  6.3463E-04 -2.3255E-04
  5.5748E-05  6.2907E-04 -6.3752E-18
  5.5227E-05  6.3463E-04  2.3255E-04
  6.7471E-05  6.2980E-04 -2.5277E-04
  5.6241E-05  6.2319E-04 -2.0609E-05
  4.3969E-05  6.2772E-04  2.1162E-04
  6.7674E-05  8.8187E-04 -2.4425E-04
  7.8702E-05  8.7780E-04  2.3782E-05
  8.8794E-05  8.8374E-04  2.9175E-04
  7.7791E-05  8.8809E-04 -2.6836E-04
  7.8259E-05  8.8309E-04 -7.6279E-18
  7.7791E-05  8.8809E-04  2.6836E-04
  8.8794E-05  8.8374E-04 -2.9175E-04
  7.8702E-05  8.7780E-04 -2.3782E-05
  6.7674E-05  8.8187E-04  2.4425E-04
  9.4356E-05  1.1699E-03 -2.7343E-04
  1.0416E-04  1.1663E-03  2.6618E-05
  1.1314E-04  1.1715E-03  3.2661E-04
  1.0335E-04  1.1754E-03 -3.0037E-04
  1.0377E-04  1.1709E-03 -8.8128E-18
  1.0335E-04  1.1754E-03  3.0037E-04
  1.1314E-04  1.1715E-03 -3.2661E-04
  1.0416E-04  1.1663E-03 -2.6618E-05
  9.4356E-05  1.1699E-03  2.7343E-04
  1.2367E-04  1.4879E-03 -2.9923E-04
  1.3229E-04  1.4848E-03  2.9126E-05
  1.4017E-04  1.4894E-03  3.5742E-04
  1.3158E-04  1.4928E-03 -3.2867E-04
  1.3194E-04  1.4889E-03 -1.0005E-17
  1.3158E-04  1.4928E-03  3.2867E-04
  1.4017E-04  1.4894E-03 -3.5742E-04
  1.3229E-04  1.4848E-03 -2.9126E-05
  1.2367E-04  1.4879E-03  2.9923E-04
  1.5529E-04  1.8324E-03 -3.2174E-04
  1.6276E-04  1.8296E-03  3.1314E-05
  1.6958E-04  1.8336E-03  3.8431E-04
  1.6214E-04  1.8366E-03 -3.5335E-04
  1.6246E-04  1.8332E-03 -1.1283E-17
  1.6214E-04  1.8366E-03  3.5335E-04
  1.6958E-04  1.8336E-03 -3.8431E-04
  1.6276E-04  1.8296E-03 -3.1314E-05
  1.5529E-04  1.8324E-03  3.2174E-04
  1.8889E-04  2.1996E-03 -3.4108E-04
  1.9525E-04  2.1973E-03  3.3193E-05
  2.0106E-04  2.2007E-03  4.0741E-04
  1.9472E-04  2.2032E-03 -3.7455E-04
  1.9499E-04  2.2003E-03 -1.2469E-17
  1.9472E-04  2.2032E-03  3.7455E-04
  2.0106E-04  2.2007E-03 -4.0741E-04
  1.9525E-04  2.1973E-03 -3.3193E-05
  1.8889E-04  2.1996E-03  3.4108E-04
  2.2415E-04  2.5862E-03 -3.5739E-04
  2.2946E-04  2.5843E-03  3.4777E-05
  2.3431E-04  2.5871E-03  4.2689E-04
  2.2902E-04  2.5892E-03 -3.9243E-04
  2.2924E-04  2.5868E-03 -1.3783E-17
  2.2902E-04  2.5892E-03  3.9243E-04
  2.3431E-04  2.5871E-03 -4.2689E-04
  2.2946E-04  2.5843E-03 -3.4777E-05
  2.2415E-04  2.5862E-03  3.5739E-04
  2.6078E-04  2.9890E-03 -3.7084E-04
  2.6510E-04  2.9874E-03  3.6083E-05
  2.6905E-04  2.9897E-03  4.4295E-04
  2.6474E-04  2.9914E-03 -4.0717E-04
  2.6492E-04  2.9895E-03 -1.4911E-17
  2.6474E-04  2.9914E-03  4.0717E-04
  2.6905E-04  2.9897E-03 -4.4295E-04
  2.6510E-04  2.9874E-03 -3.6083E-05
  2.6078E-04  2.9890E-03  3.7084E-04
  2.9850E-04  3.4048E-03 -3.8162E-04
  3.0190E-04  3.4035E-03  3.7130E-05
  3.0501E-04  3.4053E-03  4.5584E-04
  3.0162E-04  3.4067E-03 -4.1898E-04
  3.0176E-04  3.4051E-03 -1.5883E-17
  3.0162E-04  3.4067E-03  4.1898E-04
  3.0501E-04  3.4053E-03 -4.5584E-04
  3.0190E-04  3.4035E-03 -3.7130E-05
  2.9850E-04  3.4048E-03  3.8162E-04
  3.3703E-04  3.8308E-03 -3.8997E-04
  3.3961E-04  3.8298E-03  3.7939E-05
  3.4197E-04  3.8312E-03  4.6580E-04
  3.3940E-04  3.8322E-03 -4.2811E-04
  3.3951E-04  3.8311E-03 -1.6957E-17
  3.3940E-04  3.8322E-03  4.2811E-04
  3.4197E-04  3.8312E-03 -4.6580E-04
  3.3961E-04  3.8298E-03 -3.7939E-05
  3.3703E-04  3.8308E-03  3.8997E-04
  3.7615E-04  4.2644E-03 -3.9613E-04
  3.7800E-04  4.2637E-03  3.8535E-05
  3.7969E-04  4.2647E-03  4.7317E-04
  3.7785E-04  4.2654E-03 -4.3484E-04
  3.7793E-04  4.2646E-03 -1.8384E-17
  3.7785E-04  4.2654E-03  4.3484E-04
  3.7969E-04  4.2647E-03 -4.7317E-04
  3.7800E-04  4.2637E-03 -3.8535E-05
  3.7615E-04  4.2644E-03  3.9613E-04
  4.1565E-04  4.7034E-03 -4.0039E-04
  4.1688E-04  4.7030E-03  3.8947E-05
  4.1800E-04  4.7036E-03  4.7826E-04
  4.1677E-04  4.7041E-03 -4.3949E-04
  4.1683E-04  4.7036E-03 -1.9149E-17
  4.1677E-04  4.7041E-03  4.3949E-04
  4.1800E-04  4.7036E-03 -4.7826E-04
  4.1688E-04  4.7030E-03 -3.8947E-05
  4.1565E-04  4.7034E-03  4.0039E-04
  4.5534E-04  5.1459E-03 -4.0308E-04
  4.5606E-04  5.1456E-03  3.9205E-05
  4.5672E-04  5.1460E-03  4.8147E-04
  4.5600E-04  5.1463E-03 -4.4240E-04
  4.5603E-04  5.1459E-03 -1.9605E-17
  4.5600E-04  5.1463E-03  4.4240E-04
  4.5672E-04  5.1460E-03 -4.8147E-04
  4.5606E-04  5.1456E-03 -3.9205E-05
  4.5534E-04  5.1459E-03  4.0308E-04
  4.9507E-04  5.5901E-03 -4.0453E-04
  4.9541E-04  5.5900E-03  3.9343E-05
  4.9573E-04  5.5902E-03  4.8320E-04
  4.9538E-04  5.5903E-03 -4.4395E-04
  4.9540E-04  5.5902E-03 -2.0288E-17
  4.9538E-04  5.5903E-03  4.4395E-04
  4.9573E-04  5.5902E-03 -4.8320E-04
  4.9541E-04  5.5900E-03 -3.9343E-05
  4.9507E-04  5.5901E-03  4.0453E-04
  5.3472E-04  6.0351E-03 -4.0513E-04
  5.3483E-04  6.0351E-03  3.9397E-05
  5.3494E-04  6.0351E-03  4.8391E-04
  5.3482E-04  6.0352E-03 -4.4457E-04
  5.3483E-04  6.0351E-03 -1.9645E-17
  5.3482E-04  6.0352E-03  4.4457E-04
  5.3494E-04  6.0351E-03 -4.8391E-04
  5.3483E-04  6.0351E-03 -3.9397E-05
  5.3472E-04  6.0351E-03  4.0513E-04
  5.7422E-04  6.4800E-03 -4.0527E-04
  5.7425E-04  6.4799E-03  3.9409E-05
  5.7428E-04  6.4800E-03  4.8408E-04
  5.7425E-04  6.4800E-03 -4.4470E-04
  5.7425E-04  6.4800E-03 -2.0420E-17
  5.7425E-04  6.4800E-03  4.4470E-04
  5.7428E-04  6.4800E-03 -4.8408E-04
  5.7425E-04  6.4799E-03 -3.9409E-05
  5.7422E-04  6.4800E-03  4.0527E-04
   8.8043E-04
  0.0000E+00  0.0000E+00  0.0000E+00
  0.0000E+00  0.0000E+00  0.0000E+00
  0.0000E+00  0.0000E+00  0.0000E+00
  0.0000E+00  0.0000E+00  0.0000E+00
  0.0000E+00  0.0000E+00  0.0000E+00
  0.0000E+00  0.0000E+00  0.0000E+00
  0.0000E+00  0.0000E+00  0.0000E+00
  0.0000E+00  0.0000E+00  0.0000E+00
  0.0000E+00  0.0000E+00  0.0000E+00
  3.1568E-06 -6.2425E-06  1.0205E-05
 -7.2813E-07 -4.4350E-06 -9.4998E-07
 -4.3194E-06 -6.9037E-06 -1.2185E-05
 -3.9222E-07 -8.2334E-06  1.0742E-05
 -5.3948E-07 -6.1002E-06  2.1100E-19
 -3.9222E-07 -8.2334E-06 -1.0742E-05
 -4.3194E-06 -6.9037E-06  1.2185E-05
 -7.2813E-07 -4.4350E-06  9.4998E-07
  3.1568E-06 -6.2425E-06 -1.0205E-05
  1.3164E-06 -2.3462E-05  2.0380E-05
 -2.2553E-06 -2.2271E-05 -1.9843E-06
 -5.5197E-06 -2.4066E-05 -2.4335E-05
 -1.9695E-06 -2.5501E-05  2.2438E-05
 -2.1172E-06 -2.3940E-05  5.9607E-19
 -1.9695E-06 -2.5501E-05 -2.2438E-05
 -5.5197E-06 -2.4066E-05  2.4335E-05
 -2.2553E-06 -2.2271E-05  1.9843E-06
  1.3164E-06 -2.3462E-05 -2.0380E-05
 -1.5079E-06 -5.2024E-05  2.9885E-05
 -4.7626E-06 -5.0801E-05 -2.9072E-06
 -7.7424E-06 -5.2575E-05 -3.5684E-05
 -4.4927E-06 -5.3853E-05  3.2874E-05
 -4.6314E-06 -5.2370E-05  7.7965E-19
 -4.4927E-06 -5.3853E-05 -3.2874E-05
 -7.7424E-06 -5.2575E-05  3.5684E-05
 -4.7626E-06 -5.0801E-05  2.9072E-06
 -1.5079E-06 -5.2024E-05 -2.9885E-05
 -5.1751E-06 -9.0506E-05  3.8628E-05
 -8.1525E-06 -8.9411E-05 -3.7546E-06
 -1.0878E-05 -9.1011E-05 -4.6123E-05
 -7.9072E-06 -9.2185E-05  4.2455E-05
 -8.0332E-06 -9.0836E-05  1.1078E-18
 -7.9072E-06 -9.2185E-05 -4.2455E-05
 -1.0878E-05 -9.1011E-05  4.6123E-05
 -8.1525E-06 -8.9411E-05  3.7546E-06
 -5.1751E-06 -9.0506E-05 -3.8628E-05
 -9.6516E-06 -1.3815E-04  4.6583E-05
 -1.2352E-05 -1.3715E-04 -4.5263E-06
 -1.4824E-05 -1.3861E-04 -5.5622E-05
 -1.2129E-05 -1.3967E-04  5.1182E-05
 -1.2244E-05 -1.3845E-04  1.4351E-18
 -1.2129E-05 -1.3967E-04 -5.1182E-05
 -1.4824E-05 -1.3861E-04  5.5622E-05
 -1.2352E-05 -1.3715E-04  4.5263E-06
 -9.6516E-06 -1.3815E-04 -4.6583E-05
 -1.4858E-05 -1.9409E-04  5.3767E-05
 -1.7285E-05 -1.9319E-04 -5.2232E-06
 -1.9507E-05 -1.9450E-04 -6.4200E-05
 -1.7085E-05 -1.9545E-04  5.9062E-05
 -1.7188E-05 -1.9435E-04  1.6256E-18
 -1.7085E-05 -1.9545E-04 -5.9062E-05
 -1.9507E-05 -1.9450E-04  6.4200E-05
 -1.7285E-05 -1.9319E-04  5.2232E-06
 -1.4858E-05 -1.9409E-04 -5.3767E-05
 -2.0719E-05 -2.5747E-04  6.0191E-05
 -2.2877E-05 -2.5667E-04 -5.8462E-06
 -2.4853E-05 -2.5784E-04 -7.1870E-05
 -2.2699E-05 -2.5869E-04  6.6107E-05
 -2.2791E-05 -2.5771E-04  1.7559E-18
 -2.2699E-05 -2.5869E-04 -6.6107E-05
 -2.4853E-05 -2.5784E-04  7.1870E-05
 -2.2877E-05 -2.5667E-04  5.8462E-06
 -2.0719E-05 -2.5747E-04 -6.0191E-05
 -2.7159E-05 -3.2747E-04  6.5870E-05
 -2.9055E-05 -3.2677E-04 -6.3970E-06
 -3.0790E-05 -3.2779E-04 -7.8651E-05
 -2.8899E-05 -3.2854E-04  7.2334E-05
 -2.8979E-05 -3.2768E-04  2.1610E-18
 -2.8899E-05 -3.2854E-04 -7.2334E-05
 -3.0790E-05 -3.2779E-04  7.8651E-05
 -2.9055E-05 -3.2677E-04  6.3970E-06
 -2.7159E-05 -3.2747E-04 -6.5870E-05
 -3.4104E-05 -4.0328E-04  7.0825E-05
 -3.5746E-05 -4.0267E-04 -6.8775E-06
 -3.7249E-05 -4.0356E-04 -8.4567E-05
 -3.5611E-05 -4.0420E-04  7.7767E-05
 -3.5680E-05 -4.0346E-04  2.4651E-18
 -3.5611E-05 -4.0420E-04 -7.7767E-05
 -3.7249E-05 -4.0356E-04  8.4567E-05
 -3.5746E-05 -4.0267E-04  6.8775E-06
 -3.4104E-05 -4.0328E-04 -7.0825E-05
 -4.1484E-05 -4.8410E-04  7.5082E-05
 -4.2882E-05 -4.8359E-04 -7.2902E-06
 -4.4162E-05 -4.8434E-04 -8.9650E-05
 -4.2767E-05 -4.8489E-04  8.2434E-05
 -4.2826E-05 -4.8426E-04  2.6370E-18
 -4.2767E-05 -4.8489E-04 -8.2434E-05
 -4.4162E-05 -4.8434E-04  8.9650E-05
 -4.2882E-05 -4.8359E-04  7.2902E-06
 -4.1484E-05 -4.8410E-04 -7.5082E-05
 -4.9229E-05 -5.6919E-04  7.8672E-05
 -5.0396E-05 -5.6876E-04 -7.6381E-06
 -5.1463E-05 -5.6939E-04 -9.3936E-05
 -5.0299E-05 -5.6985E-04  8.6368E-05
 -5.0349E-05 -5.6932E-04  2.9646E-18
 -5.0299E-05 -5.6985E-04 -8.6368E-05
 -5.1463E-05 -5.6939E-04  9.3936E-05
 -5.0396E-05 -5.6876E-04  7.6381E-06
 -4.9229E-05 -5.6919E-04 -7.8672E-05
 -5.7274E-05 -6.5783E-04  8.1632E-05
 -5.8223E-05 -6.5748E-04 -7.9249E-06
 -5.9092E-05 -6.5799E-04 -9.7471E-05
 -5.8145E-05 -6.5836E-04  8.9612E-05
 -5.8185E-05 -6.5793E-04  3.1580E-18
 -5.8145E-05 -6.5836E-04 -8.9612E-05
 -5.9092E-05 -6.5799E-04  9.7471E-05
 -5.8223E-05 -6.5748E-04  7.9249E-06
 -5.7274E-05 -6.5783E-04 -8.1632E-05
 -6.5557E-05 -7.4934E-04  8.4006E-05
 -6.6306E-05 -7.4906E-04 -8.1548E-06
 -6.6991E-05 -7.4946E-04 -1.0031E-04
 -6.6244E-05 -7.4976E-04  9.2211E-05
 -6.6276E-05 -7.4942E-04  3.3319E-18
 -6.6244E-05 -7.4976E-04 -9.2211E-05
 -6.6991E-05 -7.4946E-04  1.0031E-04
 -6.6306E-05 -7.4906E-04  8.1548E-06
 -6.5557E-05 -7.4934E-04 -8.4006E-05
 -7.4021E-05 -8.4309E-04  8.5843E-05
 -7.4588E-05 -8.4288E-04 -8.3325E-06
 -7.5107E-05 -8.4319E-04 -1.0250E-04
 -7.4542E-05 -8.4341E-04  9.4220E-05
 -7.4566E-05 -8.4316E-04  3.5486E-18
 -7.4542E-05 -8.4341E-04 -9.4220E-05
 -7.5107E-05 -8.4319E-04  1.0250E-04
 -7.4588E-05 -8.4288E-04  8.3325E-06
 -7.4021E-05 -8.4309E-04 -8.5843E-05
 -8.2614E-05 -9.3853E-04  8.7200E-05
 -8.3021E-05 -9.3838E-04 -8.4636E-06
 -8.3392E-05 -9.3860E-04 -1.0412E-04
 -8.2987E-05 -9.3876E-04  9.5702E-05
 -8.3004E-05 -9.3858E-04  4.0100E-18
 -8.2987E-05 -9.3876E-04 -9.5702E-05
 -8.3392E-05 -9.3860E-04  1.0412E-04
 -8.3021E-05 -9.3838E-04  8.4636E-06
 -8.2614E-05 -9.3853E-04 -8.7200E-05
 -9.1289E-05 -1.0352E-03  8.8139E-05
 -9.1559E-05 -1.0351E-03 -8.5540E-06
 -9.1805E-05 -1.0352E-03 -1.0524E-04
 -9.1536E-05 -1.0353E-03  9.6725E-05
 -9.1548E-05 -1.0352E-03  4.1631E-18
 -9.1536E-05 -1.0353E-03 -9.6725E-05
 -9.1805E-05 -1.0352E-03  1.0524E-04
 -9.1559E-05 -1.0351E-03  8.5540E-06
 -9.1289E-05 -1.0352E-03 -8.8139E-05
 -1.0001E-04 -1.1325E-03  8.8730E-05
 -1.0016E-04 -1.1325E-03 -8.6107E-06
 -1.0031E-04 -1.1326E-03 -1.0595E-04
 -1.0015E-04 -1.1326E-03  9.7366E-05
 -1.0016E-04 -1.1325E-03  4.1369E-18
 -1.0015E-04 -1.1326E-03 -9.7366E-05
 -1.0031E-04 -1.1326E-03  1.0595E-04
 -1.0016E-04 -1.1325E-03  8.6107E-06
 -1.0001E-04 -1.1325E-03 -8.8730E-05
 -1.0873E-04 -1.2303E-03  8.9049E-05
 -1.0881E-04 -1.2303E-03 -8.6409E-06
 -1.0888E-04 -1.2303E-03 -1.0633E-04
 -1.0880E-04 -1.2304E-03  9.7707E-05
 -1.0880E-04 -1.2303E-03  4.3349E-18
 -1.0880E-04 -1.2304E-03 -9.7707E-05
 -1.0888E-04 -1.2303E-03  1.0633E-04
 -1.0881E-04 -1.2303E-03  8.6409E-06
 -1.0873E-04 -1.2303E-03 -8.9049E-05
 -1.1744E-04 -1.3282E-03  8.9180E-05
 -1.1747E-04 -1.3282E-03 -8.6529E-06
 -1.1749E-04 -1.3282E-03 -1.0648E-04
 -1.1746E-04 -1.3282E-03  9.7843E-05
 -1.1746E-04 -1.3282E-03  4.2546E-18
 -1.1746E-04 -1.3282E-03 -9.7843E-05
 -1.1749E-04 -1.3282E-03  1.0648E-04
 -1.1747E-04 -1.3282E-03  8.6529E-06
 -1.1744E-04 -1.3282E-03 -8.9180E-05
 -1.2612E-04 -1.4261E-03  8.9211E-05
 -1.2612E-04 -1.4261E-03 -8.6555E-06
 -1.2613E-04 -1.4261E-03 -1.0652E-04
 -1.2612E-04 -1.4261E-03  9.7872E-05
 -1.2612E-04 -1.4261E-03  4.3839E-18
 -1.2612E-04 -1.4261E-03 -9.7872E-05
 -1.2613E-04 -1.4261E-03  1.0652E-04
 -1.2612E-04 -1.4261E-03  8.6555E-06
 -1.2612E-04 -1.4261E-03 -8.9211E-05
   8.8043E-04
  0.0000E+00  0.0000E+00  0.0000E+00
  0.0000E+00  0.0000E+00  0.0000E+00
  0.0000E+00  0.0000E+00  0.0000E+00
  0.0000E+00  0.0000E+00  0.0000E+00
  0.0000E+00  0.0000E+00  0.0000E+00
  0.0000E+00  0.0000E+00  0.0000E+00
  0.0000E+00  0.0000E+00  0.0000E+00
  0.0000E+00  0.0000E+00  0.0000E+00
  0.0000E+00  0.0000E+00  0.0000E+00
  2.0790E-06 -4.1116E-06  6.7211E-06
 -4.7989E-07 -2.9212E-06 -6.2611E-07
 -2.8453E-06 -4.5473E-06 -8.0261E-06
 -2.5850E-07 -5.4230E-06  7.0754E-06
 -3.5556E-07 -4.0180E-06  1.5483E-19
 -2.5850E-07 -5.4230E-06 -7.0754E-06
 -2.8453E-06 -4.5473E-06  8.0261E-06
 -4.7989E-07 -2.9212E-06  6.2611E-07
  2.0790E-06 -4.1116E-06 -6.7211E-06
  8.6624E-07 -1.5453E-05  1.3423E-05
 -1.4864E-06 -1.4669E-05 -1.3078E-06
 -3.6365E-06 -1.5852E-05 -1.6029E-05
 -1.2981E-06 -1.6797E-05  1.4779E-05
 -1.3954E-06 -1.5768E-05  3.4654E-19
 -1.2981E-06 -1.6797E-05 -1.4779E-05
 -3.6365E-06 -1.5852E-05  1.6029E-05
 -1.4864E-06 -1.4669E-05  1.3078E-06
  8.6624E-07 -1.5453E-05 -1.3423E-05
 -9.9510E-07 -3.4266E-05  1.9683E-05
 -3.1389E-06 -3.3461E-05 -1.9161E-06
 -5.1016E-06 -3.4630E-05 -2.3505E-05
 -2.9610E-06 -3.5471E-05  2.1653E-05
 -3.0524E-06 -3.4494E-05  5.5478E-19
 -2.9610E-06 -3.5471E-05 -2.1653E-05
 -5.1016E-06 -3.4630E-05  2.3505E-05
 -3.1389E-06 -3.3461E-05  1.9161E-06
 -9.9510E-07 -3.4266E-05 -1.9683E-05
 -3.4120E-06 -5.9613E-05  2.5442E-05
 -5.3731E-06 -5.8892E-05 -2.4745E-06
 -7.1679E-06 -5.9946E-05 -3.0381E-05
 -5.2114E-06 -6.0719E-05  2.7964E-05
 -5.2945E-06 -5.9830E-05  7.5415E-19
 -5.2114E-06 -6.0719E-05 -2.7964E-05
 -7.1679E-06 -5.9946E-05  3.0381E-05
 -5.3731E-06 -5.8892E-05  2.4745E-06
 -3.4120E-06 -5.9613E-05 -2.5442E-05
 -6.3622E-06 -9.0995E-05  3.0681E-05
 -8.1410E-06 -9.0339E-05 -2.9832E-06
 -9.7691E-06 -9.1297E-05 -3.6638E-05
 -7.9942E-06 -9.1998E-05  3.3712E-05
 -8.0696E-06 -9.1191E-05  9.2636E-19
 -7.9942E-06 -9.1998E-05 -3.3712E-05
 -9.7691E-06 -9.1297E-05  3.6638E-05
 -8.1410E-06 -9.0339E-05  2.9832E-06
 -6.3622E-06 -9.0995E-05 -3.0681E-05
 -9.7937E-06 -1.2784E-04  3.5413E-05
 -1.1392E-05 -1.2725E-04 -3.4425E-06
 -1.2855E-05 -1.2811E-04 -4.2288E-05
 -1.1260E-05 -1.2874E-04  3.8902E-05
 -1.1328E-05 -1.2801E-04  1.1193E-18
 -1.1260E-05 -1.2874E-04 -3.8902E-05
 -1.2855E-05 -1.2811E-04  4.2288E-05
 -1.1392E-05 -1.2725E-04  3.4425E-06
 -9.7937E-06 -1.2784E-04 -3.5413E-05
 -1.3656E-05 -1.6959E-04  3.9643E-05
 -1.5078E-05 -1.6906E-04 -3.8531E-06
 -1.6379E-05 -1.6983E-04 -4.7340E-05
 -1.4961E-05 -1.7039E-04  4.3542E-05
 -1.5021E-05 -1.6974E-04  1.2708E-18
 -1.4961E-05 -1.7039E-04 -4.3542E-05
 -1.6379E-05 -1.6983E-04  4.7340E-05
 -1.5078E-05 -1.6906E-04  3.8531E-06
 -1.3656E-05 -1.6959E-04 -3.9643E-05
 -1.7900E-05 -2.1569E-04  4.3383E-05
 -1.9149E-05 -2.1523E-04 -4.2161E-06
 -2.0292E-05 -2.1591E-04 -5.1807E-05
 -1.9046E-05 -2.1640E-04  4.7644E-05
 -1.9099E-05 -2.1583E-04  1.5119E-18
 -1.9046E-05 -2.1640E-04 -4.7644E-05
 -2.0292E-05 -2.1591E-04  5.1807E-05
 -1.9149E-05 -2.1523E-04  4.2161E-06
 -1.7900E-05 -2.1569E-04 -4.3383E-05
 -2.2478E-05 -2.6562E-04  4.6647E-05
 -2.3559E-05 -2.6523E-04 -4.5327E-06
 -2.4549E-05 -2.6581E-04 -5.5704E-05
 -2.3470E-05 -2.6623E-04  5.1223E-05
 -2.3516E-05 -2.6574E-04  1.6413E-18
 -2.3470E-05 -2.6623E-04 -5.1223E-05
 -2.4549E-05 -2.6581E-04  5.5704E-05
 -2.3559E-05 -2.6523E-04  4.5327E-06
 -2.2478E-05 -2.6562E-04 -4.6647E-05
 -2.7341E-05 -3.1886E-04  4.9451E-05
 -2.8262E-05 -3.1852E-04 -4.8047E-06
 -2.9105E-05 -3.1902E-04 -5.9052E-05
 -2.8186E-05 -3.1938E-04  5.4296E-05
 -2.8225E-05 -3.1896E-04  1.7667E-18
 -2.8186E-05 -3.1938E-04 -5.4296E-05
 -2.9105E-05 -3.1902E-04  5.9052E-05
 -2.8262E-05 -3.1852E-04  4.8047E-06
 -2.7341E-05 -3.1886E-04 -4.9451E-05
 -3.2446E-05 -3.7491E-04  5.1815E-05
 -3.3214E-05 -3.7462E-04 -5.0341E-06
 -3.3918E-05 -3.7504E-04 -6.1876E-05
 -3.3151E-05 -3.7534E-04  5.6888E-05
 -3.3184E-05 -3.7499E-04  1.9919E-18
 -3.3151E-05 -3.7534E-04 -5.6888E-05
 -3.3918E-05 -3.7504E-04  6.1876E-05
 -3.3214E-05 -3.7462E-04  5.0341E-06
 -3.2446E-05 -3.7491E-04 -5.1815E-05
 -3.7748E-05 -4.3329E-04  5.3765E-05
 -3.8373E-05 -4.3306E-04 -5.2231E-06
 -3.8946E-05 -4.3339E-04 -6.4204E-05
 -3.8322E-05 -4.3364E-04  5.9024E-05
 -3.8348E-05 -4.3336E-04  2.2199E-18
 -3.8322E-05 -4.3364E-04 -5.9024E-05
 -3.8946E-05 -4.3339E-04  6.4204E-05
 -3.8373E-05 -4.3306E-04  5.2231E-06
 -3.7748E-05 -4.3329E-04 -5.3765E-05
 -4.3207E-05 -4.9356E-04  5.5328E-05
 -4.3700E-05 -4.9338E-04 -5.3746E-06
 -4.4152E-05 -4.9364E-04 -6.6071E-05
 -4.3660E-05 -4.9384E-04  6.0736E-05
 -4.3681E-05 -4.9362E-04  2.3126E-18
 -4.3660E-05 -4.9384E-04 -6.0736E-05
 -4.4152E-05 -4.9364E-04  6.6071E-05
 -4.3700E-05 -4.9338E-04  5.3746E-06
 -4.3207E-05 -4.9356E-04 -5.5328E-05
 -4.8786E-05 -5.5532E-04  5.6538E-05
 -4.9159E-05 -5.5518E-04 -5.4917E-06
 -4.9501E-05 -5.5538E-04 -6.7516E-05
 -4.9128E-05 -5.5553E-04  6.2060E-05
 -4.9144E-05 -5.5536E-04  2.4026E-18
 -4.9128E-05 -5.5553E-04 -6.2060E-05
 -4.9501E-05 -5.5538E-04  6.7516E-05
 -4.9159E-05 -5.5518E-04  5.4917E-06
 -4.8786E-05 -5.5532E-04 -5.6538E-05
 -5.4449E-05 -6.1818E-04  5.7432E-05
 -5.4717E-05 -6.1808E-04 -5.5781E-06
 -5.4962E-05 -6.1822E-04 -6.8583E-05
 -5.4695E-05 -6.1833E-04  6.3036E-05
 -5.4706E-05 -6.1821E-04  2.6386E-18
 -5.4695E-05 -6.1833E-04 -6.3036E-05
 -5.4962E-05 -6.1822E-04  6.8583E-05
 -5.4717E-05 -6.1808E-04  5.5781E-06
 -5.4449E-05 -6.1818E-04 -5.7432E-05
 -6.0166E-05 -6.8182E-04  5.8050E-05
 -6.0344E-05 -6.8175E-04 -5.6377E-06
 -6.0506E-05 -6.8185E-04 -6.9322E-05
 -6.0329E-05 -6.8192E-04  6.3709E-05
 -6.0337E-05 -6.8184E-04  2.6632E-18
 -6.0329E-05 -6.8192E-04 -6.3709E-05
 -6.0506E-05 -6.8185E-04  6.9322E-05
 -6.0344E-05 -6.8175E-04  5.6377E-06
 -6.0166E-05 -6.8182E-04 -5.8050E-05
 -6.5911E-05 -7.4595E-04  5.8440E-05
 -6.6016E-05 -7.4592E-04 -5.6751E-06
 -6.6111E-05 -7.4597E-04 -6.9786E-05
 -6.6007E-05 -7.4601E-04  6.4131E-05
 -6.6012E-05 -7.4597E-04  2.7256E-18
 -6.6007E-05 -7.4601E-04 -6.4131E-05
 -6.6111E-05 -7.4597E-04  6.9786E-05
 -6.6016E-05 -7.4592E-04  5.6751E-06
 -6.5911E-05 -7.4595E-04 -5.8440E-05
 -7.1662E-05 -8.1036E-04  5.8650E-05
 -7.1712E-05 -8.1034E-04 -5.6950E-06
 -7.1758E-05 -8.1037E-04 -7.0038E-05
 -7.1708E-05 -8.1039E-04  6.4356E-05
 -7.1710E-05 -8.1037E-04  2.8945E-18
 -7.1708E-05 -8.1039E-04 -6.4356E-05
 -7.1758E-05 -8.1037E-04  7.0038E-05
 -7.1712E-05 -8.1034E-04  5.6950E-06
 -7.1662E-05 -8.1036E-04 -5.8650E-05
 -7.7401E-05 -8.7486E-04  5.8736E-05
 -7.7418E-05 -8.7485E-04 -5.7029E-06
 -7.7434E-05 -8.7486E-04 -7.0141E-05
 -7.7417E-05 -8.7487E-04  6.4445E-05
 -7.7418E-05 -8.7486E-04  2.7301E-18
 -7.7417E-05 -8.7487E-04 -6.4445E-05
 -7.7434E-05 -8.7486E-04  7.0141E-05
 -7.7418E-05 -8.7485E-04  5.7029E-06
 -7.7401E-05 -8.7486E-04 -5.8736E-05
 -8.3120E-05 -9.3935E-04  5.8757E-05
 -8.3124E-05 -9.3935E-04 -5.7046E-06
 -8.3128E-05 -9.3935E-04 -7.0165E-05
 -8.3124E-05 -9.3935E-04  6.4465E-05
 -8.3124E-05 -9.3935E-04  2.9440E-18
 -8.3124E-05 -9.3935E-04 -6.4465E-05
 -8.3128E-05 -9.3935E-04  7.0165E-05
 -8.3124E-05 -9.3935E-04  5.7046E-06
 -8.3120E-05 -9.3935E-04 -5.8757E-05
   8.8043E-04
  0.0000E+00  0.0000E+00  0.0000E+00
  0.0000E+00  0.0000E+00  0.0000E+00
  0.0000E+00  0.0000E+00  0.0000E+00
  0.0000E+00  0.0000E+00  0.0000E+00
  0.0000E+00  0.0000E+00  0.0000E+00
  0.0000E+00  0.0000E+00  0.0000E+00
  0.0000E+00  0.0000E+00  0.0000E+00
  0.0000E+00  0.0000E+00  0.0000E+00
  0.0000E+00  0.0000E+00  0.0000E+00
 -5.1492E-06  1.0182E-05 -1.6645E-05
  1.1874E-06  7.2339E-06  1.5492E-06
  7.0451E-06  1.1260E-05  1.9874E-05
  6.3960E-07  1.3429E-05 -1.7521E-05
  8.7975E-07  9.9500E-06 -3.5756E-19
  6.3960E-07  1.3429E-05  1.7521E-05
  7.0451E-06  1.1260E-05 -1.9874E-05
  1.1874E-06  7.2339E-06 -1.5492E-06
 -5.1492E-06  1.0182E-05  1.6645E-05
 -2.1480E-06  3.8268E-05 -3.3243E-05
  3.6777E-06  3.6326E-05  3.2359E-06
  9.0023E-06  3.9254E-05  3.9692E-05
  3.2118E-06  4.1595E-05 -3.6598E-05
  3.4525E-06  3.9048E-05 -8.0159E-19
  3.2118E-06  4.1595E-05  3.6598E-05
  9.0023E-06  3.9254E-05 -3.9692E-05
  3.6777E-06  3.6326E-05 -3.2359E-06
 -2.1480E-06  3.8268E-05  3.3243E-05
  2.4579E-06  8.4856E-05 -4.8746E-05
  7.7665E-06  8.2862E-05  4.7409E-06
  1.2627E-05  8.5755E-05  5.8202E-05
  7.3264E-06  8.7839E-05 -5.3620E-05
  7.5526E-06  8.5420E-05 -1.2635E-18
  7.3264E-06  8.7839E-05  5.3620E-05
  1.2627E-05  8.5755E-05 -5.8202E-05
  7.7665E-06  8.2862E-05 -4.7409E-06
  2.4579E-06  8.4856E-05  4.8746E-05
  8.4383E-06  1.4762E-04 -6.3008E-05
  1.3295E-05  1.4584E-04  6.1227E-06
  1.7739E-05  1.4845E-04  7.5230E-05
  1.2895E-05  1.5036E-04 -6.9248E-05
  1.3100E-05  1.4816E-04 -1.7457E-18
  1.2895E-05  1.5036E-04  6.9248E-05
  1.7739E-05  1.4845E-04 -7.5230E-05
  1.3295E-05  1.4584E-04 -6.1227E-06
  8.4383E-06  1.4762E-04  6.3008E-05
  1.5738E-05  2.2534E-04 -7.5983E-05
  2.0143E-05  2.2371E-04  7.3813E-06
  2.4175E-05  2.2608E-04  9.0723E-05
  1.9780E-05  2.2782E-04 -8.3482E-05
  1.9967E-05  2.2582E-04 -2.1777E-18
  1.9780E-05  2.2782E-04  8.3482E-05
  2.4175E-05  2.2608E-04 -9.0723E-05
  2.0143E-05  2.2371E-04 -7.3813E-06
  1.5738E-05  2.2534E-04  7.5983E-05
  2.4229E-05  3.1657E-04 -8.7701E-05
  2.8188E-05  3.1511E-04  8.5177E-06
  3.1811E-05  3.1724E-04  1.0471E-04
  2.7861E-05  3.1880E-04 -9.6335E-05
  2.8029E-05  3.1701E-04 -2.6844E-18
  2.7861E-05  3.1880E-04  9.6335E-05
  3.1811E-05  3.1724E-04 -1.0471E-04
  2.8188E-05  3.1511E-04 -8.5177E-06
  2.4229E-05  3.1657E-04  8.7701E-05
  3.3787E-05  4.1996E-04 -9.8179E-05
  3.7307E-05  4.1866E-04  9.5337E-06
  4.0529E-05  4.2055E-04  1.1722E-04
  3.7017E-05  4.2194E-04 -1.0783E-04
  3.7166E-05  4.2035E-04 -3.1786E-18
  3.7017E-05  4.2194E-04  1.0783E-04
  4.0529E-05  4.2055E-04 -1.1722E-04
  3.7307E-05  4.1866E-04 -9.5337E-06
  3.3787E-05  4.1996E-04  9.8179E-05
  4.4288E-05  5.3414E-04 -1.0744E-04
  4.7381E-05  5.3299E-04  1.0432E-05
  5.0212E-05  5.3466E-04  1.2828E-04
  4.7126E-05  5.3588E-04 -1.1798E-04
  4.7257E-05  5.3448E-04 -3.6095E-18
  4.7126E-05  5.3588E-04  1.1798E-04
  5.0212E-05  5.3466E-04 -1.2828E-04
  4.7381E-05  5.3299E-04 -1.0432E-05
  4.4288E-05  5.3414E-04  1.0744E-04
  5.5614E-05  6.5778E-04 -1.1552E-04
  5.8293E-05  6.5679E-04  1.1215E-05
  6.0744E-05  6.5824E-04  1.3793E-04
  5.8072E-05  6.5929E-04 -1.2685E-04
  5.8186E-05  6.5808E-04 -3.9936E-18
  5.8072E-05  6.5929E-04  1.2685E-04
  6.0744E-05  6.5824E-04 -1.3793E-04
  5.8293E-05  6.5679E-04 -1.1215E-05
  5.5614E-05  6.5778E-04  1.1552E-04
  6.7649E-05  7.8962E-04 -1.2247E-04
  6.9929E-05  7.8878E-04  1.1888E-05
  7.2017E-05  7.9000E-04  1.4622E-04
  6.9741E-05  7.9090E-04 -1.3446E-04
  6.9838E-05  7.8987E-04 -4.4578E-18
  6.9741E-05  7.9090E-04  1.3446E-04
  7.2017E-05  7.9000E-04 -1.4622E-04
  6.9929E-05  7.8878E-04 -1.1888E-05
  6.7649E-05  7.8962E-04  1.2247E-04
  8.0279E-05  9.2841E-04 -1.2832E-04
  8.2182E-05  9.2770E-04  1.2456E-05
  8.3924E-05  9.2873E-04  1.5322E-04
  8.2025E-05  9.2948E-04 -1.4087E-04
  8.2106E-05  9.2862E-04 -4.9668E-18
  8.2025E-05  9.2948E-04  1.4087E-04
  8.3924E-05  9.2873E-04 -1.5322E-04
  8.2182E-05  9.2770E-04 -1.2456E-05
  8.0279E-05  9.2841E-04  1.2832E-04
  9.3399E-05  1.0730E-03 -1.3315E-04
  9.4947E-05  1.0724E-03  1.2923E-05
  9.6365E-05  1.0732E-03  1.5898E-04
  9.4820E-05  1.0739E-03 -1.4616E-04
  9.4885E-05  1.0732E-03 -5.3737E-18
  9.4820E-05  1.0739E-03  1.4616E-04
  9.6365E-05  1.0732E-03 -1.5898E-04
  9.4947E-05  1.0724E-03 -1.2923E-05
  9.3399E-05  1.0730E-03  1.3315E-04
  1.0691E-04  1.2222E-03 -1.3702E-04
  1.0813E-04  1.2218E-03  1.3298E-05
  1.0925E-04  1.2224E-03  1.6360E-04
  1.0803E-04  1.2229E-03 -1.5040E-04
  1.0808E-04  1.2224E-03 -5.6966E-18
  1.0803E-04  1.2229E-03  1.5040E-04
  1.0925E-04  1.2224E-03 -1.6360E-04
  1.0813E-04  1.2218E-03 -1.3298E-05
  1.0691E-04  1.2222E-03  1.3702E-04
  1.2071E-04  1.3752E-03 -1.4002E-04
  1.2163E-04  1.3748E-03  1.3588E-05
  1.2248E-04  1.3753E-03  1.6718E-04
  1.2156E-04  1.3757E-03 -1.5368E-04
  1.2160E-04  1.3753E-03 -6.2214E-18
  1.2156E-04  1.3757E-03  1.5368E-04
  1.2248E-04  1.3753E-03 -1.6718E-04
  1.2163E-04  1.3748E-03 -1.3588E-05
  1.2071E-04  1.3752E-03  1.4002E-04
  1.3472E-04  1.5308E-03 -1.4223E-04
  1.3539E-04  1.5306E-03  1.3802E-05
  1.3599E-04  1.5309E-03  1.6983E-04
  1.3533E-04  1.5312E-03 -1.5610E-04
  1.3536E-04  1.5309E-03 -6.5042E-18
  1.3533E-04  1.5312E-03  1.5610E-04
  1.3599E-04  1.5309E-03 -1.6983E-04
  1.3539E-04  1.5306E-03 -1.3802E-05
  1.3472E-04  1.5308E-03  1.4223E-04
  1.4887E-04  1.6884E-03 -1.4377E-04
  1.4931E-04  1.6883E-03  1.3949E-05
  1.4971E-04  1.6885E-03  1.7165E-04
  1.4927E-04  1.6887E-03 -1.5777E-04
  1.4929E-04  1.6885E-03 -6.8300E-18
  1.4927E-04  1.6887E-03  1.5777E-04
  1.4971E-04  1.6885E-03 -1.7165E-04
  1.4931E-04  1.6883E-03 -1.3949E-05
  1.4887E-04  1.6884E-03  1.4377E-04
  1.6308E-04  1.8473E-03 -1.4473E-04
  1.6334E-04  1.8472E-03  1.4042E-05
  1.6358E-04  1.8473E-03  1.7280E-04
  1.6332E-04  1.8474E-03 -1.5881E-04
  1.6333E-04  1.8473E-03 -7.1231E-18
  1.6332E-04  1.8474E-03  1.5881E-04
  1.6358E-04  1.8473E-03 -1.7280E-04
  1.6334E-04  1.8472E-03 -1.4042E-05
  1.6308E-04  1.8473E-03  1.4473E-04
  1.7731E-04  2.0067E-03 -1.4525E-04
  1.7744E-04  2.0067E-03  1.4091E-05
  1.7755E-04  2.0068E-03  1.7343E-04
  1.7743E-04  2.0068E-03 -1.5937E-04
  1.7743E-04  2.0068E-03 -7.2841E-18
  1.7743E-04  2.0068E-03  1.5937E-04
  1.7755E-04  2.0068E-03 -1.7343E-04
  1.7744E-04  2.0067E-03 -1.4091E-05
  1.7731E-04  2.0067E-03  1.4525E-04
  1.9151E-04  2.1665E-03 -1.4546E-04
  1.9156E-04  2.1665E-03  1.4111E-05
  1.9159E-04  2.1665E-03  1.7368E-04
  1.9155E-04  2.1665E-03 -1.5959E-04
  1.9155E-04  2.1665E-03 -6.8720E-18
  1.9155E-04  2.1665E-03  1.5959E-04
  1.9159E-04  2.1665E-03 -1.7368E-04
  1.9156E-04  2.1665E-03 -1.4111E-05
  1.9151E-04  2.1665E-03  1.4546E-04
  2.0566E-04  2.3262E-03 -1.4551E-04
  2.0567E-04  2.3262E-03  1.4115E-05
  2.0568E-04  2.3262E-03  1.7374E-04
  2.0567E-04  2.3262E-03 -1.5964E-04
  2.0567E-04  2.3262E-03 -7.5086E-18
  2.0567E-04  2.3262E-03  1.5964E-04
  2.0568E-04  2.3262E-03 -1.7374E-04
  2.0567E-04  2.3262E-03 -1.4115E-05
  2.0566E-04  2.3262E-03  1.4551E-04
   5.3113E-03
  0.0000E+00  0.0000E+00  0.0000E+00
  0.0000E+00  0.0000E+00  0.0000E+00
  0.0000E+00  0.0000E+00  0.0000E+00
  0.0000E+00  0.0000E+00  0.0000E+00
  0.0000E+00  0.0000E+00  0.0000E+00
  0.0000E+00  0.0000E+00  0.0000E+00
  0.0000E+00  0.0000E+00  0.0000E+00
  0.0000E+00  0.0000E+00  0.0000E+00
  0.0000E+00  0.0000E+00  0.0000E+00
 -1.7244E-04  9.8283E-05 -2.4162E-04
 -1.8369E-04  3.0007E-05 -1.8907E-04
 -1.4326E-04 -2.1183E-05 -1.4676E-04
 -1.2287E-04  4.4863E-05 -4.6176E-05
 -1.4833E-04  3.6226E-05 -3.7820E-18
 -1.2287E-04  4.4863E-05  4.6176E-05
 -1.4326E-04 -2.1183E-05  1.4676E-04
 -1.8369E-04  3.0007E-05  1.8907E-04
 -1.7244E-04  9.8283E-05  2.4162E-04
 -4.8939E-04  1.5754E-04 -4.3302E-04
 -5.0029E-04  1.1302E-04 -3.5343E-04
 -4.6964E-04  7.6677E-05 -2.6302E-04
 -4.6277E-04  1.2218E-04 -8.6316E-05
 -4.8232E-04  1.1780E-04  4.5492E-17
 -4.6277E-04  1.2218E-04  8.6316E-05
 -4.6964E-04  7.6677E-05  2.6302E-04
 -5.0029E-04  1.1302E-04  3.5343E-04
 -4.8939E-04  1.5754E-04  4.3302E-04
 -9.4224E-04  2.5100E-04 -5.5634E-04
 -9.4786E-04  2.2613E-04 -4.5246E-04
 -9.3139E-04  2.0659E-04 -3.3793E-04
 -9.2590E-04  2.3149E-04 -1.1050E-04
 -9.3727E-04  2.2890E-04 -5.8951E-17
 -9.2590E-04  2.3149E-04  1.1050E-04
 -9.3139E-04  2.0659E-04  3.3793E-04
 -9.4786E-04  2.2613E-04  4.5246E-04
 -9.4224E-04  2.5100E-04  5.5634E-04
 -1.4628E-03  3.6237E-04 -6.1135E-04
 -1.4642E-03  3.5631E-04 -4.9618E-04
 -1.4601E-03  3.5147E-04 -3.7135E-04
 -1.4589E-03  3.5760E-04 -1.2118E-04
 -1.4618E-03  3.5700E-04  2.2760E-17
 -1.4589E-03  3.5760E-04  1.2118E-04
 -1.4601E-03  3.5147E-04  3.7135E-04
 -1.4642E-03  3.5631E-04  4.9618E-04
 -1.4628E-03  3.6237E-04  6.1135E-04
 -1.9977E-03  4.7844E-04 -6.0147E-04
 -1.9952E-03  4.8965E-04 -4.8780E-04
 -2.0026E-03  4.9852E-04 -3.6535E-04
 -2.0049E-03  4.8727E-04 -1.1913E-04
 -2.0000E-03  4.8846E-04  8.3259E-17
 -2.0049E-03  4.8727E-04  1.1913E-04
 -2.0026E-03  4.9852E-04  3.6535E-04
 -1.9952E-03  4.8965E-04  4.8780E-04
 -1.9977E-03  4.7844E-04  6.0147E-04
 -2.4957E-03  5.8713E-04 -5.3298E-04
 -2.4897E-03  6.1368E-04 -4.3216E-04
 -2.5073E-03  6.3472E-04 -3.2375E-04
 -2.5128E-03  6.0804E-04 -1.0554E-04
 -2.5011E-03  6.1083E-04  8.7189E-18
 -2.5128E-03  6.0804E-04  1.0554E-04
 -2.5073E-03  6.3472E-04  3.2375E-04
 -2.4897E-03  6.1368E-04  4.3216E-04
 -2.4957E-03  5.8713E-04  5.3298E-04
 -2.9115E-03  6.7782E-04 -4.1377E-04
 -2.9026E-03  7.1727E-04 -3.3563E-04
 -2.9288E-03  7.4853E-04 -2.5133E-04
 -2.9369E-03  7.0888E-04 -8.1970E-05
 -2.9195E-03  7.1301E-04  1.7348E-17
 -2.9369E-03  7.0888E-04  8.1970E-05
 -2.9288E-03  7.4853E-04  2.5133E-04
 -2.9026E-03  7.1727E-04  3.3563E-04
 -2.9115E-03  6.7782E-04  4.1377E-04
 -3.2072E-03  7.4157E-04 -2.5336E-04
 -3.1959E-03  7.9106E-04 -2.0590E-04
 -3.2288E-03  8.3027E-04 -1.5390E-04
 -3.2391E-03  7.8053E-04 -5.0287E-05
 -3.2171E-03  7.8571E-04  7.1268E-17
 -3.2391E-03  7.8053E-04  5.0287E-05
 -3.2288E-03  8.3027E-04  1.5390E-04
 -3.1959E-03  7.9106E-04  2.0590E-04
 -3.2072E-03  7.4157E-04  2.5336E-04
 -3.3531E-03  7.7139E-04 -6.2542E-05
 -3.3403E-03  8.2778E-04 -5.1678E-05
 -3.3778E-03  8.7246E-04 -3.7989E-05
 -3.3894E-03  8.1578E-04 -1.2621E-05
 -3.3644E-03  8.2167E-04  6.2397E-17
 -3.3894E-03  8.1578E-04  1.2621E-05
 -3.3778E-03  8.7246E-04  3.7989E-05
 -3.3403E-03  8.2778E-04  5.1678E-05
 -3.3531E-03  7.7139E-04  6.2542E-05
 -3.3291E-03  7.6248E-04  1.4710E-04
 -3.3154E-03  8.2248E-04  1.1769E-04
 -3.3553E-03  8.7002E-04  8.9351E-05
 -3.3677E-03  8.0971E-04  2.8744E-05
 -3.3411E-03  8.1598E-04  2.5004E-17
 -3.3677E-03  8.0971E-04 -2.8744E-05
 -3.3553E-03  8.7002E-04 -8.9351E-05
 -3.3154E-03  8.2248E-04 -1.1769E-04
 -3.3291E-03  7.6248E-04 -1.4710E-04
 -3.1248E-03  7.1231E-04  3.6376E-04
 -3.1111E-03  7.7265E-04  2.9268E-04
 -3.1512E-03  8.2046E-04  2.2096E-04
 -3.1637E-03  7.5981E-04  7.1480E-05
 -3.1369E-03  7.6611E-04  5.7727E-17
 -3.1637E-03  7.5981E-04 -7.1480E-05
 -3.1512E-03  8.2046E-04 -2.2096E-04
 -3.1111E-03  7.7265E-04 -2.9268E-04
 -3.1248E-03  7.1231E-04 -3.6376E-04
 -2.7398E-03  6.2058E-04  5.7604E-04
 -2.7267E-03  6.7819E-04  4.6407E-04
 -2.7650E-03  7.2384E-04  3.4990E-04
 -2.7769E-03  6.6593E-04  1.1334E-04
 -2.7513E-03  6.7194E-04  3.0270E-17
 -2.7769E-03  6.6593E-04 -1.1334E-04
 -2.7650E-03  7.2384E-04 -3.4990E-04
 -2.7267E-03  6.7819E-04 -4.6407E-04
 -2.7398E-03  6.2058E-04 -5.7604E-04
 -2.1828E-03  4.8910E-04  7.7357E-04
 -2.1709E-03  5.4130E-04  6.2347E-04
 -2.2056E-03  5.8266E-04  4.6989E-04
 -2.2164E-03  5.3018E-04  1.5227E-04
 -2.1932E-03  5.3563E-04  1.1370E-17
 -2.2164E-03  5.3018E-04 -1.5227E-04
 -2.2056E-03  5.8266E-04 -4.6989E-04
 -2.1709E-03  5.4130E-04 -6.2347E-04
 -2.1828E-03  4.8910E-04 -7.7357E-04
 -1.4706E-03  3.2153E-04  9.4763E-04
 -1.4604E-03  3.6617E-04  7.6385E-04
 -1.4901E-03  4.0155E-04  5.7562E-04
 -1.4993E-03  3.5666E-04  1.8655E-04
 -1.4794E-03  3.6131E-04  5.5934E-17
 -1.4993E-03  3.5666E-04 -1.8655E-04
 -1.4901E-03  4.0155E-04 -5.7562E-04
 -1.4604E-03  3.6617E-04 -7.6385E-04
 -1.4706E-03  3.2153E-04 -9.4763E-04
 -6.2658E-04  1.2299E-04  1.0918E-03
 -6.1843E-04  1.5863E-04  8.7996E-04
 -6.4218E-04  1.8688E-04  6.6316E-04
 -6.4952E-04  1.5104E-04  2.1491E-04
 -6.3359E-04  1.5474E-04  9.0464E-17
 -6.4952E-04  1.5104E-04 -2.1491E-04
 -6.4218E-04  1.8688E-04 -6.6316E-04
 -6.1843E-04  1.5863E-04 -8.7996E-04
 -6.2658E-04  1.2299E-04 -1.0918E-03
  3.2137E-04 -1.0042E-04  1.2022E-03
  3.2735E-04 -7.4398E-05  9.6876E-04
  3.0997E-04 -5.3769E-05  7.3024E-04
  3.0463E-04 -7.9946E-05  2.3660E-04
  3.1632E-04 -7.7254E-05  1.2449E-16
  3.0463E-04 -7.9946E-05 -2.3660E-04
  3.0997E-04 -5.3769E-05 -7.3024E-04
  3.2735E-04 -7.4398E-05 -9.6876E-04
  3.2137E-04 -1.0042E-04 -1.2022E-03
  1.3434E-03 -3.4219E-04  1.2784E-03
  1.3473E-03 -3.2547E-04  1.0298E-03
  1.3361E-03 -3.1222E-04  7.7651E-04
  1.3327E-03 -3.2904E-04  2.5149E-04
  1.3403E-03 -3.2733E-04  2.8442E-17
  1.3327E-03 -3.2904E-04 -2.5149E-04
  1.3361E-03 -3.1222E-04 -7.7651E-04
  1.3473E-03 -3.2547E-04 -1.0298E-03
  1.3434E-03 -3.4219E-04 -1.2784E-03
  2.4104E-03 -5.9604E-04  1.3231E-03
  2.4125E-03 -5.8732E-04  1.0653E-03
  2.4066E-03 -5.8040E-04  8.0372E-04
  2.4048E-03 -5.8919E-04  2.6016E-04
  2.4089E-03 -5.8833E-04  8.0827E-17
  2.4048E-03 -5.8919E-04 -2.6016E-04
  2.4066E-03 -5.8040E-04 -8.0372E-04
  2.4125E-03 -5.8732E-04 -1.0653E-03
  2.4104E-03 -5.9604E-04 -1.3231E-03
  3.4969E-03 -8.5670E-04  1.3431E-03
  3.4977E-03 -8.5357E-04  1.0805E-03
  3.4955E-03 -8.5104E-04  8.1582E-04
  3.4950E-03 -8.5424E-04  2.6390E-04
  3.4966E-03 -8.5397E-04  9.8714E-17
  3.4950E-03 -8.5424E-04 -2.6390E-04
  3.4955E-03 -8.5104E-04 -8.1582E-04
  3.4977E-03 -8.5357E-04 -1.0805E-03
  3.4969E-03 -8.5670E-04 -1.3431E-03
  4.5842E-03 -1.1203E-03  1.3482E-03
  4.5847E-03 -1.1195E-03  1.0842E-03
  4.5838E-03 -1.1187E-03  8.1892E-04
  4.5837E-03 -1.1197E-03  2.6480E-04
  4.5845E-03 -1.1196E-03  5.8763E-17
  4.5837E-03 -1.1197E-03 -2.6480E-04
  4.5838E-03 -1.1187E-03 -8.1892E-04
  4.5847E-03 -1.1195E-03 -1.0842E-03
  4.5842E-03 -1.1203E-03 -1.3482E-03
   5.3113E-03
  0.0000E+00  0.0000E+00  0.0000E+00
  0.0000E+00  0.0000E+00  0.0000E+00
  0.0000E+00  0.0000E+00  0.0000E+00
  0.0000E+00  0.0000E+00  0.0000E+00
  0.0000E+00  0.0000E+00  0.0000E+00
  0.0000E+00  0.0000E+00  0.0000E+00
  0.0000E+00  0.0000E+00  0.0000E+00
  0.0000E+00  0.0000E+00  0.0000E+00
  0.0000E+00  0.0000E+00  0.0000E+00
  1.2677E-04 -8.0007E-05  1.8455E-04
  1.3106E-04 -2.9103E-05  1.3490E-04
  9.8472E-05  5.2293E-06  9.2553E-05
  8.7664E-05 -4.3511E-05  4.4785E-05
  1.0583E-04 -3.5135E-05 -1.1590E-18
  8.7664E-05 -4.3511E-05 -4.4785E-05
  9.8472E-05  5.2293E-06 -9.2553E-05
  1.3106E-04 -2.9103E-05 -1.3490E-04
  1.2677E-04 -8.0007E-05 -1.8455E-04
  3.5170E-04 -1.4243E-04  3.3074E-04
  3.5695E-04 -1.0962E-04  2.5216E-04
  3.3255E-04 -8.4734E-05  1.6587E-04
  3.3018E-04 -1.1850E-04  8.3716E-05
  3.4413E-04 -1.1425E-04  1.8718E-17
  3.3018E-04 -1.1850E-04 -8.3716E-05
  3.3255E-04 -8.4734E-05 -1.6587E-04
  3.5695E-04 -1.0962E-04 -2.5216E-04
  3.5170E-04 -1.4243E-04 -3.3074E-04
  6.7366E-04 -2.3774E-04  4.2494E-04
  6.7628E-04 -2.1932E-04  3.2282E-04
  6.6314E-04 -2.0606E-04  2.1311E-04
  6.6061E-04 -2.2452E-04  1.0717E-04
  6.6872E-04 -2.2201E-04 -2.2130E-17
  6.6061E-04 -2.2452E-04 -1.0717E-04
  6.6314E-04 -2.0606E-04 -2.1311E-04
  6.7628E-04 -2.1932E-04 -3.2282E-04
  6.7366E-04 -2.3774E-04 -4.2494E-04
  1.0440E-03 -3.5006E-04  4.6696E-04
  1.0447E-03 -3.4557E-04  3.5401E-04
  1.0414E-03 -3.4228E-04  2.3418E-04
  1.0409E-03 -3.4683E-04  1.1753E-04
  1.0429E-03 -3.4624E-04  1.0598E-17
  1.0409E-03 -3.4683E-04 -1.1753E-04
  1.0414E-03 -3.4228E-04 -2.3418E-04
  1.0447E-03 -3.4557E-04 -3.5401E-04
  1.0440E-03 -3.5006E-04 -4.6696E-04
  1.4247E-03 -4.6660E-04  4.5941E-04
  1.4235E-03 -4.7490E-04  3.4803E-04
  1.4294E-03 -4.8093E-04  2.3040E-04
  1.4305E-03 -4.7259E-04  1.1554E-04
  1.4270E-03 -4.7375E-04  3.5086E-17
  1.4305E-03 -4.7259E-04 -1.1554E-04
  1.4294E-03 -4.8093E-04 -2.3040E-04
  1.4235E-03 -4.7490E-04 -3.4803E-04
  1.4247E-03 -4.6660E-04 -4.5941E-04
  1.7791E-03 -5.7554E-04  4.0709E-04
  1.7763E-03 -5.9520E-04  3.0834E-04
  1.7904E-03 -6.0950E-04  2.0416E-04
  1.7928E-03 -5.8972E-04  1.0237E-04
  1.7845E-03 -5.9243E-04  5.9953E-18
  1.7928E-03 -5.8972E-04 -1.0237E-04
  1.7904E-03 -6.0950E-04 -2.0416E-04
  1.7763E-03 -5.9520E-04 -3.0834E-04
  1.7791E-03 -5.7554E-04 -4.0709E-04
  2.0751E-03 -6.6647E-04  3.1604E-04
  2.0709E-03 -6.9567E-04  2.3947E-04
  2.0918E-03 -7.1691E-04  1.5850E-04
  2.0954E-03 -6.8753E-04  7.9501E-05
  2.0830E-03 -6.9153E-04  9.9429E-18
  2.0954E-03 -6.8753E-04 -7.9501E-05
  2.0918E-03 -7.1691E-04 -1.5850E-04
  2.0709E-03 -6.9567E-04 -2.3947E-04
  2.0751E-03 -6.6647E-04 -3.1604E-04
  2.2855E-03 -7.3060E-04  1.9352E-04
  2.2802E-03 -7.6723E-04  1.4691E-04
  2.3065E-03 -7.9389E-04  9.7050E-05
  2.3110E-03 -7.5702E-04  4.8772E-05
  2.2954E-03 -7.6204E-04  3.1796E-17
  2.3110E-03 -7.5702E-04 -4.8772E-05
  2.3065E-03 -7.9389E-04 -9.7050E-05
  2.2802E-03 -7.6723E-04 -1.4691E-04
  2.2855E-03 -7.3060E-04 -1.9352E-04
  2.3892E-03 -7.6111E-04  4.7770E-05
  2.3832E-03 -8.0284E-04  3.6871E-05
  2.4131E-03 -8.3322E-04  2.3957E-05
  2.4183E-03 -7.9121E-04  1.2241E-05
  2.4004E-03 -7.9692E-04  2.9112E-17
  2.4183E-03 -7.9121E-04 -1.2241E-05
  2.4131E-03 -8.3322E-04 -2.3957E-05
  2.3832E-03 -8.0284E-04 -3.6871E-05
  2.3892E-03 -7.6111E-04 -4.7770E-05
  2.3719E-03 -7.5330E-04 -1.1235E-04
  2.3655E-03 -7.9771E-04 -8.3972E-05
  2.3973E-03 -8.3002E-04 -5.6347E-05
  2.4028E-03 -7.8532E-04 -2.7878E-05
  2.3838E-03 -7.9140E-04  1.5228E-17
  2.4028E-03 -7.8532E-04  2.7878E-05
  2.3973E-03 -8.3002E-04  5.6347E-05
  2.3655E-03 -7.9771E-04  8.3972E-05
  2.3719E-03 -7.5330E-04  1.1235E-04
  2.2261E-03 -7.0472E-04 -2.7784E-04
  2.2197E-03 -7.4938E-04 -2.0882E-04
  2.2517E-03 -7.8188E-04 -1.3934E-04
  2.2572E-03 -7.3692E-04 -6.9327E-05
  2.2381E-03 -7.4303E-04  2.8037E-17
  2.2572E-03 -7.3692E-04  6.9327E-05
  2.2517E-03 -7.8188E-04  1.3934E-04
  2.2197E-03 -7.4938E-04  2.0882E-04
  2.2261E-03 -7.0472E-04  2.7784E-04
  1.9516E-03 -6.1512E-04 -4.3998E-04
  1.9454E-03 -6.5776E-04 -3.3110E-04
  1.9760E-03 -6.8880E-04 -2.2066E-04
  1.9813E-03 -6.4587E-04 -1.0992E-04
  1.9630E-03 -6.5170E-04  1.7524E-17
  1.9813E-03 -6.4587E-04  1.0992E-04
  1.9760E-03 -6.8880E-04  2.2066E-04
  1.9454E-03 -6.5776E-04  3.3110E-04
  1.9516E-03 -6.1512E-04  4.3998E-04
  1.5544E-03 -4.8636E-04 -5.9086E-04
  1.5489E-03 -5.2499E-04 -4.4483E-04
  1.5766E-03 -5.5312E-04 -2.9632E-04
  1.5813E-03 -5.1421E-04 -1.4768E-04
  1.5648E-03 -5.1949E-04  1.0489E-17
  1.5813E-03 -5.1421E-04  1.4768E-04
  1.5766E-03 -5.5312E-04  2.9632E-04
  1.5489E-03 -5.2499E-04  4.4483E-04
  1.5544E-03 -4.8636E-04  5.9086E-04
  1.0467E-03 -3.2210E-04 -7.2381E-04
  1.0420E-03 -3.5514E-04 -5.4499E-04
  1.0657E-03 -3.7919E-04 -3.6300E-04
  1.0697E-03 -3.4592E-04 -1.8093E-04
  1.0555E-03 -3.5043E-04  2.7981E-17
  1.0697E-03 -3.4592E-04  1.8093E-04
  1.0657E-03 -3.7919E-04  3.6300E-04
  1.0420E-03 -3.5514E-04  5.4499E-04
  1.0467E-03 -3.2210E-04  7.2381E-04
  4.4505E-04 -1.2747E-04 -8.3389E-04
  4.4124E-04 -1.5385E-04 -6.2783E-04
  4.6018E-04 -1.7306E-04 -4.1821E-04
  4.6342E-04 -1.4649E-04 -2.0843E-04
  4.5206E-04 -1.5008E-04  4.2096E-17
  4.6342E-04 -1.4649E-04  2.0843E-04
  4.6018E-04 -1.7306E-04  4.1821E-04
  4.4124E-04 -1.5385E-04  6.2783E-04
  4.4505E-04 -1.2747E-04  8.3389E-04
 -2.3075E-04  9.1415E-05 -9.1824E-04
 -2.3356E-04  7.2157E-05 -6.9119E-04
 -2.1970E-04  5.8130E-05 -4.6051E-04
 -2.1735E-04  7.7538E-05 -2.2947E-04
 -2.2569E-04  7.4926E-05  5.6256E-17
 -2.1735E-04  7.7538E-05  2.2947E-04
 -2.1970E-04  5.8130E-05  4.6051E-04
 -2.3356E-04  7.2157E-05  6.9119E-04
 -2.3075E-04  9.1415E-05  9.1824E-04
 -9.5943E-04  3.2804E-04 -9.7642E-04
 -9.6127E-04  3.1567E-04 -7.3471E-04
 -9.5233E-04  3.0665E-04 -4.8969E-04
 -9.5084E-04  3.1913E-04 -2.4392E-04
 -9.5626E-04  3.1747E-04  1.8579E-17
 -9.5084E-04  3.1913E-04  2.4392E-04
 -9.5233E-04  3.0665E-04  4.8969E-04
 -9.6127E-04  3.1567E-04  7.3471E-04
 -9.5943E-04  3.2804E-04  9.7642E-04
 -1.7203E-03  5.7608E-04 -1.0106E-03
 -1.7213E-03  5.6963E-04 -7.6004E-04
 -1.7166E-03  5.6492E-04 -5.0684E-04
 -1.7158E-03  5.7145E-04 -2.5232E-04
 -1.7187E-03  5.7060E-04  3.9275E-17
 -1.7158E-03  5.7145E-04  2.5232E-04
 -1.7166E-03  5.6492E-04  5.0684E-04
 -1.7213E-03  5.6963E-04  7.6004E-04
 -1.7203E-03  5.7608E-04  1.0106E-03
 -2.4952E-03  8.3017E-04 -1.0259E-03
 -2.4956E-03  8.2786E-04 -7.7095E-04
 -2.4938E-03  8.2613E-04 -5.1448E-04
 -2.4936E-03  8.2851E-04 -2.5595E-04
 -2.4948E-03  8.2824E-04  4.6847E-17
 -2.4936E-03  8.2851E-04  2.5595E-04
 -2.4938E-03  8.2613E-04  5.1448E-04
 -2.4956E-03  8.2786E-04  7.7095E-04
 -2.4952E-03  8.3017E-04  1.0259E-03
 -3.2708E-03  1.0864E-03 -1.0297E-03
 -3.2711E-03  1.0857E-03 -7.7358E-04
 -3.2704E-03  1.0852E-03 -5.1643E-04
 -3.2704E-03  1.0860E-03 -2.5682E-04
 -3.2709E-03  1.0859E-03  3.1184E-17
 -3.2704E-03  1.0860E-03  2.5682E-04
 -3.2704E-03  1.0852E-03  5.1643E-04
 -3.2711E-03  1.0857E-03  7.7358E-04
 -3.2708E-03  1.0864E-03  1.0297E-03
   5.3113E-03
  0.0000E+00  0.0000E+00  0.0000E+00
  0.0000E+00  0.0000E+00  0.0000E+00
  0.0000E+00  0.0000E+00  0.0000E+00
  0.0000E+00  0.0000E+00  0.0000E+00
  0.0000E+00  0.0000E+00  0.0000E+00
  0.0000E+00  0.0000E+00  0.0000E+00
  0.0000E+00  0.0000E+00  0.0000E+00
  0.0000E+00  0.0000E+00  0.0000E+00
  0.0000E+00  0.0000E+00  0.0000E+00
 -4.3977E-06 -2.3672E-05  1.7203E-05
 -1.8141E-05 -2.3018E-05 -1.8672E-05
 -2.6779E-05 -3.5470E-05 -5.5557E-05
 -1.2134E-05 -3.4413E-05  3.5421E-05
 -1.4648E-05 -2.7789E-05  2.8384E-18
 -1.2134E-05 -3.4413E-05 -3.5421E-05
 -2.6779E-05 -3.5470E-05  5.5557E-05
 -1.8141E-05 -2.3018E-05  1.8672E-05
 -4.3977E-06 -2.3672E-05 -1.7203E-05
 -3.9780E-05 -8.5840E-05  3.0830E-05
 -4.9406E-05 -8.6696E-05 -3.4903E-05
 -5.4929E-05 -9.3826E-05 -9.9567E-05
 -4.5701E-05 -9.3726E-05  6.6211E-05
 -4.7632E-05 -9.0359E-05 -4.0413E-17
 -4.5701E-05 -9.3726E-05 -6.6211E-05
 -5.4929E-05 -9.3826E-05  9.9567E-05
 -4.9406E-05 -8.6696E-05  3.4903E-05
 -3.9780E-05 -8.5840E-05 -3.0830E-05
 -8.8355E-05 -1.7331E-04  3.9610E-05
 -9.3605E-05 -1.7346E-04 -4.4683E-05
 -9.6675E-05 -1.7770E-04 -1.2792E-04
 -9.1437E-05 -1.7757E-04  8.4765E-05
 -9.2559E-05 -1.7559E-04  4.9612E-17
 -9.1437E-05 -1.7757E-04 -8.4765E-05
 -9.6675E-05 -1.7770E-04  1.2792E-04
 -9.3605E-05 -1.7346E-04  4.4683E-05
 -8.8355E-05 -1.7331E-04 -3.9610E-05
 -1.4330E-04 -2.7325E-04  4.3527E-05
 -1.4460E-04 -2.7332E-04 -4.9000E-05
 -1.4534E-04 -2.7432E-04 -1.4057E-04
 -1.4408E-04 -2.7431E-04  9.2955E-05
 -1.4436E-04 -2.7385E-04 -2.1720E-17
 -1.4408E-04 -2.7431E-04 -9.2955E-05
 -1.4534E-04 -2.7432E-04  1.4057E-04
 -1.4460E-04 -2.7332E-04  4.9000E-05
 -1.4330E-04 -2.7325E-04 -4.3527E-05
 -1.9940E-04 -3.7570E-04  4.2823E-05
 -1.9703E-04 -3.7560E-04 -4.8172E-05
 -1.9564E-04 -3.7371E-04 -1.3830E-04
 -1.9799E-04 -3.7378E-04  9.1384E-05
 -1.9751E-04 -3.7469E-04 -7.4743E-17
 -1.9799E-04 -3.7378E-04 -9.1384E-05
 -1.9564E-04 -3.7371E-04  1.3830E-04
 -1.9703E-04 -3.7560E-04  4.8172E-05
 -1.9940E-04 -3.7570E-04 -4.2823E-05
 -2.5149E-04 -4.7098E-04  3.7947E-05
 -2.4587E-04 -4.7075E-04 -4.2678E-05
 -2.4257E-04 -4.6628E-04 -1.2255E-04
 -2.4815E-04 -4.6641E-04  8.0961E-05
 -2.4699E-04 -4.6855E-04 -1.0707E-17
 -2.4815E-04 -4.6641E-04 -8.0961E-05
 -2.4257E-04 -4.6628E-04  1.2255E-04
 -2.4587E-04 -4.7075E-04  4.2678E-05
 -2.5149E-04 -4.7098E-04 -3.7947E-05
 -2.9500E-04 -5.5055E-04  2.9459E-05
 -2.8664E-04 -5.5021E-04 -3.3145E-05
 -2.8175E-04 -5.4357E-04 -9.5141E-05
 -2.9004E-04 -5.4377E-04  6.2878E-05
 -2.8831E-04 -5.4694E-04 -1.9160E-17
 -2.9004E-04 -5.4377E-04 -6.2878E-05
 -2.8175E-04 -5.4357E-04  9.5141E-05
 -2.8664E-04 -5.5021E-04  3.3145E-05
 -2.9500E-04 -5.5055E-04 -2.9459E-05
 -3.2610E-04 -6.0724E-04  1.8038E-05
 -3.1561E-04 -6.0681E-04 -2.0334E-05
 -3.0948E-04 -5.9848E-04 -5.8256E-05
 -3.1987E-04 -5.9873E-04  3.8574E-05
 -3.1771E-04 -6.0270E-04 -6.6404E-17
 -3.1987E-04 -5.9873E-04 -3.8574E-05
 -3.0948E-04 -5.9848E-04  5.8256E-05
 -3.1561E-04 -6.0681E-04  2.0334E-05
 -3.2610E-04 -6.0724E-04 -1.8038E-05
 -3.4182E-04 -6.3547E-04  4.4528E-06
 -3.2987E-04 -6.3497E-04 -5.1034E-06
 -3.2288E-04 -6.2549E-04 -1.4381E-05
 -3.3472E-04 -6.2577E-04  9.6814E-06
 -3.3225E-04 -6.3029E-04 -5.9528E-17
 -3.3472E-04 -6.2577E-04 -9.6814E-06
 -3.2288E-04 -6.2549E-04  1.4381E-05
 -3.2987E-04 -6.3497E-04  5.1034E-06
 -3.4182E-04 -6.3547E-04 -4.4528E-06
 -3.4013E-04 -6.3144E-04 -1.0473E-05
 -3.2741E-04 -6.3091E-04  1.1623E-05
 -3.1999E-04 -6.2082E-04  3.3823E-05
 -3.3258E-04 -6.2112E-04 -2.2049E-05
 -3.2995E-04 -6.2592E-04 -2.8036E-17
 -3.3258E-04 -6.2112E-04  2.2049E-05
 -3.1999E-04 -6.2082E-04 -3.3823E-05
 -3.2741E-04 -6.3091E-04 -1.1623E-05
 -3.4013E-04 -6.3144E-04  1.0473E-05
 -3.2002E-04 -5.9322E-04 -2.5899E-05
 -3.0723E-04 -5.9269E-04  2.8903E-05
 -2.9976E-04 -5.8254E-04  8.3643E-05
 -3.1243E-04 -5.8284E-04 -5.4831E-05
 -3.0978E-04 -5.8767E-04 -5.6373E-17
 -3.1243E-04 -5.8284E-04  5.4831E-05
 -2.9976E-04 -5.8254E-04 -8.3643E-05
 -3.0723E-04 -5.9269E-04 -2.8903E-05
 -3.2002E-04 -5.9322E-04  2.5899E-05
 -2.8149E-04 -5.2074E-04 -4.1013E-05
 -2.6927E-04 -5.2023E-04  4.5829E-05
 -2.6214E-04 -5.1054E-04  1.3245E-04
 -2.7423E-04 -5.1082E-04 -8.6939E-05
 -2.7170E-04 -5.1543E-04 -3.3339E-17
 -2.7423E-04 -5.1082E-04  8.6939E-05
 -2.6214E-04 -5.1054E-04 -1.3245E-04
 -2.6927E-04 -5.2023E-04 -4.5829E-05
 -2.8149E-04 -5.2074E-04  4.1013E-05
 -2.2545E-04 -4.1568E-04 -5.5077E-05
 -2.1438E-04 -4.1522E-04  6.1571E-05
 -2.0792E-04 -4.0644E-04  1.7787E-04
 -2.1888E-04 -4.0670E-04 -1.1680E-04
 -2.1659E-04 -4.1087E-04 -1.7379E-17
 -2.1888E-04 -4.0670E-04  1.1680E-04
 -2.0792E-04 -4.0644E-04 -1.7787E-04
 -2.1438E-04 -4.1522E-04 -6.1571E-05
 -2.2545E-04 -4.1568E-04  5.5077E-05
 -1.5369E-04 -2.8128E-04 -6.7470E-05
 -1.4422E-04 -2.8088E-04  7.5434E-05
 -1.3870E-04 -2.7338E-04  2.1790E-04
 -1.4806E-04 -2.7359E-04 -1.4310E-04
 -1.4610E-04 -2.7716E-04 -5.6208E-17
 -1.4806E-04 -2.7359E-04  1.4310E-04
 -1.3870E-04 -2.7338E-04 -2.1790E-04
 -1.4422E-04 -2.8088E-04 -7.5434E-05
 -1.5369E-04 -2.8128E-04  6.7470E-05
 -6.8633E-05 -1.2200E-04 -7.7730E-05
 -6.1073E-05 -1.2168E-04  8.6900E-05
 -5.6663E-05 -1.1569E-04  2.5104E-04
 -6.4143E-05 -1.1586E-04 -1.6485E-04
 -6.2570E-05 -1.1870E-04 -8.6832E-17
 -6.4143E-05 -1.1586E-04  1.6485E-04
 -5.6663E-05 -1.1569E-04 -2.5104E-04
 -6.1073E-05 -1.2168E-04 -8.6900E-05
 -6.8633E-05 -1.2200E-04  7.7730E-05
  2.6804E-05  5.6834E-05 -8.5593E-05
  3.2327E-05  5.7070E-05  9.5669E-05
  3.5544E-05  6.1441E-05  2.7643E-04
  3.0084E-05  6.1325E-05 -1.8149E-04
  3.1238E-05  5.9260E-05 -1.1720E-16
  3.0084E-05  6.1325E-05  1.8149E-04
  3.5544E-05  6.1441E-05 -2.7643E-04
  3.2327E-05  5.7070E-05 -9.5669E-05
  2.6804E-05  5.6834E-05  8.5593E-05
  1.2950E-04  2.4951E-04 -9.1016E-05
  1.3305E-04  2.4966E-04  1.0169E-04
  1.3511E-04  2.5247E-04  2.9394E-04
  1.3161E-04  2.5240E-04 -1.9292E-04
  1.3236E-04  2.5109E-04 -3.4544E-17
  1.3161E-04  2.5240E-04  1.9292E-04
  1.3511E-04  2.5247E-04 -2.9394E-04
  1.3305E-04  2.4966E-04 -1.0169E-04
  1.2950E-04  2.4951E-04  9.1016E-05
  2.3639E-04  4.5044E-04 -9.4206E-05
  2.3825E-04  4.5052E-04  1.0520E-04
  2.3932E-04  4.5198E-04  3.0424E-04
  2.3749E-04  4.5196E-04 -1.9957E-04
  2.3789E-04  4.5129E-04 -7.9987E-17
  2.3749E-04  4.5196E-04  1.9957E-04
  2.3932E-04  4.5198E-04 -3.0424E-04
  2.3825E-04  4.5052E-04 -1.0520E-04
  2.3639E-04  4.5044E-04  9.4206E-05
  3.4474E-04  6.5471E-04 -9.5625E-05
  3.4542E-04  6.5476E-04  1.0671E-04
  3.4580E-04  6.5527E-04  3.0883E-04
  3.4515E-04  6.5527E-04 -2.0243E-04
  3.4531E-04  6.5506E-04 -9.5764E-17
  3.4515E-04  6.5527E-04  2.0243E-04
  3.4580E-04  6.5527E-04 -3.0883E-04
  3.4542E-04  6.5476E-04 -1.0671E-04
  3.4474E-04  6.5471E-04  9.5625E-05
  4.5254E-04  8.5869E-04 -9.5987E-05
  4.5276E-04  8.5871E-04  1.0707E-04
  4.5283E-04  8.5884E-04  3.1000E-04
  4.5266E-04  8.5890E-04 -2.0312E-04
  4.5274E-04  8.5886E-04 -6.1635E-17
  4.5266E-04  8.5890E-04  2.0312E-04
  4.5283E-04  8.5884E-04 -3.1000E-04
  4.5276E-04  8.5871E-04 -1.0707E-04
  4.5254E-04  8.5869E-04  9.5987E-05
   5.3113E-03
  0.0000E+00  0.0000E+00  0.0000E+00
  0.0000E+00  0.0000E+00  0.0000E+00
  0.0000E+00  0.0000E+00  0.0000E+00
  0.0000E+00  0.0000E+00  0.0000E+00
  0.0000E+00  0.0000E+00  0.0000E+00
  0.0000E+00  0.0000E+00  0.0000E+00
  0.0000E+00  0.0000E+00  0.0000E+00
  0.0000E+00  0.0000E+00  0.0000E+00
  0.0000E+00  0.0000E+00  0.0000E+00
 -2.2277E-05  1.7912E-04 -1.7975E-04
  6.1808E-05  1.5507E-04  6.3617E-05
  1.2850E-04  2.1932E-04  3.1043E-04
  4.1342E-05  2.3184E-04 -2.3863E-04
  4.9910E-05  1.8721E-04 -1.5595E-18
  4.1342E-05  2.3184E-04  2.3863E-04
  1.2850E-04  2.1932E-04 -3.1043E-04
  6.1808E-05  1.5507E-04 -6.3617E-05
 -2.2277E-05  1.7912E-04  1.7975E-04
  1.1031E-04  5.9159E-04 -3.2214E-04
  1.6834E-04  5.8406E-04  1.1892E-04
  2.1238E-04  6.1880E-04  5.5633E-04
  1.5571E-04  6.3142E-04 -4.4606E-04
  1.6229E-04  6.0874E-04  1.1518E-17
  1.5571E-04  6.3142E-04  4.4606E-04
  2.1238E-04  6.1880E-04 -5.5633E-04
  1.6834E-04  5.8406E-04 -1.1892E-04
  1.1031E-04  5.9159E-04  3.2214E-04
  2.8719E-04  1.1749E-03 -4.1388E-04
  3.1893E-04  1.1686E-03  1.5224E-04
  3.4324E-04  1.1898E-03  7.1478E-04
  3.1154E-04  1.1963E-03 -5.7105E-04
  3.1537E-04  1.1829E-03 -1.8226E-17
  3.1154E-04  1.1963E-03  5.7105E-04
  3.4324E-04  1.1898E-03 -7.1478E-04
  3.1893E-04  1.1686E-03 -1.5224E-04
  2.8719E-04  1.1749E-03  4.1388E-04
  4.8485E-04  1.8426E-03 -4.5481E-04
  4.9267E-04  1.8413E-03  1.6695E-04
  4.9861E-04  1.8463E-03  7.8546E-04
  4.9089E-04  1.8480E-03 -6.2623E-04
  4.9184E-04  1.8449E-03  3.9026E-18
  4.9089E-04  1.8480E-03  6.2623E-04
  4.9861E-04  1.8463E-03 -7.8546E-04
  4.9267E-04  1.8413E-03 -1.6695E-04
  4.8485E-04  1.8426E-03  4.5481E-04
  6.8566E-04  2.5277E-03 -4.4745E-04
  6.7132E-04  2.5304E-03  1.6413E-04
  6.6031E-04  2.5210E-03  7.7276E-04
  6.7459E-04  2.5181E-03 -6.1565E-04
  6.7296E-04  2.5242E-03  2.0468E-17
  6.7459E-04  2.5181E-03  6.1565E-04
  6.6031E-04  2.5210E-03 -7.7276E-04
  6.7132E-04  2.5304E-03 -1.6413E-04
  6.8566E-04  2.5277E-03  4.4745E-04
  8.7171E-04  3.1651E-03 -3.9650E-04
  8.3770E-04  3.1714E-03  1.4541E-04
  8.1164E-04  3.1491E-03  6.8477E-04
  8.4548E-04  3.1422E-03 -5.4543E-04
  8.4155E-04  3.1566E-03 -6.2045E-19
  8.4548E-04  3.1422E-03  5.4543E-04
  8.1164E-04  3.1491E-03 -6.8477E-04
  8.3770E-04  3.1714E-03 -1.4541E-04
  8.7171E-04  3.1651E-03  3.9650E-04
  1.0272E-03  3.6974E-03 -3.0782E-04
  9.7664E-04  3.7067E-03  1.1293E-04
  9.3793E-04  3.6736E-03  5.3160E-04
  9.8820E-04  3.6633E-03 -4.2360E-04
  9.8233E-04  3.6847E-03  1.8869E-18
  9.8820E-04  3.6633E-03  4.2360E-04
  9.3793E-04  3.6736E-03 -5.3160E-04
  9.7664E-04  3.7067E-03 -1.1293E-04
  1.0272E-03  3.6974E-03  3.0782E-04
  1.1388E-03  4.0764E-03 -1.8848E-04
  1.0753E-03  4.0880E-03  6.9281E-05
  1.0268E-03  4.0465E-03  3.2551E-04
  1.0899E-03  4.0336E-03 -2.5987E-04
  1.0825E-03  4.0603E-03  1.6870E-17
  1.0899E-03  4.0336E-03  2.5987E-04
  1.0268E-03  4.0465E-03 -3.2551E-04
  1.0753E-03  4.0880E-03 -6.9281E-05
  1.1388E-03  4.0764E-03  1.8848E-04
  1.1962E-03  4.2645E-03 -4.6527E-05
  1.1239E-03  4.2778E-03  1.7388E-05
  1.0686E-03  4.2305E-03  8.0353E-05
  1.1404E-03  4.2157E-03 -6.5223E-05
  1.1320E-03  4.2462E-03  1.4369E-17
  1.1404E-03  4.2157E-03  6.5223E-05
  1.0686E-03  4.2305E-03 -8.0353E-05
  1.1239E-03  4.2778E-03 -1.7388E-05
  1.1962E-03  4.2645E-03  4.6527E-05
  1.1924E-03  4.2363E-03  1.0943E-04
  1.1156E-03  4.2504E-03 -3.9601E-05
  1.0567E-03  4.2001E-03 -1.8899E-04
  1.1331E-03  4.1844E-03  1.4854E-04
  1.1242E-03  4.2168E-03  4.0650E-18
  1.1331E-03  4.1844E-03 -1.4854E-04
  1.0567E-03  4.2001E-03  1.8899E-04
  1.1156E-03  4.2504E-03  3.9601E-05
  1.1924E-03  4.2363E-03 -1.0943E-04
  1.1241E-03  3.9787E-03  2.7061E-04
  1.0468E-03  3.9929E-03 -9.8479E-05
  9.8761E-04  3.9423E-03 -4.6736E-04
  1.0645E-03  3.9265E-03  3.6939E-04
  1.0555E-03  3.9591E-03  1.2637E-17
  1.0645E-03  3.9265E-03 -3.6939E-04
  9.8761E-04  3.9423E-03  4.6736E-04
  1.0468E-03  3.9929E-03  9.8479E-05
  1.1241E-03  3.9787E-03 -2.7061E-04
  9.9128E-04  3.4912E-03  4.2854E-04
  9.1746E-04  3.5047E-03 -1.5615E-04
  8.6095E-04  3.4564E-03 -7.4009E-04
  9.3436E-04  3.4414E-03  5.8570E-04
  9.2574E-04  3.4724E-03  5.3202E-18
  9.3436E-04  3.4414E-03 -5.8570E-04
  8.6095E-04  3.4564E-03  7.4009E-04
  9.1746E-04  3.5047E-03  1.5615E-04
  9.9128E-04  3.4912E-03 -4.2854E-04
  7.9733E-04  2.7850E-03  5.7549E-04
  7.3044E-04  2.7973E-03 -2.0978E-04
  6.7925E-04  2.7536E-03 -9.9388E-04
  7.4576E-04  2.7399E-03  7.8688E-04
  7.3794E-04  2.7680E-03  3.3583E-20
  7.4576E-04  2.7399E-03 -7.8688E-04
  6.7925E-04  2.7536E-03  9.9388E-04
  7.3044E-04  2.7973E-03  2.0978E-04
  7.9733E-04  2.7850E-03 -5.7549E-04
  5.4859E-04  1.8818E-03  7.0498E-04
  4.9138E-04  1.8923E-03 -2.5702E-04
  4.4760E-04  1.8549E-03 -1.2175E-03
  5.0448E-04  1.8431E-03  9.6405E-04
  4.9779E-04  1.8672E-03  1.3112E-17
  5.0448E-04  1.8431E-03 -9.6405E-04
  4.4760E-04  1.8549E-03  1.2175E-03
  4.9138E-04  1.8923E-03  2.5702E-04
  5.4859E-04  1.8818E-03 -7.0498E-04
  2.5377E-04  8.1140E-04  8.1219E-04
  2.0808E-04  8.1975E-04 -2.9608E-04
  1.7313E-04  7.8990E-04 -1.4027E-03
  2.1855E-04  7.8052E-04  1.1106E-03
  2.1319E-04  7.9965E-04  2.3361E-17
  2.1855E-04  7.8052E-04 -1.1106E-03
  1.7313E-04  7.8990E-04  1.4027E-03
  2.0808E-04  8.1975E-04  2.9608E-04
  2.5377E-04  8.1140E-04 -8.1219E-04
 -7.6775E-05 -3.9056E-04  8.9435E-04
 -1.1014E-04 -3.8447E-04 -3.2596E-04
 -1.3565E-04 -4.0625E-04 -1.5446E-03
 -1.0250E-04 -4.1314E-04  1.2227E-03
 -1.0643E-04 -3.9923E-04  3.3565E-17
 -1.0250E-04 -4.1314E-04 -1.2227E-03
 -1.3565E-04 -4.0625E-04  1.5446E-03
 -1.1014E-04 -3.8447E-04  3.2596E-04
 -7.6775E-05 -3.9056E-04 -8.9435E-04
 -4.3188E-04 -1.6858E-03  9.5101E-04
 -4.5333E-04 -1.6820E-03 -3.4649E-04
 -4.6970E-04 -1.6959E-03 -1.6424E-03
 -4.4841E-04 -1.7004E-03  1.2997E-03
 -4.5097E-04 -1.6916E-03  6.9353E-18
 -4.4841E-04 -1.7004E-03 -1.2997E-03
 -4.6970E-04 -1.6959E-03  1.6424E-03
 -4.5333E-04 -1.6820E-03  3.4649E-04
 -4.3188E-04 -1.6858E-03 -9.5101E-04
 -8.0053E-04 -3.0371E-03  9.8434E-04
 -8.1174E-04 -3.0351E-03 -3.5843E-04
 -8.2027E-04 -3.0424E-03 -1.7000E-03
 -8.0916E-04 -3.0448E-03  1.3445E-03
 -8.1055E-04 -3.0403E-03  2.1854E-17
 -8.0916E-04 -3.0448E-03 -1.3445E-03
 -8.2027E-04 -3.0424E-03  1.7000E-03
 -8.1174E-04 -3.0351E-03  3.5843E-04
 -8.0053E-04 -3.0371E-03 -9.8434E-04
 -1.1728E-03 -4.4116E-03  9.9917E-04
 -1.1769E-03 -4.4111E-03 -3.6358E-04
 -1.1800E-03 -4.4135E-03 -1.7256E-03
 -1.1760E-03 -4.4145E-03  1.3638E-03
 -1.1765E-03 -4.4131E-03  2.6793E-17
 -1.1760E-03 -4.4145E-03 -1.3638E-03
 -1.1800E-03 -4.4135E-03  1.7256E-03
 -1.1769E-03 -4.4111E-03  3.6358E-04
 -1.1728E-03 -4.4116E-03 -9.9917E-04
 -1.5414E-03 -5.7852E-03  1.0030E-03
 -1.5426E-03 -5.7851E-03 -3.6482E-04
 -1.5434E-03 -5.7857E-03 -1.7321E-03
 -1.5423E-03 -5.7863E-03  1.3684E-03
 -1.5425E-03 -5.7860E-03  1.6356E-17
 -1.5423E-03 -5.7863E-03 -1.3684E-03
 -1.5434E-03 -5.7857E-03  1.7321E-03
 -1.5426E-03 -5.7851E-03  3.6482E-04
 -1.5414E-03 -5.7852E-03 -1.0030E-03
