Vector ACCELERATION under NLDynamic for nodeset
189
   0.0000E+00
  0.0000E+00  0.0000E+00  0.0000E+00
  0.0000E+00  0.0000E+00  0.0000E+00
  0.0000E+00  0.0000E+00  0.0000E+00
  0.0000E+00  0.0000E+00  0.0000E+00
  0.0000E+00  0.0000E+00  0.0000E+00
  0.0000E+00  0.0000E+00  0.0000E+00
  0.0000E+00  0.0000E+00  0.0000E+00
  0.0000E+00  0.0000E+00  0.0000E+00
  0.0000E+00  0.0000E+00  0.0000E+00
 -1.3927E-16  1.0304E-16  1.1128E-11
 -3.2646E-17 -1.1679E-16  1.1127E-11
  2.9983E-16  1.0878E-16  1.1128E-11
  4.9292E-17 -7.9627E-18  1.1127E-11
  3.5936E-17  4.1935E-17  1.1127E-11
 -2.4316E-16 -4.8577E-17  1.1127E-11
  4.3250E-17 -3.9463E-16  1.1128E-11
 -1.1691E-16  1.0012E-17  1.1127E-11
  5.4723E-17  3.6926E-16  1.1127E-11
 -9.3228E-17 -1.8267E-16 -4.4509E-11
 -1.1917E-16  8.2816E-17 -4.4509E-11
  1.2779E-16 -3.5023E-17 -4.4509E-11
 -8.7543E-17  3.4093E-16 -4.4509E-11
 -2.8636E-17 -1.2703E-16 -4.4509E-11
 -4.5382E-17 -7.3569E-17 -4.4509E-11
  1.2990E-16 -2.6631E-16 -4.4510E-11
  2.3240E-16  4.5098E-17 -4.4509E-11
  2.3828E-17  1.9167E-16 -4.4509E-11
 -2.5518E-17  2.1722E-16  1.6691E-10
 -2.3313E-16  6.1073E-17  1.6691E-10
  1.0919E-16 -1.9068E-16  1.6691E-10
 -4.8290E-17 -4.8752E-17  1.6691E-10
  4.4979E-16 -4.7644E-17  1.6691E-10
 -2.4953E-16  1.0454E-16  1.6691E-10
  1.4775E-16 -2.1823E-16  1.6691E-10
 -6.3936E-16 -9.2025E-17  1.6691E-10
  4.2378E-16  3.9487E-16  1.6691E-10
 -3.9780E-16  2.7382E-16 -6.2313E-10
 -3.1995E-17 -2.0443E-16 -6.2313E-10
  3.1464E-16  7.0286E-17 -6.2313E-10
 -5.8802E-17  4.4123E-16 -6.2313E-10
 -1.8640E-16 -2.0133E-16 -6.2313E-10
 -4.8228E-16 -8.8591E-17 -6.2313E-10
  2.0761E-16  2.5523E-16 -6.2313E-10
  4.3194E-16 -2.1078E-16 -6.2313E-10
  4.3084E-16  2.0905E-16 -6.2313E-10
 -1.9352E-16  2.0380E-16  2.3256E-09
 -6.2458E-17 -5.8113E-17  2.3256E-09
 -1.5462E-16 -1.1025E-17  2.3256E-09
 -2.7142E-16  4.2296E-16  2.3256E-09
  1.7882E-16 -1.4400E-16  2.3256E-09
  8.0390E-17 -9.5560E-17  2.3256E-09
  6.4239E-16 -2.8082E-16  2.3256E-09
 -2.1119E-16 -3.0787E-17  2.3256E-09
  1.0740E-16  3.1208E-16  2.3256E-09
  1.6672E-16  1.0368E-15 -8.6793E-09
 -6.4106E-16 -6.3625E-16 -8.6793E-09
  1.3729E-15  3.0627E-16 -8.6793E-09
 -6.5991E-16 -2.1787E-17 -8.6793E-09
  4.9394E-16 -6.3987E-17 -8.6793E-09
 -8.4948E-16  4.9318E-17 -8.6793E-09
  9.5177E-16  5.9126E-16 -8.6793E-09
 -7.4711E-17 -5.6755E-16 -8.6793E-09
  5.9201E-16  5.6370E-16 -8.6793E-09
 -2.2503E-16  6.1458E-16  3.2392E-08
 -6.3035E-16 -1.0988E-15  3.2392E-08
  1.2737E-16  1.6219E-15  3.2392E-08
  3.9738E-16 -3.9000E-16  3.2392E-08
  2.6147E-16  4.1269E-16  3.2392E-08
 -1.3623E-16 -4.1457E-16  3.2392E-08
 -6.4997E-16 -2.8134E-16  3.2392E-08
 -2.3760E-16  2.3370E-16  3.2392E-08
 -4.0703E-16 -1.9218E-16  3.2392E-08
  3.2966E-16 -6.0034E-16 -1.2089E-07
  2.0282E-16 -6.5628E-16 -1.2089E-07
  1.6424E-15  1.8315E-15 -1.2089E-07
 -3.6873E-16  4.4838E-16 -1.2089E-07
 -3.8240E-17 -5.5281E-16 -1.2089E-07
 -2.1008E-16  7.1662E-16 -1.2089E-07
  3.7873E-16  4.7481E-16 -1.2089E-07
  2.6339E-16 -1.6391E-16 -1.2089E-07
 -5.6617E-16 -1.6230E-16 -1.2089E-07
 -9.2510E-16  1.3367E-15  4.5116E-07
  8.2016E-17 -7.3596E-16  4.5116E-07
  2.3663E-16  3.3575E-16  4.5116E-07
  2.7174E-16 -1.3951E-15  4.5116E-07
  1.3047E-15  6.5327E-16  4.5116E-07
 -5.5690E-16  5.6531E-17  4.5116E-07
 -7.8857E-17 -6.0002E-16  4.5116E-07
 -2.3733E-15 -3.3494E-16  4.5116E-07
  7.7845E-17  1.1383E-15  4.5116E-07
 -2.3962E-16 -9.3067E-16 -1.6837E-06
  1.2735E-15  2.4761E-16 -1.6837E-06
  6.9851E-16  3.8187E-16 -1.6837E-06
  4.8379E-16  7.5594E-16 -1.6837E-06
 -2.1141E-15 -8.0688E-16 -1.6837E-06
 -3.5448E-16  8.5972E-16 -1.6837E-06
 -1.6430E-16  6.5484E-16 -1.6837E-06
  1.7964E-15  1.0773E-16 -1.6837E-06
  1.1940E-17 -8.5325E-16 -1.6837E-06
  3.9786E-16  1.8753E-15  6.2838E-06
 -8.0363E-16 -1.7158E-15  6.2838E-06
  8.1022E-16  1.5443E-15  6.2838E-06
 -1.6170E-15  8.1654E-16  6.2838E-06
  1.0585E-15 -5.3023E-17  6.2838E-06
 -6.2329E-16 -7.2127E-16  6.2838E-06
  3.1913E-15  2.8338E-17  6.2838E-06
 -4.8251E-17 -2.0317E-16  6.2838E-06
  1.1281E-15  4.1226E-16  6.2838E-06
 -6.2945E-16 -7.3301E-16 -2.3451E-05
  2.4946E-16  9.7671E-16 -2.3451E-05
  1.7904E-15 -1.2943E-15 -2.3451E-05
 -5.8224E-16  3.3785E-16 -2.3451E-05
 -5.1288E-16 -5.9143E-16 -2.3451E-05
 -2.1275E-15  8.3137E-16 -2.3451E-05
  4.7593E-16  4.0036E-16 -2.3451E-05
 -3.7806E-16 -2.8651E-16 -2.3451E-05
  1.3288E-15  1.8664E-16 -2.3451E-05
 -1.9611E-15  4.2526E-15  8.7522E-05
  4.2230E-16 -3.1423E-15  8.7522E-05
  1.7992E-15  2.0194E-15  8.7522E-05
  1.3122E-15  9.8487E-17  8.7522E-05
 -4.4644E-17  4.6368E-17  8.7522E-05
 -1.4889E-15 -9.0740E-17  8.7522E-05
  1.6923E-16  6.1041E-16  8.7522E-05
  8.0607E-16 -1.7651E-17  8.7522E-05
  2.9865E-15 -5.4911E-16  8.7522E-05
 -1.4144E-15  6.1549E-16 -3.2664E-04
 -1.3266E-15 -1.4747E-15 -3.2664E-04
  1.2418E-15  2.3771E-15 -3.2664E-04
 -1.5369E-15  2.5002E-15 -3.2664E-04
  1.1727E-15 -1.7130E-15 -3.2664E-04
  4.9249E-17  8.0245E-16 -3.2664E-04
  3.3478E-15  1.0939E-15 -3.2664E-04
 -8.2945E-16 -1.1214E-15 -3.2664E-04
 -2.2805E-15  1.2089E-15 -3.2664E-04
  2.1037E-15 -5.8111E-16  1.2190E-03
 -5.0434E-16 -1.9091E-15  1.2190E-03
  2.3048E-15  4.4393E-15  1.2190E-03
 -8.7634E-16 -6.3690E-16  1.2190E-03
  5.7656E-16  5.4636E-16  1.2190E-03
 -2.4962E-15 -3.9760E-16  1.2190E-03
  1.3978E-15 -5.9804E-17  1.2190E-03
 -2.5842E-15 -7.7693E-16  1.2190E-03
  1.3299E-15  1.5320E-15  1.2190E-03
 -1.0343E-16  4.0302E-16 -4.5495E-03
  8.4876E-16  5.4109E-16 -4.5495E-03
  9.6255E-16 -1.4092E-15 -4.5495E-03
 -1.0963E-15  1.8921E-15 -4.5495E-03
 -4.1275E-17 -1.6479E-15 -4.5495E-03
 -5.3796E-16  1.3748E-15 -4.5495E-03
  7.6862E-16  8.4008E-16 -4.5495E-03
  1.3303E-15 -2.1899E-16 -4.5495E-03
  1.8786E-15 -3.5894E-16 -4.5495E-03
 -7.0672E-17 -6.2820E-16  1.6979E-02
 -5.1745E-16 -5.5119E-16  1.6979E-02
  1.8328E-15  1.5790E-15  1.6979E-02
 -3.5327E-16  9.8166E-16  1.6979E-02
 -5.6360E-16 -8.0312E-16  1.6979E-02
 -2.2961E-16  5.2943E-16  1.6979E-02
  1.5433E-16 -4.9721E-16  1.6979E-02
  1.1741E-16 -1.8786E-16  1.6979E-02
 -1.6194E-15  8.4497E-16  1.6979E-02
 -6.1361E-16  1.6113E-15 -6.3366E-02
 -1.5603E-17 -1.5278E-15 -6.3366E-02
 -3.6179E-16  1.5684E-15 -6.3366E-02
 -4.9662E-16  2.3716E-15 -6.3366E-02
 -1.2104E-15 -1.1775E-15 -6.3366E-02
 -1.0197E-15  2.2042E-16 -6.3366E-02
  3.2637E-15  3.4987E-15 -6.3366E-02
  2.7896E-15 -2.7296E-16 -6.3366E-02
  2.0582E-15 -2.9860E-15 -6.3366E-02
 -1.6996E-15 -1.2689E-15  2.3648E-01
  1.1084E-16  1.9399E-16  2.3648E-01
 -2.6061E-16  6.4331E-16  2.3648E-01
  1.4100E-16  3.5590E-17  2.3648E-01
  1.3824E-15  3.7535E-16  2.3648E-01
 -5.8148E-16 -1.0336E-15  2.3648E-01
 -1.0376E-15  3.7460E-16  2.3648E-01
 -1.2260E-15 -3.0067E-16  2.3648E-01
  2.2719E-15  2.6461E-16  2.3648E-01
  2.3975E-15  8.8615E-16 -8.8257E-01
 -9.5428E-16 -3.9137E-15 -8.8257E-01
  5.0638E-15  7.2965E-15 -8.8257E-01
  1.0284E-16 -7.1008E-16 -8.8257E-01
  6.3307E-16  1.6136E-18 -8.8257E-01
 -1.1327E-16  1.0361E-15 -8.8257E-01
  3.3261E-15 -1.7408E-15 -8.8257E-01
 -3.3181E-15 -3.4304E-16 -8.8257E-01
 -6.0539E-15  2.5464E-15 -8.8257E-01
   3.0000E+01
  0.0000E+00  0.0000E+00  0.0000E+00
  0.0000E+00  0.0000E+00  0.0000E+00
  0.0000E+00  0.0000E+00  0.0000E+00
  0.0000E+00  0.0000E+00  0.0000E+00
  0.0000E+00  0.0000E+00  0.0000E+00
  0.0000E+00  0.0000E+00  0.0000E+00
  0.0000E+00  0.0000E+00  0.0000E+00
  0.0000E+00  0.0000E+00  0.0000E+00
  0.0000E+00  0.0000E+00  0.0000E+00
 -2.6798E-01  2.6798E-01 -4.1517E-01
 -6.2850E-03 -1.2478E-05  3.9364E-01
 -2.6795E-01 -2.6796E-01 -4.1517E-01
  6.0766E-06  6.2859E-03  3.9363E-01
  3.7837E-06 -8.4061E-06 -1.7390E-01
  4.8715E-06 -6.2841E-03  3.9367E-01
  2.6797E-01  2.6796E-01 -4.1517E-01
  6.2840E-03 -1.1165E-05  3.9366E-01
  2.6795E-01 -2.6795E-01 -4.1518E-01
  1.6349E-01 -1.6349E-01  2.1101E-01
 -4.4449E-01  3.2633E-05 -1.4932E-01
  1.6342E-01  1.6342E-01  2.1108E-01
 -1.6215E-05  4.4449E-01 -1.4929E-01
 -1.0935E-05  2.4617E-05  1.8957E-01
 -1.3181E-05 -4.4449E-01 -1.4939E-01
 -1.6345E-01 -1.6345E-01  2.1106E-01
  4.4450E-01  2.9121E-05 -1.4935E-01
 -1.6339E-01  1.6340E-01  2.1112E-01
 -2.6102E-01  2.6103E-01  3.8443E-01
  5.6186E-02 -7.1134E-05 -3.0200E-01
 -2.6088E-01 -2.6086E-01  3.8395E-01
  3.7703E-05 -5.6183E-02 -3.0203E-01
  2.0981E-05 -4.7322E-05  1.5171E-01
  3.0889E-05  5.6172E-02 -3.0192E-01
  2.6093E-01  2.6096E-01  3.8417E-01
 -5.6182E-02 -6.2482E-05 -3.0197E-01
  2.6081E-01 -2.6080E-01  3.8375E-01
 -3.5148E-01  3.5143E-01 -1.4734E-01
  3.5750E-01  2.6948E-04  5.9343E-02
 -3.5187E-01 -3.5200E-01 -1.4550E-01
 -1.4738E-04 -3.5746E-01  5.9359E-02
 -1.9477E-05  4.1501E-05  1.8960E-01
 -1.2074E-04  3.5767E-01  5.9414E-02
  3.5178E-01  3.5164E-01 -1.4636E-01
 -3.5758E-01  2.3627E-04  5.9439E-02
  3.5210E-01 -3.5214E-01 -1.4477E-01
  1.5684E+00 -1.5683E+00 -3.9992E-01
 -7.2994E-01 -9.2753E-04 -7.9423E-01
  1.5698E+00  1.5699E+00 -4.0654E-01
  5.2513E-04  7.2980E-01 -7.9425E-01
  4.3534E-05 -5.6212E-05  1.2607E+00
  4.3235E-04 -7.3048E-01 -7.9471E-01
 -1.5692E+00 -1.5691E+00 -4.0343E-01
  7.3019E-01 -8.1167E-04 -7.9465E-01
 -1.5704E+00  1.5705E+00 -4.0908E-01
 -3.5089E-01  3.5017E-01  1.8967E-01
  2.1130E+00  3.1636E-03  2.1560E+00
 -3.5575E-01 -3.5756E-01  2.0792E-01
 -1.7409E-03 -2.1126E+00  2.1566E+00
  2.4833E-05  1.8481E-04 -4.1345E+00
 -1.3788E-03  2.1145E+00  2.1564E+00
  3.5461E-01  3.5275E-01  1.9922E-01
 -2.1138E+00  2.7328E-03  2.1562E+00
  3.5859E-01 -3.5921E-01  2.1488E-01
  1.0706E+00 -1.0673E+00  1.5213E+00
 -6.7032E-01 -6.9304E-03 -4.0563E+00
  1.0821E+00  1.0901E+00  1.4925E+00
  3.6933E-03  6.6962E-01 -4.0593E+00
 -3.0748E-04 -8.5659E-04  6.3305E+00
  2.8068E-03 -6.7184E-01 -4.0574E+00
 -1.0817E+00 -1.0734E+00  1.5055E+00
  6.7169E-01 -5.8787E-03 -4.0541E+00
 -1.0907E+00  1.0935E+00  1.4811E+00
 -5.5256E-01  5.5290E-01 -3.6665E+00
 -6.5449E-01 -5.2142E-03  3.5600E+00
 -5.4218E-01 -5.4423E-01 -3.7073E+00
  2.1361E-03  6.5362E-01  3.5695E+00
  1.8706E-03 -1.4124E-03 -4.3679E+00
  3.0479E-03 -6.5782E-01  3.5511E+00
  5.4808E-01  5.4908E-01 -3.6829E+00
  6.5674E-01 -6.1292E-03  3.5452E+00
  5.3747E-01 -5.3937E-01 -3.7233E+00
 -2.8649E-01  2.9166E-01  5.7813E+00
 -3.6850E-01 -1.3124E-02 -3.5152E+00
 -2.6556E-01 -2.2180E-01  5.8689E+00
  7.0152E-03  3.5587E-01 -3.5048E+00
 -4.9979E-03  4.8658E-03  2.0633E+00
  3.2478E-03 -4.0543E-01 -3.5099E+00
  2.4889E-01  2.7618E-01  5.8247E+00
  3.9314E-01 -1.0314E-02 -3.4984E+00
  2.2577E-01 -2.0774E-01  5.8991E+00
  1.0204E+00 -1.0073E+00 -1.8492E+00
 -8.0541E-01 -4.7613E-03  5.7826E-01
  1.0166E+00  9.6559E-01 -1.7897E+00
 -2.2682E-03  8.1195E-01  4.6305E-01
 -5.8821E-03  5.3239E-03  5.1565E-02
  6.9058E-03 -7.9907E-01  7.3763E-01
 -9.8868E-01 -9.7746E-01 -1.8409E+00
  8.0568E-01 -1.0850E-02  7.1731E-01
 -9.6441E-01  9.3194E-01 -1.7662E+00
 -4.9335E+00  4.9374E+00 -9.6031E+00
  4.0975E+00  6.4701E-02  8.6021E+00
 -5.1364E+00 -5.0773E+00 -9.6048E+00
 -1.6049E-02 -4.1107E+00  8.8582E+00
  3.9428E-02 -2.9314E-02 -7.0679E+00
 -4.4842E-02  4.1602E+00  8.1552E+00
  4.9747E+00  4.9428E+00 -9.5866E+00
 -4.1336E+00  8.0116E-02  8.1553E+00
  5.1303E+00 -5.0873E+00 -9.5065E+00
  2.2513E+00 -2.3808E+00  5.3264E+00
 -2.0555E+00 -1.5938E-01 -4.2584E+00
  2.2579E+00  2.2101E+00  5.2673E+00
  1.6979E-01  2.1296E+00 -4.2653E+00
 -2.5753E-01  2.9612E-01  4.3939E+00
  1.5800E-01 -2.0951E+00 -3.5982E+00
 -2.4486E+00 -2.4569E+00  5.2578E+00
  2.1426E+00 -1.0046E-01 -3.5282E+00
 -2.2162E+00  2.1225E+00  5.1558E+00
 -1.8082E-01  3.0281E-01 -3.7863E+00
  4.7726E-01  9.7960E-01  2.0728E+00
  4.1062E-03  6.2104E-02 -3.1193E+00
 -8.3810E-01 -8.4099E-01  1.6977E+00
  5.8031E-01 -6.4474E-01 -2.8585E+00
 -7.2996E-01 -6.0860E-01  9.8483E-01
  3.9201E-01  5.7655E-01 -3.4476E+00
  4.8554E-01  6.4337E-01  1.2439E+00
 -3.2743E-01  3.0720E-01 -2.8687E+00
 -2.1575E+00  2.0194E+00  1.4739E+00
  2.7737E+00 -4.5094E+00 -7.1341E-01
 -1.8587E+00  2.2626E+00  1.4717E+00
  4.4559E+00 -3.3218E+00 -7.9063E-03
 -3.5135E+00  4.3991E+00  1.1557E+00
  3.5516E+00 -1.5054E-01  1.0328E-01
 -2.1787E+00  1.4917E+00  1.0055E+00
 -9.8669E-01 -3.7150E+00 -5.6152E-01
 -5.5103E-01  1.1018E+00  8.4451E-01
  1.5154E+00 -1.8303E+00 -8.8874E-01
 -1.4943E+00  3.7559E+00  3.2747E+00
  4.7847E-02 -5.2376E+00 -4.1503E+00
 -2.0774E+00  1.3764E+00  1.6528E+00
  1.4440E+00 -2.1054E+00 -2.2037E+00
 -7.4386E-01  9.6252E-01  2.4893E+00
  1.1923E+00  1.6705E+00 -9.7416E-01
  5.9429E-01  4.8685E-01  2.3505E+00
 -5.8297E-01 -2.8857E-01 -1.4925E+00
 -1.4834E+00  1.4963E+00 -9.2323E-01
  1.6666E-01 -6.1245E-01 -4.1196E+00
 -1.1574E-02  1.0717E+00  3.2177E+00
  1.0310E-01 -4.5212E-01 -3.0573E+00
 -8.4141E-02  5.3614E-01  1.8431E+00
 -2.1440E-01 -6.1262E-01 -1.9149E+00
  1.5635E+00 -6.5487E-01  1.4691E+00
 -2.4936E-01  3.8880E-01 -2.3606E+00
 -4.7536E-03  7.1851E-01  1.0186E+00
  1.1468E+00 -1.5537E+00  3.0487E+00
  5.0590E-01  1.1763E+00  3.2599E+00
 -3.7412E-01 -6.9746E-01 -3.8517E-01
 -8.4393E-01  1.0771E-01  3.0626E+00
  5.1963E-01 -9.4773E-01 -3.4872E+00
 -2.4211E-03  9.4151E-01  1.1939E+00
  4.5404E-01  7.9654E-01 -6.2484E-01
 -3.7956E-01 -3.1689E-01  1.7052E+00
 -2.0621E-01 -1.3215E-01  1.3630E-01
 -9.3413E-01  8.3431E-01  1.9973E+00
 -5.3390E-02 -2.7088E-01 -2.1413E+00
  1.3258E-01  1.4689E+00  1.1639E+00
  1.8586E+00 -1.0563E+00 -1.4364E+00
 -1.2913E+00  6.3832E-01  2.1343E+00
  7.1334E-01 -2.3781E+00 -1.5255E+00
 -5.7962E+00 -1.2423E+00  1.3813E+00
  3.2269E+00  8.3258E-01 -9.3851E-01
 -1.9936E+00  9.0896E-01  2.1191E+00
  9.7639E-01 -1.5725E+00 -3.6006E+00
  2.0636E-01  5.8488E-01  4.5075E-01
 -5.3662E-02 -1.0246E+00 -2.1183E+00
  1.3507E-01  2.4817E+00 -1.6448E+00
  1.2195E+00 -7.8332E-01 -2.1998E+00
 -2.0224E+00  3.3168E+00  2.4647E+00
  2.1032E+00  9.8311E-01 -1.8480E+00
 -2.9194E+00 -1.2996E+00  1.8535E+00
  2.0567E+00 -6.2576E-02 -2.4069E+00
 -1.3005E+00  1.1292E+00  1.0292E+00
 -9.5541E-01 -7.0999E-01  5.6006E+00
 -9.0655E-01 -1.1334E+00 -1.1245E+00
 -7.0915E-01 -3.9991E+00  9.6142E+00
 -8.3932E-01  1.2439E+00 -4.0235E+00
  4.9429E+00 -2.3755E+00  1.1643E+00
 -1.8117E-01  1.8450E+00 -6.6717E-01
  2.1844E+00 -4.6161E-01 -3.7769E-01
 -4.1387E+00  1.2913E-01  8.3542E-01
