Scalar STRAINXZ under NLDynamic for nodeset
189
   0.0000E+00
  0.0000E+00
  0.0000E+00
  0.0000E+00
  0.0000E+00
  0.0000E+00
  0.0000E+00
  0.0000E+00
  0.0000E+00
  0.0000E+00
  0.0000E+00
  0.0000E+00
  0.0000E+00
  0.0000E+00
  0.0000E+00
  0.0000E+00
  0.0000E+00
  0.0000E+00
  0.0000E+00
  0.0000E+00
  0.0000E+00
  0.0000E+00
  0.0000E+00
  0.0000E+00
  0.0000E+00
  0.0000E+00
  0.0000E+00
  0.0000E+00
  0.0000E+00
  0.0000E+00
  0.0000E+00
  0.0000E+00
  0.0000E+00
  0.0000E+00
  0.0000E+00
  0.0000E+00
  0.0000E+00
  0.0000E+00
  0.0000E+00
  0.0000E+00
  0.0000E+00
  0.0000E+00
  0.0000E+00
  0.0000E+00
  0.0000E+00
  0.0000E+00
  0.0000E+00
  0.0000E+00
  0.0000E+00
  0.0000E+00
  0.0000E+00
  0.0000E+00
  0.0000E+00
  0.0000E+00
  0.0000E+00
  0.0000E+00
  0.0000E+00
  0.0000E+00
  0.0000E+00
  0.0000E+00
  0.0000E+00
  0.0000E+00
  0.0000E+00
  0.0000E+00
  0.0000E+00
  0.0000E+00
  0.0000E+00
  0.0000E+00
  0.0000E+00
  0.0000E+00
  0.0000E+00
  0.0000E+00
  0.0000E+00
  0.0000E+00
  0.0000E+00
  0.0000E+00
  0.0000E+00
  0.0000E+00
  0.0000E+00
  0.0000E+00
  0.0000E+00
  0.0000E+00
  0.0000E+00
  0.0000E+00
  0.0000E+00
  0.0000E+00
  0.0000E+00
  0.0000E+00
  0.0000E+00
  0.0000E+00
  0.0000E+00
  0.0000E+00
  0.0000E+00
  0.0000E+00
  0.0000E+00
  0.0000E+00
  0.0000E+00
  0.0000E+00
  0.0000E+00
  0.0000E+00
  0.0000E+00
  0.0000E+00
  0.0000E+00
  0.0000E+00
  0.0000E+00
  0.0000E+00
  0.0000E+00
  0.0000E+00
  0.0000E+00
  0.0000E+00
  0.0000E+00
  0.0000E+00
  0.0000E+00
  0.0000E+00
  0.0000E+00
  0.0000E+00
  0.0000E+00
  0.0000E+00
  0.0000E+00
  0.0000E+00
  0.0000E+00
  0.0000E+00
  0.0000E+00
  0.0000E+00
  0.0000E+00
  0.0000E+00
  0.0000E+00
  0.0000E+00
  0.0000E+00
  0.0000E+00
  0.0000E+00
  0.0000E+00
  0.0000E+00
  0.0000E+00
  0.0000E+00
  0.0000E+00
  0.0000E+00
  0.0000E+00
  0.0000E+00
  0.0000E+00
  0.0000E+00
  0.0000E+00
  0.0000E+00
  0.0000E+00
  0.0000E+00
  0.0000E+00
  0.0000E+00
  0.0000E+00
  0.0000E+00
  0.0000E+00
  0.0000E+00
  0.0000E+00
  0.0000E+00
  0.0000E+00
  0.0000E+00
  0.0000E+00
  0.0000E+00
  0.0000E+00
  0.0000E+00
  0.0000E+00
  0.0000E+00
  0.0000E+00
  0.0000E+00
  0.0000E+00
  0.0000E+00
  0.0000E+00
  0.0000E+00
  0.0000E+00
  0.0000E+00
  0.0000E+00
  0.0000E+00
  0.0000E+00
  0.0000E+00
  0.0000E+00
  0.0000E+00
  0.0000E+00
  0.0000E+00
  0.0000E+00
  0.0000E+00
  0.0000E+00
  0.0000E+00
  0.0000E+00
  0.0000E+00
  0.0000E+00
  0.0000E+00
  0.0000E+00
  0.0000E+00
  0.0000E+00
  0.0000E+00
  0.0000E+00
   3.0000E+00
 -1.2496E-07
 -1.2059E-07
 -1.2496E-07
  0.0000E+00
  0.0000E+00
 -2.2204E-16
  1.2496E-07
  1.2059E-07
  1.2496E-07
 -5.4127E-08
 -5.3171E-08
 -5.4127E-08
  0.0000E+00
 -1.1102E-16
 -2.2204E-16
  5.4127E-08
  5.3171E-08
  5.4127E-08
 -5.6134E-08
 -5.4385E-08
 -5.6134E-08
 -2.2204E-16
  0.0000E+00
 -2.2204E-16
  5.6134E-08
  5.4385E-08
  5.6134E-08
 -1.2337E-07
 -1.1909E-07
 -1.2337E-07
  0.0000E+00
  2.2204E-16
 -2.2204E-16
  1.2337E-07
  1.1909E-07
  1.2337E-07
 -2.4274E-07
 -2.3538E-07
 -2.4274E-07
  2.2204E-16
  6.6613E-16
 -5.5511E-16
  2.4274E-07
  2.3538E-07
  2.4274E-07
 -4.7207E-07
 -4.5762E-07
 -4.7207E-07
  2.2204E-16
 -2.2204E-16
 -4.4409E-16
  4.7207E-07
  4.5762E-07
  4.7207E-07
 -9.1510E-07
 -8.8709E-07
 -9.1510E-07
 -7.4115E-22
  2.2205E-16
 -1.5882E-22
  9.1510E-07
  8.8709E-07
  9.1510E-07
 -1.7725E-06
 -1.7182E-06
 -1.7725E-06
 -2.2205E-16
 -9.9919E-16
  2.2205E-16
  1.7725E-06
  1.7182E-06
  1.7725E-06
 -3.4325E-06
 -3.3274E-06
 -3.4325E-06
  4.4406E-16
  9.9914E-16
 -4.4409E-16
  3.4325E-06
  3.3274E-06
  3.4325E-06
 -6.6470E-06
 -6.4435E-06
 -6.6470E-06
  2.2205E-16
  1.1102E-16
  2.2205E-16
  6.6470E-06
  6.4435E-06
  6.6470E-06
 -1.2873E-05
 -1.2478E-05
 -1.2873E-05
  1.1103E-16
  5.5513E-16
 -1.3320E-15
  1.2873E-05
  1.2478E-05
  1.2873E-05
 -2.4931E-05
 -2.4166E-05
 -2.4931E-05
 -1.7759E-15
  0.0000E+00
 -4.4411E-16
  2.4931E-05
  2.4166E-05
  2.4931E-05
 -4.8306E-05
 -4.6832E-05
 -4.8306E-05
  3.3311E-16
 -2.2207E-16
 -3.3307E-16
  4.8306E-05
  4.6832E-05
  4.8306E-05
 -9.4000E-05
 -9.1096E-05
 -9.4000E-05
  1.2195E-15
 -4.4420E-16
  6.6631E-16
  9.4000E-05
  9.1096E-05
  9.4000E-05
 -1.7761E-04
 -1.7385E-04
 -1.7761E-04
  1.2179E-15
 -6.6645E-16
 -6.6667E-16
  1.7761E-04
  1.7385E-04
  1.7761E-04
 -3.6223E-04
 -3.1170E-04
 -3.6223E-04
  7.7789E-16
  2.2151E-15
 -3.7624E-15
  3.6223E-04
  3.1170E-04
  3.6223E-04
 -6.8858E-04
 -9.2416E-04
 -6.8858E-04
 -1.6526E-15
 -1.0973E-15
  5.5639E-16
  6.8858E-04
  9.2416E-04
  6.8858E-04
 -3.2913E-03
 -3.3040E-03
 -3.2913E-03
 -2.2470E-16
  6.6917E-16
 -3.5013E-15
  3.2913E-03
  3.3040E-03
  3.2913E-03
  1.3798E-02
  1.3872E-02
  1.3798E-02
  6.5399E-16
  3.9448E-15
  3.4955E-15
 -1.3798E-02
 -1.3872E-02
 -1.3798E-02
  4.6434E-02
  4.5576E-02
  4.6434E-02
  6.2840E-16
  2.1337E-16
  3.9508E-16
 -4.6434E-02
 -4.5576E-02
 -4.6434E-02
 -8.9114E-03
 -7.9687E-03
 -8.9114E-03
 -1.0769E-14
  8.0491E-16
  1.6306E-15
  8.9114E-03
  7.9687E-03
  8.9114E-03
