Scalar SIGMAXZ under NLDynamic for nodeset
189
   0.0000E+00
  0.0000E+00
  0.0000E+00
  0.0000E+00
  0.0000E+00
  0.0000E+00
  0.0000E+00
  0.0000E+00
  0.0000E+00
  0.0000E+00
  0.0000E+00
  0.0000E+00
  0.0000E+00
  0.0000E+00
  0.0000E+00
  0.0000E+00
  0.0000E+00
  0.0000E+00
  0.0000E+00
  0.0000E+00
  0.0000E+00
  0.0000E+00
  0.0000E+00
  0.0000E+00
  0.0000E+00
  0.0000E+00
  0.0000E+00
  0.0000E+00
  0.0000E+00
  0.0000E+00
  0.0000E+00
  0.0000E+00
  0.0000E+00
  0.0000E+00
  0.0000E+00
  0.0000E+00
  0.0000E+00
  0.0000E+00
  0.0000E+00
  0.0000E+00
  0.0000E+00
  0.0000E+00
  0.0000E+00
  0.0000E+00
  0.0000E+00
  0.0000E+00
  0.0000E+00
  0.0000E+00
  0.0000E+00
  0.0000E+00
  0.0000E+00
  0.0000E+00
  0.0000E+00
  0.0000E+00
  0.0000E+00
  0.0000E+00
  0.0000E+00
  0.0000E+00
  0.0000E+00
  0.0000E+00
  0.0000E+00
  0.0000E+00
  0.0000E+00
  0.0000E+00
  0.0000E+00
  0.0000E+00
  0.0000E+00
  0.0000E+00
  0.0000E+00
  0.0000E+00
  0.0000E+00
  0.0000E+00
  0.0000E+00
  0.0000E+00
  0.0000E+00
  0.0000E+00
  0.0000E+00
  0.0000E+00
  0.0000E+00
  0.0000E+00
  0.0000E+00
  0.0000E+00
  0.0000E+00
  0.0000E+00
  0.0000E+00
  0.0000E+00
  0.0000E+00
  0.0000E+00
  0.0000E+00
  0.0000E+00
  0.0000E+00
  0.0000E+00
  0.0000E+00
  0.0000E+00
  0.0000E+00
  0.0000E+00
  0.0000E+00
  0.0000E+00
  0.0000E+00
  0.0000E+00
  0.0000E+00
  0.0000E+00
  0.0000E+00
  0.0000E+00
  0.0000E+00
  0.0000E+00
  0.0000E+00
  0.0000E+00
  0.0000E+00
  0.0000E+00
  0.0000E+00
  0.0000E+00
  0.0000E+00
  0.0000E+00
  0.0000E+00
  0.0000E+00
  0.0000E+00
  0.0000E+00
  0.0000E+00
  0.0000E+00
  0.0000E+00
  0.0000E+00
  0.0000E+00
  0.0000E+00
  0.0000E+00
  0.0000E+00
  0.0000E+00
  0.0000E+00
  0.0000E+00
  0.0000E+00
  0.0000E+00
  0.0000E+00
  0.0000E+00
  0.0000E+00
  0.0000E+00
  0.0000E+00
  0.0000E+00
  0.0000E+00
  0.0000E+00
  0.0000E+00
  0.0000E+00
  0.0000E+00
  0.0000E+00
  0.0000E+00
  0.0000E+00
  0.0000E+00
  0.0000E+00
  0.0000E+00
  0.0000E+00
  0.0000E+00
  0.0000E+00
  0.0000E+00
  0.0000E+00
  0.0000E+00
  0.0000E+00
  0.0000E+00
  0.0000E+00
  0.0000E+00
  0.0000E+00
  0.0000E+00
  0.0000E+00
  0.0000E+00
  0.0000E+00
  0.0000E+00
  0.0000E+00
  0.0000E+00
  0.0000E+00
  0.0000E+00
  0.0000E+00
  0.0000E+00
  0.0000E+00
  0.0000E+00
  0.0000E+00
  0.0000E+00
  0.0000E+00
  0.0000E+00
  0.0000E+00
  0.0000E+00
  0.0000E+00
  0.0000E+00
  0.0000E+00
  0.0000E+00
  0.0000E+00
  0.0000E+00
  0.0000E+00
  0.0000E+00
  0.0000E+00
  0.0000E+00
  0.0000E+00
  0.0000E+00
   3.0000E+01
  3.6091E+01
  5.2396E+00
  3.6091E+01
 -6.2714E-04
  6.0876E-05
 -6.5372E-04
 -3.6093E+01
 -5.2411E+00
 -3.6093E+01
 -1.0620E+02
  7.4149E+01
 -1.0620E+02
 -1.1257E-04
 -7.7263E-04
 -3.8325E-04
  1.0620E+02
 -7.4152E+01
  1.0620E+02
  4.6502E+01
 -4.7339E+01
  4.6503E+01
  3.8515E-03
  4.8242E-03
  4.9356E-03
 -4.6492E+01
  4.7355E+01
 -4.6492E+01
  9.5783E+01
 -1.0872E+02
  9.5789E+01
 -1.0301E-02
 -1.0152E-02
 -1.2948E-02
 -9.5792E+01
  1.0870E+02
 -9.5800E+01
 -9.1108E+01
 -1.2399E+02
 -9.1128E+01
  5.6793E-03
  2.9741E-03
  1.3300E-02
  9.1034E+01
  1.2396E+02
  9.1048E+01
 -5.0754E+01
 -8.3348E+01
 -5.0818E+01
  1.2560E-02
  4.1815E-02
 -1.2894E-03
  5.0712E+01
  8.3393E+01
  5.0779E+01
  1.0445E+02
 -1.9147E+02
  1.0506E+02
  2.6737E-01
  4.8723E-02
  3.3389E-01
 -1.0214E+02
  1.9168E+02
 -1.0249E+02
 -2.1620E+02
  9.9969E+02
 -2.1728E+02
 -2.1633E+00
 -1.3723E+00
 -2.4625E+00
  2.1122E+02
 -9.9893E+02
  2.1170E+02
  5.1459E+02
 -2.8762E+02
  5.1713E+02
  3.9023E+00
  8.3834E-02
  4.1552E+00
 -5.1423E+02
  2.8928E+02
 -5.1434E+02
 -7.1787E+02
  2.3238E+02
 -7.2246E+02
  1.3362E+01
  1.7097E+01
  1.3290E+01
  7.4676E+02
 -2.1724E+02
  7.4714E+02
  1.7275E+02
 -4.0802E+02
  1.8247E+02
  8.0694E+00
 -3.1639E+01
 -5.1598E-01
 -1.6981E+02
  4.3751E+02
 -1.7718E+02
  1.1835E+03
 -7.7244E+02
  1.2596E+03
 -1.4583E+01
 -1.0509E+02
 -2.1441E+01
 -1.2596E+03
  6.8256E+02
 -1.3501E+03
 -3.9214E+02
  4.7167E+02
 -4.7816E+02
 -1.6772E+00
  5.5813E+01
  1.2437E+01
  3.9523E+02
 -5.3261E+02
  4.8637E+02
  5.1245E+02
 -2.7514E+02
  6.6226E+02
  2.4614E+01
  1.4918E+02
  8.5227E+01
 -2.4044E+02
  3.1136E+02
 -3.8011E+02
 -2.6691E+02
  6.2852E+02
  1.9066E+02
 -5.1090E+01
  1.3169E+02
  8.2129E+01
 -7.0950E+02
  4.5352E+02
 -6.6235E+02
 -1.0148E+02
 -6.8010E+02
  7.9413E+02
 -2.0374E+02
  1.4994E+02
 -1.1709E+01
 -1.1587E+02
  5.5378E+02
  1.1888E+02
  2.4530E+02
 -3.2536E+02
 -2.9394E+02
  1.9595E+02
 -1.0887E+02
  2.7513E+02
  5.6671E+02
 -2.5284E+02
  4.8659E+02
  3.8861E+02
 -1.2315E+03
 -4.7697E+02
  8.2711E+01
 -3.1104E+02
 -9.5329E+01
  2.1830E+02
  5.0146E+02
  3.4049E+02
 -2.7815E+02
  1.0608E+02
 -6.5319E+02
  4.1545E+02
 -7.7614E+01
 -2.2548E+02
  4.3699E+02
 -3.8813E+02
  3.4530E+02
  2.1871E+02
 -1.2383E+02
  3.3321E+02
  4.5683E+01
 -1.6485E+01
  9.7048E+01
 -1.0358E+02
  7.1526E+02
 -7.2261E+02
 -8.0721E+02
 -9.2694E+02
 -7.2577E+02
  1.3051E+02
 -2.8041E+02
 -2.1012E+02
  1.7354E+03
  5.5543E+02
  1.0228E+03
