Scalar STRAINXX under NLDynamic for nodeset
189
   0.0000E+00
  0.0000E+00
  0.0000E+00
  0.0000E+00
  0.0000E+00
  0.0000E+00
  0.0000E+00
  0.0000E+00
  0.0000E+00
  0.0000E+00
  0.0000E+00
  0.0000E+00
  0.0000E+00
  0.0000E+00
  0.0000E+00
  0.0000E+00
  0.0000E+00
  0.0000E+00
  0.0000E+00
  0.0000E+00
  0.0000E+00
  0.0000E+00
  0.0000E+00
  0.0000E+00
  0.0000E+00
  0.0000E+00
  0.0000E+00
  0.0000E+00
  0.0000E+00
  0.0000E+00
  0.0000E+00
  0.0000E+00
  0.0000E+00
  0.0000E+00
  0.0000E+00
  0.0000E+00
  0.0000E+00
  0.0000E+00
  0.0000E+00
  0.0000E+00
  0.0000E+00
  0.0000E+00
  0.0000E+00
  0.0000E+00
  0.0000E+00
  0.0000E+00
  0.0000E+00
  0.0000E+00
  0.0000E+00
  0.0000E+00
  0.0000E+00
  0.0000E+00
  0.0000E+00
  0.0000E+00
  0.0000E+00
  0.0000E+00
  0.0000E+00
  0.0000E+00
  0.0000E+00
  0.0000E+00
  0.0000E+00
  0.0000E+00
  0.0000E+00
  0.0000E+00
  0.0000E+00
  0.0000E+00
  0.0000E+00
  0.0000E+00
  0.0000E+00
  0.0000E+00
  0.0000E+00
  0.0000E+00
  0.0000E+00
  0.0000E+00
  0.0000E+00
  0.0000E+00
  0.0000E+00
  0.0000E+00
  0.0000E+00
  0.0000E+00
  0.0000E+00
  0.0000E+00
  0.0000E+00
  0.0000E+00
  0.0000E+00
  0.0000E+00
  0.0000E+00
  0.0000E+00
  0.0000E+00
  0.0000E+00
  0.0000E+00
  0.0000E+00
  0.0000E+00
  0.0000E+00
  0.0000E+00
  0.0000E+00
  0.0000E+00
  0.0000E+00
  0.0000E+00
  0.0000E+00
  0.0000E+00
  0.0000E+00
  0.0000E+00
  0.0000E+00
  0.0000E+00
  0.0000E+00
  0.0000E+00
  0.0000E+00
  0.0000E+00
  0.0000E+00
  0.0000E+00
  0.0000E+00
  0.0000E+00
  0.0000E+00
  0.0000E+00
  0.0000E+00
  0.0000E+00
  0.0000E+00
  0.0000E+00
  0.0000E+00
  0.0000E+00
  0.0000E+00
  0.0000E+00
  0.0000E+00
  0.0000E+00
  0.0000E+00
  0.0000E+00
  0.0000E+00
  0.0000E+00
  0.0000E+00
  0.0000E+00
  0.0000E+00
  0.0000E+00
  0.0000E+00
  0.0000E+00
  0.0000E+00
  0.0000E+00
  0.0000E+00
  0.0000E+00
  0.0000E+00
  0.0000E+00
  0.0000E+00
  0.0000E+00
  0.0000E+00
  0.0000E+00
  0.0000E+00
  0.0000E+00
  0.0000E+00
  0.0000E+00
  0.0000E+00
  0.0000E+00
  0.0000E+00
  0.0000E+00
  0.0000E+00
  0.0000E+00
  0.0000E+00
  0.0000E+00
  0.0000E+00
  0.0000E+00
  0.0000E+00
  0.0000E+00
  0.0000E+00
  0.0000E+00
  0.0000E+00
  0.0000E+00
  0.0000E+00
  0.0000E+00
  0.0000E+00
  0.0000E+00
  0.0000E+00
  0.0000E+00
  0.0000E+00
  0.0000E+00
  0.0000E+00
  0.0000E+00
  0.0000E+00
  0.0000E+00
  0.0000E+00
  0.0000E+00
  0.0000E+00
  0.0000E+00
  0.0000E+00
  0.0000E+00
  0.0000E+00
  0.0000E+00
  0.0000E+00
  0.0000E+00
  0.0000E+00
  0.0000E+00
  0.0000E+00
   3.0000E+02
  0.0000E+00
  0.0000E+00
  0.0000E+00
  0.0000E+00
  0.0000E+00
  0.0000E+00
  0.0000E+00
  0.0000E+00
  0.0000E+00
 -1.9639E-01
 -1.9317E-01
 -1.9639E-01
 -1.9639E-01
 -1.9317E-01
 -1.9639E-01
 -1.9639E-01
 -1.9317E-01
 -1.9639E-01
 -2.0166E-01
 -2.0493E-01
 -2.0166E-01
 -2.0166E-01
 -2.0493E-01
 -2.0166E-01
 -2.0166E-01
 -2.0493E-01
 -2.0166E-01
 -2.0205E-01
 -2.0218E-01
 -2.0205E-01
 -2.0205E-01
 -2.0218E-01
 -2.0205E-01
 -2.0205E-01
 -2.0218E-01
 -2.0205E-01
 -2.0187E-01
 -2.0185E-01
 -2.0187E-01
 -2.0187E-01
 -2.0185E-01
 -2.0187E-01
 -2.0187E-01
 -2.0185E-01
 -2.0187E-01
 -2.0197E-01
 -2.0197E-01
 -2.0197E-01
 -2.0197E-01
 -2.0197E-01
 -2.0197E-01
 -2.0197E-01
 -2.0197E-01
 -2.0197E-01
 -2.0215E-01
 -2.0215E-01
 -2.0215E-01
 -2.0215E-01
 -2.0215E-01
 -2.0215E-01
 -2.0215E-01
 -2.0215E-01
 -2.0215E-01
 -2.0236E-01
 -2.0236E-01
 -2.0236E-01
 -2.0236E-01
 -2.0236E-01
 -2.0236E-01
 -2.0236E-01
 -2.0236E-01
 -2.0236E-01
 -2.0260E-01
 -2.0260E-01
 -2.0260E-01
 -2.0260E-01
 -2.0260E-01
 -2.0260E-01
 -2.0260E-01
 -2.0260E-01
 -2.0260E-01
 -2.0288E-01
 -2.0288E-01
 -2.0288E-01
 -2.0288E-01
 -2.0288E-01
 -2.0288E-01
 -2.0288E-01
 -2.0288E-01
 -2.0288E-01
 -2.0319E-01
 -2.0318E-01
 -2.0319E-01
 -2.0319E-01
 -2.0318E-01
 -2.0319E-01
 -2.0319E-01
 -2.0318E-01
 -2.0319E-01
 -2.0352E-01
 -2.0352E-01
 -2.0352E-01
 -2.0352E-01
 -2.0352E-01
 -2.0352E-01
 -2.0352E-01
 -2.0352E-01
 -2.0352E-01
 -2.0390E-01
 -2.0389E-01
 -2.0390E-01
 -2.0390E-01
 -2.0389E-01
 -2.0390E-01
 -2.0390E-01
 -2.0389E-01
 -2.0390E-01
 -2.0430E-01
 -2.0430E-01
 -2.0430E-01
 -2.0430E-01
 -2.0430E-01
 -2.0430E-01
 -2.0430E-01
 -2.0430E-01
 -2.0430E-01
 -2.0473E-01
 -2.0473E-01
 -2.0473E-01
 -2.0473E-01
 -2.0473E-01
 -2.0473E-01
 -2.0473E-01
 -2.0473E-01
 -2.0473E-01
 -2.0520E-01
 -2.0520E-01
 -2.0520E-01
 -2.0520E-01
 -2.0520E-01
 -2.0520E-01
 -2.0520E-01
 -2.0520E-01
 -2.0520E-01
 -2.0570E-01
 -2.0570E-01
 -2.0570E-01
 -2.0570E-01
 -2.0570E-01
 -2.0570E-01
 -2.0570E-01
 -2.0570E-01
 -2.0570E-01
 -2.0623E-01
 -2.0623E-01
 -2.0623E-01
 -2.0623E-01
 -2.0623E-01
 -2.0623E-01
 -2.0623E-01
 -2.0623E-01
 -2.0623E-01
 -2.0679E-01
 -2.0679E-01
 -2.0679E-01
 -2.0679E-01
 -2.0679E-01
 -2.0679E-01
 -2.0679E-01
 -2.0679E-01
 -2.0679E-01
 -2.0737E-01
 -2.0738E-01
 -2.0737E-01
 -2.0737E-01
 -2.0738E-01
 -2.0737E-01
 -2.0737E-01
 -2.0738E-01
 -2.0737E-01
 -2.0770E-01
 -2.0771E-01
 -2.0770E-01
 -2.0770E-01
 -2.0771E-01
 -2.0770E-01
 -2.0770E-01
 -2.0771E-01
 -2.0770E-01
