Scalar STRAINXX under NLDynamic for nodeset
189
   0.0000E+00
  0.0000E+00
  0.0000E+00
  0.0000E+00
  0.0000E+00
  0.0000E+00
  0.0000E+00
  0.0000E+00
  0.0000E+00
  0.0000E+00
  0.0000E+00
  0.0000E+00
  0.0000E+00
  0.0000E+00
  0.0000E+00
  0.0000E+00
  0.0000E+00
  0.0000E+00
  0.0000E+00
  0.0000E+00
  0.0000E+00
  0.0000E+00
  0.0000E+00
  0.0000E+00
  0.0000E+00
  0.0000E+00
  0.0000E+00
  0.0000E+00
  0.0000E+00
  0.0000E+00
  0.0000E+00
  0.0000E+00
  0.0000E+00
  0.0000E+00
  0.0000E+00
  0.0000E+00
  0.0000E+00
  0.0000E+00
  0.0000E+00
  0.0000E+00
  0.0000E+00
  0.0000E+00
  0.0000E+00
  0.0000E+00
  0.0000E+00
  0.0000E+00
  0.0000E+00
  0.0000E+00
  0.0000E+00
  0.0000E+00
  0.0000E+00
  0.0000E+00
  0.0000E+00
  0.0000E+00
  0.0000E+00
  0.0000E+00
  0.0000E+00
  0.0000E+00
  0.0000E+00
  0.0000E+00
  0.0000E+00
  0.0000E+00
  0.0000E+00
  0.0000E+00
  0.0000E+00
  0.0000E+00
  0.0000E+00
  0.0000E+00
  0.0000E+00
  0.0000E+00
  0.0000E+00
  0.0000E+00
  0.0000E+00
  0.0000E+00
  0.0000E+00
  0.0000E+00
  0.0000E+00
  0.0000E+00
  0.0000E+00
  0.0000E+00
  0.0000E+00
  0.0000E+00
  0.0000E+00
  0.0000E+00
  0.0000E+00
  0.0000E+00
  0.0000E+00
  0.0000E+00
  0.0000E+00
  0.0000E+00
  0.0000E+00
  0.0000E+00
  0.0000E+00
  0.0000E+00
  0.0000E+00
  0.0000E+00
  0.0000E+00
  0.0000E+00
  0.0000E+00
  0.0000E+00
  0.0000E+00
  0.0000E+00
  0.0000E+00
  0.0000E+00
  0.0000E+00
  0.0000E+00
  0.0000E+00
  0.0000E+00
  0.0000E+00
  0.0000E+00
  0.0000E+00
  0.0000E+00
  0.0000E+00
  0.0000E+00
  0.0000E+00
  0.0000E+00
  0.0000E+00
  0.0000E+00
  0.0000E+00
  0.0000E+00
  0.0000E+00
  0.0000E+00
  0.0000E+00
  0.0000E+00
  0.0000E+00
  0.0000E+00
  0.0000E+00
  0.0000E+00
  0.0000E+00
  0.0000E+00
  0.0000E+00
  0.0000E+00
  0.0000E+00
  0.0000E+00
  0.0000E+00
  0.0000E+00
  0.0000E+00
  0.0000E+00
  0.0000E+00
  0.0000E+00
  0.0000E+00
  0.0000E+00
  0.0000E+00
  0.0000E+00
  0.0000E+00
  0.0000E+00
  0.0000E+00
  0.0000E+00
  0.0000E+00
  0.0000E+00
  0.0000E+00
  0.0000E+00
  0.0000E+00
  0.0000E+00
  0.0000E+00
  0.0000E+00
  0.0000E+00
  0.0000E+00
  0.0000E+00
  0.0000E+00
  0.0000E+00
  0.0000E+00
  0.0000E+00
  0.0000E+00
  0.0000E+00
  0.0000E+00
  0.0000E+00
  0.0000E+00
  0.0000E+00
  0.0000E+00
  0.0000E+00
  0.0000E+00
  0.0000E+00
  0.0000E+00
  0.0000E+00
  0.0000E+00
  0.0000E+00
  0.0000E+00
  0.0000E+00
  0.0000E+00
  0.0000E+00
  0.0000E+00
  0.0000E+00
  0.0000E+00
  0.0000E+00
  0.0000E+00
  0.0000E+00
  0.0000E+00
  0.0000E+00
  0.0000E+00
   3.0000E+01
  0.0000E+00
  0.0000E+00
  0.0000E+00
  0.0000E+00
  0.0000E+00
  0.0000E+00
  0.0000E+00
  0.0000E+00
  0.0000E+00
 -3.2395E-02
 -5.8548E-03
 -3.2189E-02
 -3.2330E-02
 -5.8361E-03
 -3.2184E-02
 -3.2265E-02
 -5.8175E-03
 -3.2179E-02
 -8.1542E-03
 -1.1342E-01
 -8.4624E-03
 -8.1298E-03
 -1.1328E-01
 -8.3474E-03
 -8.1055E-03
 -1.1314E-01
 -8.2323E-03
 -6.4182E-02
  7.2890E-03
 -6.3816E-02
 -6.4204E-02
  6.8976E-03
 -6.3910E-02
 -6.4225E-02
  6.5061E-03
 -6.4005E-02
  3.2796E-02
  7.0313E-02
  3.3926E-02
  3.2567E-02
  7.0181E-02
  3.3669E-02
  3.2338E-02
  7.0050E-02
  3.3412E-02
  1.9464E-01
  7.4306E-02
  1.9114E-01
  1.9800E-01
  7.7078E-02
  1.9460E-01
  2.0136E-01
  7.9850E-02
  1.9806E-01
  1.2971E-01
  4.2079E-01
  1.3167E-01
  1.2674E-01
  4.1356E-01
  1.3175E-01
  1.2377E-01
  4.0634E-01
  1.3184E-01
  2.4424E-01
  2.7299E-02
  2.0680E-01
  2.3201E-01
  2.1817E-02
  2.0455E-01
  2.1979E-01
  1.6335E-02
  2.0229E-01
 -1.0945E-01
 -4.4218E-01
 -1.0267E-01
 -5.4347E-02
 -4.4712E-01
 -1.0375E-01
  7.5973E-04
 -4.5206E-01
 -1.0483E-01
 -2.2738E-01
 -2.0315E-01
 -1.5984E-01
 -2.3289E-01
 -1.6218E-01
 -2.1852E-01
 -2.3839E-01
 -1.2122E-01
 -2.7720E-01
 -2.6027E-01
 -1.2117E-01
 -2.1714E-01
 -2.0339E-01
 -1.0027E-02
 -2.4849E-01
 -1.4651E-01
  1.0111E-01
 -2.7984E-01
  1.7079E+00
  9.5897E-01
  1.7853E+00
  1.6785E+00
  7.4251E-01
  1.5309E+00
  1.6491E+00
  5.2605E-01
  1.2765E+00
 -1.2605E-03
 -2.0207E-01
  4.1816E-02
 -5.8063E-02
  2.0436E-01
  2.0447E-02
 -1.1486E-01
  6.1079E-01
 -9.2282E-04
 -1.5722E-01
  8.0382E-02
 -2.5791E-01
 -1.9363E-02
 -7.8748E-02
  2.0957E-02
  1.1849E-01
 -2.3788E-01
  2.9982E-01
  9.4665E-01
  8.9890E-01
 -8.5755E-02
  5.1261E-01
  7.4720E-01
  2.0969E-01
  7.8577E-02
  5.9550E-01
  5.0514E-01
  7.7747E-01
  7.5505E-01
 -8.4282E-03
  1.3137E+00
  5.4799E-01
 -9.4514E-02
  1.8499E+00
  3.4093E-01
 -1.8060E-01
  2.3748E-02
  3.2829E-01
  9.9879E-02
  2.0330E-03
  2.0117E-01
  2.4347E-01
 -1.9682E-02
  7.4046E-02
  3.8707E-01
 -3.2647E-01
 -9.9219E-02
 -4.3325E-02
 -2.8650E-01
 -1.7294E-01
 -7.3901E-02
 -2.4653E-01
 -2.4666E-01
 -1.0448E-01
  1.3386E+00
  6.5368E-01
  4.7899E-01
  1.0773E+00
  6.2933E-01
  9.5509E-01
  8.1601E-01
  6.0497E-01
  1.4312E+00
 -4.1742E-01
  8.2579E-03
  1.5810E-01
  3.2695E-02
 -1.9633E-02
  1.4122E-01
  4.8281E-01
 -4.7524E-02
  1.2434E-01
 -1.6558E-01
 -3.6488E-01
  4.4533E-01
 -5.4041E-02
 -4.2348E-01
  2.8064E-01
  5.7496E-02
 -4.8208E-01
  1.1595E-01
