Scalar STRAINXZ under NLDynamic for nodeset
189
   0.0000E+00
  0.0000E+00
  0.0000E+00
  0.0000E+00
  0.0000E+00
  0.0000E+00
  0.0000E+00
  0.0000E+00
  0.0000E+00
  0.0000E+00
  0.0000E+00
  0.0000E+00
  0.0000E+00
  0.0000E+00
  0.0000E+00
  0.0000E+00
  0.0000E+00
  0.0000E+00
  0.0000E+00
  0.0000E+00
  0.0000E+00
  0.0000E+00
  0.0000E+00
  0.0000E+00
  0.0000E+00
  0.0000E+00
  0.0000E+00
  0.0000E+00
  0.0000E+00
  0.0000E+00
  0.0000E+00
  0.0000E+00
  0.0000E+00
  0.0000E+00
  0.0000E+00
  0.0000E+00
  0.0000E+00
  0.0000E+00
  0.0000E+00
  0.0000E+00
  0.0000E+00
  0.0000E+00
  0.0000E+00
  0.0000E+00
  0.0000E+00
  0.0000E+00
  0.0000E+00
  0.0000E+00
  0.0000E+00
  0.0000E+00
  0.0000E+00
  0.0000E+00
  0.0000E+00
  0.0000E+00
  0.0000E+00
  0.0000E+00
  0.0000E+00
  0.0000E+00
  0.0000E+00
  0.0000E+00
  0.0000E+00
  0.0000E+00
  0.0000E+00
  0.0000E+00
  0.0000E+00
  0.0000E+00
  0.0000E+00
  0.0000E+00
  0.0000E+00
  0.0000E+00
  0.0000E+00
  0.0000E+00
  0.0000E+00
  0.0000E+00
  0.0000E+00
  0.0000E+00
  0.0000E+00
  0.0000E+00
  0.0000E+00
  0.0000E+00
  0.0000E+00
  0.0000E+00
  0.0000E+00
  0.0000E+00
  0.0000E+00
  0.0000E+00
  0.0000E+00
  0.0000E+00
  0.0000E+00
  0.0000E+00
  0.0000E+00
  0.0000E+00
  0.0000E+00
  0.0000E+00
  0.0000E+00
  0.0000E+00
  0.0000E+00
  0.0000E+00
  0.0000E+00
  0.0000E+00
  0.0000E+00
  0.0000E+00
  0.0000E+00
  0.0000E+00
  0.0000E+00
  0.0000E+00
  0.0000E+00
  0.0000E+00
  0.0000E+00
  0.0000E+00
  0.0000E+00
  0.0000E+00
  0.0000E+00
  0.0000E+00
  0.0000E+00
  0.0000E+00
  0.0000E+00
  0.0000E+00
  0.0000E+00
  0.0000E+00
  0.0000E+00
  0.0000E+00
  0.0000E+00
  0.0000E+00
  0.0000E+00
  0.0000E+00
  0.0000E+00
  0.0000E+00
  0.0000E+00
  0.0000E+00
  0.0000E+00
  0.0000E+00
  0.0000E+00
  0.0000E+00
  0.0000E+00
  0.0000E+00
  0.0000E+00
  0.0000E+00
  0.0000E+00
  0.0000E+00
  0.0000E+00
  0.0000E+00
  0.0000E+00
  0.0000E+00
  0.0000E+00
  0.0000E+00
  0.0000E+00
  0.0000E+00
  0.0000E+00
  0.0000E+00
  0.0000E+00
  0.0000E+00
  0.0000E+00
  0.0000E+00
  0.0000E+00
  0.0000E+00
  0.0000E+00
  0.0000E+00
  0.0000E+00
  0.0000E+00
  0.0000E+00
  0.0000E+00
  0.0000E+00
  0.0000E+00
  0.0000E+00
  0.0000E+00
  0.0000E+00
  0.0000E+00
  0.0000E+00
  0.0000E+00
  0.0000E+00
  0.0000E+00
  0.0000E+00
  0.0000E+00
  0.0000E+00
  0.0000E+00
  0.0000E+00
  0.0000E+00
  0.0000E+00
  0.0000E+00
  0.0000E+00
  0.0000E+00
  0.0000E+00
  0.0000E+00
  0.0000E+00
  0.0000E+00
  0.0000E+00
  0.0000E+00
  0.0000E+00
  0.0000E+00
   3.0000E+01
  4.5535E-02
  6.4580E-03
  4.5534E-02
 -2.4898E-07
  5.0137E-08
 -1.9616E-07
 -4.5535E-02
 -6.4586E-03
 -4.5535E-02
 -1.3496E-01
  9.4685E-02
 -1.3496E-01
 -4.0149E-07
 -4.4347E-07
 -2.1269E-07
  1.3496E-01
 -9.4686E-02
  1.3496E-01
  5.9900E-02
 -5.9729E-02
  5.9898E-02
  2.6613E-06
  2.2085E-06
  1.8599E-06
 -5.9895E-02
  5.9736E-02
 -5.9894E-02
  1.2103E-01
 -1.3720E-01
  1.2100E-01
 -7.1829E-06
 -4.7675E-06
 -5.3731E-06
 -1.2104E-01
  1.3720E-01
 -1.2101E-01
 -1.1560E-01
 -1.5696E-01
 -1.1552E-01
  1.1159E-05
  3.0197E-06
  5.8697E-06
  1.1556E-01
  1.5694E-01
  1.1549E-01
 -6.4145E-02
 -1.0581E-01
 -6.3982E-02
 -9.8797E-06
  1.9183E-05
  2.3613E-06
  6.4142E-02
  1.0585E-01
  6.3988E-02
  1.3749E-01
 -2.4426E-01
  1.3540E-01
  1.4540E-04
 -4.0841E-05
  5.6861E-05
 -1.3628E-01
  2.4425E-01
 -1.3452E-01
 -2.6705E-01
  1.2752E+00
 -2.6386E-01
 -1.1604E-03
 -6.8571E-04
 -7.7310E-04
  2.6450E-01
 -1.2751E+00
  2.6191E-01
  6.7133E-01
 -4.2102E-01
  6.6473E-01
  2.7572E-03
  5.8728E-04
  2.3432E-03
 -6.6730E-01
  4.2285E-01
 -6.6236E-01
 -9.8789E-01
  3.1075E-01
 -9.8800E-01
  4.7876E-03
  5.5229E-03
  4.3315E-03
  9.9424E-01
 -3.0377E-01
  9.9656E-01
  2.2987E-01
 -5.1181E-01
  2.1950E-01
 -5.3023E-03
 -1.1417E-02
  2.0599E-03
 -2.3278E-01
  5.2591E-01
 -2.2166E-01
  1.6237E+00
 -9.5359E-01
  1.5615E+00
 -1.1774E-02
 -6.3053E-02
 -6.9782E-03
 -1.6305E+00
  9.1584E-01
 -1.5883E+00
 -6.5568E-01
  6.1686E-01
 -6.5385E-01
  9.3848E-03
  2.0243E-02
 -2.7579E-03
  5.8698E-01
 -5.3853E-01
  6.5641E-01
  7.3503E-01
 -1.5448E-01
  4.6819E-01
  2.9512E-02
  2.7684E-01
 -9.0652E-03
 -5.7087E-01
  1.2837E-01
 -4.1254E-01
 -2.4394E-01
  1.1197E+00
 -1.8633E-01
 -4.8529E-03
 -2.1373E-02
 -1.1393E-01
 -4.1021E-01
  4.0381E-01
 -4.5610E-01
  4.9772E-01
 -1.3373E+00
  5.8237E-01
 -5.3346E-02
  1.5245E-01
 -1.5410E-01
  2.9793E-01
  8.8019E-01
 -1.3025E+00
 -3.2045E-01
 -1.5918E-01
 -1.6238E-01
  1.6779E-02
  1.0071E-03
  2.2516E-02
  2.6210E-01
 -2.8994E-01
  9.0104E-01
 -5.1716E-01
 -9.8566E-01
  7.3288E-02
 -2.3477E-01
 -1.0945E-01
  2.1698E-01
 -8.7508E-01
  3.2397E-01
  3.9179E-01
 -6.2949E-01
 -1.2547E-01
 -1.6327E-02
 -5.0347E-01
 -1.4901E-01
  3.3282E-01
  7.2639E-01
  3.0136E-01
  9.3594E-01
  9.4596E-02
 -3.1754E-01
  1.1767E-01
 -2.0962E-02
 -2.6679E-01
  4.5172E-01
 -3.0434E-01
  1.2560E-01
 -2.1537E-01
 -2.4874E-01
 -1.1208E+00
 -2.2697E-01
 -5.0393E-01
 -4.3983E-01
 -4.8098E-01
 -2.6209E-01
  9.1135E-01
  2.8384E+00
