Scalar SIGMAXX under NLDynamic for nodeset
189
   0.0000E+00
  0.0000E+00
  0.0000E+00
  0.0000E+00
  0.0000E+00
  0.0000E+00
  0.0000E+00
  0.0000E+00
  0.0000E+00
  0.0000E+00
  0.0000E+00
  0.0000E+00
  0.0000E+00
  0.0000E+00
  0.0000E+00
  0.0000E+00
  0.0000E+00
  0.0000E+00
  0.0000E+00
  0.0000E+00
  0.0000E+00
  0.0000E+00
  0.0000E+00
  0.0000E+00
  0.0000E+00
  0.0000E+00
  0.0000E+00
  0.0000E+00
  0.0000E+00
  0.0000E+00
  0.0000E+00
  0.0000E+00
  0.0000E+00
  0.0000E+00
  0.0000E+00
  0.0000E+00
  0.0000E+00
  0.0000E+00
  0.0000E+00
  0.0000E+00
  0.0000E+00
  0.0000E+00
  0.0000E+00
  0.0000E+00
  0.0000E+00
  0.0000E+00
  0.0000E+00
  0.0000E+00
  0.0000E+00
  0.0000E+00
  0.0000E+00
  0.0000E+00
  0.0000E+00
  0.0000E+00
  0.0000E+00
  0.0000E+00
  0.0000E+00
  0.0000E+00
  0.0000E+00
  0.0000E+00
  0.0000E+00
  0.0000E+00
  0.0000E+00
  0.0000E+00
  0.0000E+00
  0.0000E+00
  0.0000E+00
  0.0000E+00
  0.0000E+00
  0.0000E+00
  0.0000E+00
  0.0000E+00
  0.0000E+00
  0.0000E+00
  0.0000E+00
  0.0000E+00
  0.0000E+00
  0.0000E+00
  0.0000E+00
  0.0000E+00
  0.0000E+00
  0.0000E+00
  0.0000E+00
  0.0000E+00
  0.0000E+00
  0.0000E+00
  0.0000E+00
  0.0000E+00
  0.0000E+00
  0.0000E+00
  0.0000E+00
  0.0000E+00
  0.0000E+00
  0.0000E+00
  0.0000E+00
  0.0000E+00
  0.0000E+00
  0.0000E+00
  0.0000E+00
  0.0000E+00
  0.0000E+00
  0.0000E+00
  0.0000E+00
  0.0000E+00
  0.0000E+00
  0.0000E+00
  0.0000E+00
  0.0000E+00
  0.0000E+00
  0.0000E+00
  0.0000E+00
  0.0000E+00
  0.0000E+00
  0.0000E+00
  0.0000E+00
  0.0000E+00
  0.0000E+00
  0.0000E+00
  0.0000E+00
  0.0000E+00
  0.0000E+00
  0.0000E+00
  0.0000E+00
  0.0000E+00
  0.0000E+00
  0.0000E+00
  0.0000E+00
  0.0000E+00
  0.0000E+00
  0.0000E+00
  0.0000E+00
  0.0000E+00
  0.0000E+00
  0.0000E+00
  0.0000E+00
  0.0000E+00
  0.0000E+00
  0.0000E+00
  0.0000E+00
  0.0000E+00
  0.0000E+00
  0.0000E+00
  0.0000E+00
  0.0000E+00
  0.0000E+00
  0.0000E+00
  0.0000E+00
  0.0000E+00
  0.0000E+00
  0.0000E+00
  0.0000E+00
  0.0000E+00
  0.0000E+00
  0.0000E+00
  0.0000E+00
  0.0000E+00
  0.0000E+00
  0.0000E+00
  0.0000E+00
  0.0000E+00
  0.0000E+00
  0.0000E+00
  0.0000E+00
  0.0000E+00
  0.0000E+00
  0.0000E+00
  0.0000E+00
  0.0000E+00
  0.0000E+00
  0.0000E+00
  0.0000E+00
  0.0000E+00
  0.0000E+00
  0.0000E+00
  0.0000E+00
  0.0000E+00
  0.0000E+00
  0.0000E+00
  0.0000E+00
  0.0000E+00
  0.0000E+00
  0.0000E+00
  0.0000E+00
  0.0000E+00
  0.0000E+00
  0.0000E+00
  0.0000E+00
  0.0000E+00
  0.0000E+00
  0.0000E+00
   3.0000E+01
  2.1937E+04
  1.6441E+04
  2.2691E+04
  1.7142E+04
  1.8753E+04
  2.1623E+04
  2.0784E+04
  1.6136E+04
  2.6766E+04
  6.4277E+04
  2.1353E+04
  3.5934E+04
  2.6807E+04
  2.7209E+04
  2.1568E+04
  3.3907E+04
  3.5669E+04
  2.6191E+04
  2.9040E+05
  1.0329E+05
  4.8868E+04
  1.1088E+05
  7.5221E+04
  6.9516E+04
  5.7506E+04
  2.4070E+04
  2.6930E+04
  2.0988E+08
  2.2468E+05
  3.5016E+04
  1.0627E+08
  6.2765E+05
  1.4467E+05
  9.3071E+05
  1.0468E+05
  5.1497E+04
  3.6939E+09
  2.2653E+08
  4.1220E+05
  2.1821E+09
  1.2182E+08
  1.3584E+06
  5.4277E+08
  1.5681E+06
  1.9914E+05
  2.6129E+08
  7.3631E+06
  2.6468E+06
  2.3614E+08
  1.3735E+07
  8.0600E+05
  4.7619E+07
  1.2520E+06
  5.0433E+05
  1.5724E+05
  7.3825E+05
  1.7505E+05
  1.2141E+07
  8.2851E+04
  4.0171E+05
  3.5799E+05
  3.3847E+05
  1.1520E+06
  4.3794E+04
  2.2997E+05
  1.1227E+06
  1.4550E+05
  7.3784E+05
  2.9025E+06
  9.1126E+04
  1.4173E+06
  5.3334E+06
  2.1777E+05
  3.9288E+05
  1.1371E+06
  3.9928E+06
  3.0952E+06
  1.8071E+06
  3.8529E+06
  1.3684E+06
  4.3540E+06
  2.1298E+07
  1.1908E+07
  1.0875E+06
  5.9691E+07
  2.3408E+07
  6.3857E+06
  5.2132E+07
  1.0747E+07
  2.1489E+06
  5.9769E+06
  1.9298E+07
  1.6245E+07
  9.5518E+06
  1.2266E+07
  2.1404E+07
  1.0584E+07
  7.7409E+06
  9.4361E+06
  1.6917E+06
  5.7350E+06
  3.9705E+06
  2.2582E+06
  1.1659E+06
  3.0259E+06
  1.9422E+06
  1.1508E+06
  3.7880E+05
  5.9087E+05
  5.7317E+04
  1.2938E+06
  1.3256E+06
  1.8276E+06
  1.3985E+06
  4.2794E+06
  6.6144E+06
  2.9344E+06
  2.1204E+04
  2.4290E+04
  5.3431E+04
  4.6498E+04
  2.6874E+04
  3.1157E+05
  3.0351E+05
  5.2557E+05
  3.1876E+05
  1.9302E+05
  3.0628E+05
  3.0642E+06
  1.7232E+05
  2.1485E+05
  3.0720E+05
  1.6962E+05
  1.6290E+05
  6.3130E+05
  1.5619E+06
  5.9369E+06
  3.1280E+07
  1.0405E+06
  9.8283E+05
  7.5589E+06
  8.8151E+05
  1.0662E+06
  2.1964E+06
  4.4918E+06
  1.0108E+06
  8.2678E+06
  4.2944E+06
  2.7816E+06
  2.9129E+06
  3.7522E+06
  3.5143E+06
  2.8924E+06
  2.3851E+06
  1.6321E+06
  2.1178E+06
  1.1274E+07
  1.4939E+06
  9.1724E+06
  1.2711E+07
  1.0792E+07
  1.6581E+07
  3.7925E+07
  6.3665E+06
  3.6676E+06
  7.3325E+07
  3.2441E+07
  8.5339E+06
  6.0733E+07
  6.0123E+07
  1.7370E+07
  1.2345E+06
  1.4977E+06
  5.2486E+05
  9.7103E+06
  2.4051E+06
  4.6215E+05
  5.3323E+05
  4.4256E+06
  6.7799E+05
  9.4696E+05
  2.2559E+05
  2.7370E+05
  2.7501E+05
  2.7757E+05
  1.3692E+05
  1.0135E+05
  3.7837E+05
  6.6895E+04
