Scalar SIGMAXZ under NLDynamic for nodeset
189
   0.0000E+00
  0.0000E+00
  0.0000E+00
  0.0000E+00
  0.0000E+00
  0.0000E+00
  0.0000E+00
  0.0000E+00
  0.0000E+00
  0.0000E+00
  0.0000E+00
  0.0000E+00
  0.0000E+00
  0.0000E+00
  0.0000E+00
  0.0000E+00
  0.0000E+00
  0.0000E+00
  0.0000E+00
  0.0000E+00
  0.0000E+00
  0.0000E+00
  0.0000E+00
  0.0000E+00
  0.0000E+00
  0.0000E+00
  0.0000E+00
  0.0000E+00
  0.0000E+00
  0.0000E+00
  0.0000E+00
  0.0000E+00
  0.0000E+00
  0.0000E+00
  0.0000E+00
  0.0000E+00
  0.0000E+00
  0.0000E+00
  0.0000E+00
  0.0000E+00
  0.0000E+00
  0.0000E+00
  0.0000E+00
  0.0000E+00
  0.0000E+00
  0.0000E+00
  0.0000E+00
  0.0000E+00
  0.0000E+00
  0.0000E+00
  0.0000E+00
  0.0000E+00
  0.0000E+00
  0.0000E+00
  0.0000E+00
  0.0000E+00
  0.0000E+00
  0.0000E+00
  0.0000E+00
  0.0000E+00
  0.0000E+00
  0.0000E+00
  0.0000E+00
  0.0000E+00
  0.0000E+00
  0.0000E+00
  0.0000E+00
  0.0000E+00
  0.0000E+00
  0.0000E+00
  0.0000E+00
  0.0000E+00
  0.0000E+00
  0.0000E+00
  0.0000E+00
  0.0000E+00
  0.0000E+00
  0.0000E+00
  0.0000E+00
  0.0000E+00
  0.0000E+00
  0.0000E+00
  0.0000E+00
  0.0000E+00
  0.0000E+00
  0.0000E+00
  0.0000E+00
  0.0000E+00
  0.0000E+00
  0.0000E+00
  0.0000E+00
  0.0000E+00
  0.0000E+00
  0.0000E+00
  0.0000E+00
  0.0000E+00
  0.0000E+00
  0.0000E+00
  0.0000E+00
  0.0000E+00
  0.0000E+00
  0.0000E+00
  0.0000E+00
  0.0000E+00
  0.0000E+00
  0.0000E+00
  0.0000E+00
  0.0000E+00
  0.0000E+00
  0.0000E+00
  0.0000E+00
  0.0000E+00
  0.0000E+00
  0.0000E+00
  0.0000E+00
  0.0000E+00
  0.0000E+00
  0.0000E+00
  0.0000E+00
  0.0000E+00
  0.0000E+00
  0.0000E+00
  0.0000E+00
  0.0000E+00
  0.0000E+00
  0.0000E+00
  0.0000E+00
  0.0000E+00
  0.0000E+00
  0.0000E+00
  0.0000E+00
  0.0000E+00
  0.0000E+00
  0.0000E+00
  0.0000E+00
  0.0000E+00
  0.0000E+00
  0.0000E+00
  0.0000E+00
  0.0000E+00
  0.0000E+00
  0.0000E+00
  0.0000E+00
  0.0000E+00
  0.0000E+00
  0.0000E+00
  0.0000E+00
  0.0000E+00
  0.0000E+00
  0.0000E+00
  0.0000E+00
  0.0000E+00
  0.0000E+00
  0.0000E+00
  0.0000E+00
  0.0000E+00
  0.0000E+00
  0.0000E+00
  0.0000E+00
  0.0000E+00
  0.0000E+00
  0.0000E+00
  0.0000E+00
  0.0000E+00
  0.0000E+00
  0.0000E+00
  0.0000E+00
  0.0000E+00
  0.0000E+00
  0.0000E+00
  0.0000E+00
  0.0000E+00
  0.0000E+00
  0.0000E+00
  0.0000E+00
  0.0000E+00
  0.0000E+00
  0.0000E+00
  0.0000E+00
  0.0000E+00
  0.0000E+00
  0.0000E+00
  0.0000E+00
  0.0000E+00
  0.0000E+00
  0.0000E+00
  0.0000E+00
  0.0000E+00
  0.0000E+00
  0.0000E+00
   3.0000E+02
  1.8427E+01
  2.2071E+02
  4.5776E+02
 -1.9139E+02
  1.6338E+02
  4.3032E+02
 -1.1293E+02
  1.8779E+02
  5.1332E+02
 -1.1961E+03
  9.8218E+02
 -1.0572E+02
 -4.3860E+02
  6.5571E+02
  3.8148E+02
 -1.3902E+02
  1.5894E+02
  5.1404E+02
  1.6102E+03
  1.7443E+02
 -1.2450E+03
 -9.0192E+02
  1.2329E+02
 -4.6279E+02
 -1.2863E+03
  2.1992E+02
  1.0425E+03
 -3.3606E+03
 -3.0387E+03
 -2.9525E+03
  1.7597E+03
  6.1421E+02
 -5.1944E+02
 -8.5999E+02
  5.6134E+03
  1.8646E+03
  4.9938E+03
 -7.6558E+01
 -8.7916E+02
 -4.1532E+03
  3.7573E+03
  1.0805E+02
 -1.6536E+03
  9.0571E+03
  1.1851E+03
  2.7692E+03
 -4.3409E+03
 -3.3713E+03
 -1.1203E+03
  3.8457E+03
  1.8107E+03
 -1.1096E+04
  7.1572E+03
  7.9494E+03
 -1.1975E+02
 -7.0097E+02
  1.0734E+03
  2.3684E+02
  8.3694E+02
  2.5194E+03
 -1.7036E+03
  2.5992E+03
 -1.4499E+03
  6.1293E+02
  5.9341E+02
 -2.0190E+03
 -5.4882E+02
  4.2810E+01
 -2.1140E+03
 -1.6304E+03
 -5.4645E+02
  3.7992E+02
 -1.6356E+03
  1.9642E+03
  1.3466E+02
  4.5684E+02
  5.0072E+02
 -8.6982E+02
  2.2324E+03
 -1.9235E+03
  2.4922E+03
 -1.2749E+03
  3.4907E+02
 -8.3955E+02
  6.9442E+01
 -5.2300E+02
  2.0479E+03
  4.0107E+02
  8.1029E+02
  2.8565E+03
  7.3663E+01
  3.2281E+02
 -9.6986E+02
  1.2612E+02
 -1.3241E+03
  9.8835E+02
  2.5737E+03
 -3.7658E+00
  5.0141E+02
 -8.5593E+02
  1.1122E+03
  1.8567E+02
  3.5288E+02
 -6.8827E+02
 -1.6304E+03
 -1.6021E+02
 -2.6921E+02
 -3.1269E+03
  4.1689E+03
  4.5279E+02
  1.5990E+03
 -1.7304E+03
  8.2702E+02
 -1.0887E+03
 -3.1412E+03
  1.4617E+03
 -3.0514E+03
  1.2965E+03
  1.8539E+03
  1.0998E+03
  2.7705E+02
  6.1658E+02
  4.1889E+02
  1.2069E+03
 -2.4437E+03
  1.3862E+03
  3.5215E+03
  7.6991E+01
  5.8947E+02
 -2.0802E+02
  5.2526E+02
  1.8861E+02
  4.6618E+02
  1.3723E+03
  1.1740E+03
 -5.0470E+03
  2.1171E+03
 -7.4345E+03
  6.6622E+02
  2.2750E+03
  1.1321E+03
 -3.6392E+03
  6.8162E+02
 -1.4346E+03
 -2.3366E+03
  3.0989E+03
  1.9945E+03
 -2.1398E+03
  9.8673E+02
 -3.0731E+03
  4.8507E+03
  3.0335E+02
  1.9444E+03
 -4.9069E+02
 -2.0516E+02
  2.1161E+02
 -1.3725E+02
  1.2714E+03
 -8.8572E+02
 -1.8724E+03
  3.5921E+02
 -1.1856E+03
 -1.0954E+03
 -3.2054E+02
 -2.0934E+03
  2.6826E+02
 -4.5237E+02
 -8.6429E+02
 -1.6806E+03
 -1.8545E+03
 -2.2273E+03
 -4.7748E+03
 -1.2182E+03
  2.6971E+03
 -1.4487E+03
 -9.1750E+02
 -5.3816E+03
  7.7186E+01
 -4.5313E+02
 -9.5808E+03
 -5.7882E+03
 -9.7282E+02
 -2.5442E+03
 -4.4032E+02
 -5.5157E+02
 -9.0902E+02
  4.6842E+03
  1.9151E+03
 -5.8955E+03
