#   Time         Wext         Waer         Wela         Wkin         Wdmp         Error
    ____         ____         ____         ____         ____         ____          ____

 0.000000  0.0000E+00  0.0000E+00  3.7859E-26  0.0000E+00  0.0000E+00  0.0000E+00
 0.000300  3.9716E-05  0.0000E+00  7.5394E-12  3.9716E-05  0.0000E+00  3.7513E-13
 0.000600  1.5886E-04  0.0000E+00  1.2063E-10  1.5886E-04  0.0000E+00 -4.3253E-12
 0.000900  3.5744E-04  0.0000E+00  6.1069E-10  3.5744E-04  0.0000E+00 -7.6147E-12
 0.001200  6.3545E-04  0.0000E+00  1.9301E-09  6.3545E-04  0.0000E+00  9.2002E-13
 0.001500  9.9289E-04  0.0000E+00  4.7121E-09  9.9289E-04  0.0000E+00 -2.8455E-13
 0.001800  1.4298E-03  0.0000E+00  9.7709E-09  1.4298E-03  0.0000E+00  1.6943E-11
 0.002100  1.9461E-03  0.0000E+00  1.8102E-08  1.9461E-03  0.0000E+00  1.6821E-11
 0.002400  2.5418E-03  0.0000E+00  3.0881E-08  2.5418E-03  0.0000E+00 -1.1567E-11
 0.002700  3.2170E-03  0.0000E+00  4.9465E-08  3.2169E-03  0.0000E+00 -1.8747E-11
 0.003000  3.9716E-03  0.0000E+00  7.5392E-08  3.9715E-03  0.0000E+00  5.6654E-12
 0.003300  4.8056E-03  0.0000E+00  1.1038E-07  4.8055E-03  0.0000E+00 -2.5548E-12
 0.003600  5.7190E-03  0.0000E+00  1.5633E-07  5.7189E-03  0.0000E+00  2.7359E-11
 0.003900  6.7119E-03  0.0000E+00  2.1532E-07  6.7117E-03  0.0000E+00  1.6950E-11
 0.004200  7.7842E-03  0.0000E+00  2.8962E-07  7.7839E-03  0.0000E+00 -4.4743E-11
 0.004500  8.9359E-03  0.0000E+00  3.8166E-07  8.9355E-03  0.0000E+00  3.7357E-11
 0.004800  1.0167E-02  0.0000E+00  4.9406E-07  1.0167E-02  0.0000E+00 -3.5501E-11
 0.005100  1.1478E-02  0.0000E+00  6.2964E-07  1.1477E-02  0.0000E+00  5.6079E-11
 0.005400  1.2868E-02  0.0000E+00  7.9138E-07  1.2867E-02  0.0000E+00 -2.9308E-11
 0.005700  1.4337E-02  0.0000E+00  9.8243E-07  1.4336E-02  0.0000E+00 -6.1113E-11
 0.006000  1.5886E-02  0.0000E+00  1.2062E-06  1.5885E-02  0.0000E+00 -2.9063E-11
 0.006300  1.7514E-02  0.0000E+00  1.4661E-06  1.7513E-02  0.0000E+00 -6.8560E-11
 0.006600  1.9222E-02  0.0000E+00  1.7659E-06  1.9220E-02  0.0000E+00 -3.7910E-11
 0.006900  2.1009E-02  0.0000E+00  2.1095E-06  2.1007E-02  0.0000E+00  7.3093E-11
 0.007200  2.2875E-02  0.0000E+00  2.5010E-06  2.2873E-02  0.0000E+00 -5.9269E-11
 0.007500  2.4821E-02  0.0000E+00  2.9445E-06  2.4818E-02  0.0000E+00  5.4767E-11
 0.007800  2.6847E-02  0.0000E+00  3.4446E-06  2.6843E-02  0.0000E+00  8.4337E-11
 0.008100  2.8951E-02  0.0000E+00  4.0059E-06  2.8947E-02  0.0000E+00  1.8242E-11
 0.008400  3.1136E-02  0.0000E+00  4.6330E-06  3.1131E-02  0.0000E+00  4.0697E-11
 0.008700  3.3399E-02  0.0000E+00  5.3311E-06  3.3394E-02  0.0000E+00 -4.0702E-11
 0.009000  3.5742E-02  0.0000E+00  6.1053E-06  3.5736E-02  0.0000E+00 -2.7605E-11
 0.009300  3.8165E-02  0.0000E+00  6.9608E-06  3.8158E-02  0.0000E+00  9.0034E-11
 0.009600  4.0666E-02  0.0000E+00  7.9032E-06  4.0658E-02  0.0000E+00  9.8452E-11
 0.009900  4.3248E-02  0.0000E+00  8.9382E-06  4.3239E-02  0.0000E+00 -1.3686E-11
 0.010200  4.5908E-02  0.0000E+00  1.0072E-05  4.5898E-02  0.0000E+00 -1.9719E-11
 0.010500  4.8648E-02  0.0000E+00  1.1310E-05  4.8637E-02  0.0000E+00  9.0283E-11
 0.010800  5.1467E-02  0.0000E+00  1.2658E-05  5.1455E-02  0.0000E+00  7.4025E-11
 0.011100  5.4366E-02  0.0000E+00  1.4124E-05  5.4352E-02  0.0000E+00 -7.9912E-11
 0.011400  5.7344E-02  0.0000E+00  1.5714E-05  5.7329E-02  0.0000E+00 -1.1661E-10
 0.011700  6.0402E-02  0.0000E+00  1.7434E-05  6.0384E-02  0.0000E+00 -2.6225E-11
 0.012000  6.3539E-02  0.0000E+00  1.9292E-05  6.3520E-02  0.0000E+00 -7.9548E-11
 0.012300  6.6755E-02  0.0000E+00  2.1294E-05  6.6734E-02  0.0000E+00 -5.3058E-13
 0.012600  7.0051E-02  0.0000E+00  2.3448E-05  7.0027E-02  0.0000E+00 -7.4171E-11
 0.012900  7.3426E-02  0.0000E+00  2.5761E-05  7.3400E-02  0.0000E+00 -1.0313E-11
 0.013200  7.6880E-02  0.0000E+00  2.8242E-05  7.6852E-02  0.0000E+00 -1.0820E-10
 0.013500  8.0414E-02  0.0000E+00  3.0897E-05  8.0383E-02  0.0000E+00 -6.3440E-11
 0.013800  8.4027E-02  0.0000E+00  3.3736E-05  8.3994E-02  0.0000E+00  5.2683E-11
 0.014100  8.7720E-02  0.0000E+00  3.6766E-05  8.7683E-02  0.0000E+00  7.9194E-11
 0.014400  9.1492E-02  0.0000E+00  3.9995E-05  9.1452E-02  0.0000E+00  9.6363E-12
 0.014700  9.5343E-02  0.0000E+00  4.3432E-05  9.5300E-02  0.0000E+00  9.7803E-12
 0.015000  9.9274E-02  0.0000E+00  4.7086E-05  9.9227E-02  0.0000E+00  8.3631E-11
 0.015300  1.0328E-01  0.0000E+00  5.0966E-05  1.0323E-01  0.0000E+00  5.5979E-11
 0.015600  1.0737E-01  0.0000E+00  5.5081E-05  1.0732E-01  0.0000E+00 -8.0036E-11
 0.015900  1.1154E-01  0.0000E+00  5.9439E-05  1.1148E-01  0.0000E+00 -5.1230E-11
 0.016200  1.1579E-01  0.0000E+00  6.4052E-05  1.1573E-01  0.0000E+00 -3.8467E-11
 0.016500  1.2012E-01  0.0000E+00  6.8928E-05  1.2005E-01  0.0000E+00 -4.3231E-11
 0.016800  1.2452E-01  0.0000E+00  7.4077E-05  1.2445E-01  0.0000E+00 -6.7051E-11
 0.017100  1.2901E-01  0.0000E+00  7.9508E-05  1.2893E-01  0.0000E+00  8.9343E-11
 0.017400  1.3358E-01  0.0000E+00  8.5234E-05  1.3349E-01  0.0000E+00 -7.5799E-11
 0.017700  1.3822E-01  0.0000E+00  9.1262E-05  1.3813E-01  0.0000E+00  4.3386E-11
 0.018000  1.4294E-01  0.0000E+00  9.7605E-05  1.4285E-01  0.0000E+00  3.8465E-11
 0.018300  1.4775E-01  0.0000E+00  1.0427E-04  1.4764E-01  0.0000E+00 -9.7599E-11
 0.018600  1.5263E-01  0.0000E+00  1.1128E-04  1.5252E-01  0.0000E+00  6.4761E-11
 0.018900  1.5759E-01  0.0000E+00  1.1863E-04  1.5747E-01  0.0000E+00 -1.5135E-11
 0.019200  1.6263E-01  0.0000E+00  1.2634E-04  1.6251E-01  0.0000E+00  1.0107E-10
 0.019500  1.6775E-01  0.0000E+00  1.3441E-04  1.6762E-01  0.0000E+00 -3.5950E-11
 0.019800  1.7295E-01  0.0000E+00  1.4287E-04  1.7281E-01  0.0000E+00  2.6238E-11
 0.020100  1.7823E-01  0.0000E+00  1.5172E-04  1.7808E-01  0.0000E+00  6.0251E-11
 0.020400  1.8359E-01  0.0000E+00  1.6098E-04  1.8343E-01  0.0000E+00  6.3716E-11
 0.020700  1.8903E-01  0.0000E+00  1.7065E-04  1.8886E-01  0.0000E+00  3.4438E-11
 0.021000  1.9455E-01  0.0000E+00  1.8076E-04  1.9437E-01  0.0000E+00 -2.9601E-11
 0.021300  2.0014E-01  0.0000E+00  1.9130E-04  1.9995E-01  0.0000E+00 -5.7505E-12
 0.021600  2.0582E-01  0.0000E+00  2.0230E-04  2.0562E-01  0.0000E+00 -1.8067E-11
 0.021900  2.1157E-01  0.0000E+00  2.1376E-04  2.1136E-01  0.0000E+00 -6.8685E-11
 0.022200  2.1741E-01  0.0000E+00  2.2571E-04  2.1718E-01  0.0000E+00 -2.9882E-11
 0.022500  2.2332E-01  0.0000E+00  2.3815E-04  2.2308E-01  0.0000E+00  1.0117E-10
 0.022800  2.2931E-01  0.0000E+00  2.5110E-04  2.2906E-01  0.0000E+00  5.9142E-11
 0.023100  2.3539E-01  0.0000E+00  2.6456E-04  2.3512E-01  0.0000E+00 -1.6396E-10
 0.023400  2.4154E-01  0.0000E+00  2.7856E-04  2.4126E-01  0.0000E+00  1.1154E-10
 0.023700  2.4777E-01  0.0000E+00  2.9311E-04  2.4748E-01  0.0000E+00 -2.1048E-10
 0.024000  2.5408E-01  0.0000E+00  3.0822E-04  2.5377E-01  0.0000E+00  1.1571E-10
 0.024300  2.6047E-01  0.0000E+00  3.2391E-04  2.6014E-01  0.0000E+00  1.1386E-10
 0.024600  2.6694E-01  0.0000E+00  3.4019E-04  2.6660E-01  0.0000E+00 -2.3018E-10
 0.024900  2.7348E-01  0.0000E+00  3.5707E-04  2.7313E-01  0.0000E+00  9.5280E-11
 0.025200  2.8011E-01  0.0000E+00  3.7457E-04  2.7974E-01  0.0000E+00 -7.2349E-11
 0.025500  2.8682E-01  0.0000E+00  3.9271E-04  2.8642E-01  0.0000E+00 -2.1582E-12
 0.025800  2.9360E-01  0.0000E+00  4.1150E-04  2.9319E-01  0.0000E+00  9.8896E-12
 0.026100  3.0047E-01  0.0000E+00  4.3095E-04  3.0003E-01  0.0000E+00 -4.0061E-11
 0.026400  3.0741E-01  0.0000E+00  4.5109E-04  3.0696E-01  0.0000E+00 -1.5486E-10
 0.026700  3.1443E-01  0.0000E+00  4.7192E-04  3.1396E-01  0.0000E+00 -2.4226E-11
 0.027000  3.2153E-01  0.0000E+00  4.9346E-04  3.2104E-01  0.0000E+00  4.1019E-11
 0.027300  3.2871E-01  0.0000E+00  5.1574E-04  3.2820E-01  0.0000E+00  3.7338E-11
 0.027600  3.3597E-01  0.0000E+00  5.3875E-04  3.3544E-01  0.0000E+00 -3.8886E-11
 0.027900  3.4331E-01  0.0000E+00  5.6253E-04  3.4275E-01  0.0000E+00  1.3668E-10
 0.028200  3.5073E-01  0.0000E+00  5.8708E-04  3.5015E-01  0.0000E+00 -9.2932E-11
 0.028500  3.5823E-01  0.0000E+00  6.1243E-04  3.5762E-01  0.0000E+00  9.6446E-11
 0.028800  3.6581E-01  0.0000E+00  6.3859E-04  3.6517E-01  0.0000E+00  3.8259E-11
 0.029100  3.7346E-01  0.0000E+00  6.6558E-04  3.7280E-01  0.0000E+00  2.3714E-10
 0.029400  3.8120E-01  0.0000E+00  6.9342E-04  3.8051E-01  0.0000E+00  7.1115E-12
 0.029700  3.8901E-01  0.0000E+00  7.2211E-04  3.8829E-01  0.0000E+00  3.2662E-11
 0.030000  3.9691E-01  0.0000E+00  7.5169E-04  3.9616E-01  0.0000E+00  1.4369E-10
