Scalar SIGMAXX under NLDynamic for nodeset
189
   0.0000E+00
  0.0000E+00
  0.0000E+00
  0.0000E+00
  0.0000E+00
  0.0000E+00
  0.0000E+00
  0.0000E+00
  0.0000E+00
  0.0000E+00
  0.0000E+00
  0.0000E+00
  0.0000E+00
  0.0000E+00
  0.0000E+00
  0.0000E+00
  0.0000E+00
  0.0000E+00
  0.0000E+00
  0.0000E+00
  0.0000E+00
  0.0000E+00
  0.0000E+00
  0.0000E+00
  0.0000E+00
  0.0000E+00
  0.0000E+00
  0.0000E+00
  0.0000E+00
  0.0000E+00
  0.0000E+00
  0.0000E+00
  0.0000E+00
  0.0000E+00
  0.0000E+00
  0.0000E+00
  0.0000E+00
  0.0000E+00
  0.0000E+00
  0.0000E+00
  0.0000E+00
  0.0000E+00
  0.0000E+00
  0.0000E+00
  0.0000E+00
  0.0000E+00
  0.0000E+00
  0.0000E+00
  0.0000E+00
  0.0000E+00
  0.0000E+00
  0.0000E+00
  0.0000E+00
  0.0000E+00
  0.0000E+00
  0.0000E+00
  0.0000E+00
  0.0000E+00
  0.0000E+00
  0.0000E+00
  0.0000E+00
  0.0000E+00
  0.0000E+00
  0.0000E+00
  0.0000E+00
  0.0000E+00
  0.0000E+00
  0.0000E+00
  0.0000E+00
  0.0000E+00
  0.0000E+00
  0.0000E+00
  0.0000E+00
  0.0000E+00
  0.0000E+00
  0.0000E+00
  0.0000E+00
  0.0000E+00
  0.0000E+00
  0.0000E+00
  0.0000E+00
  0.0000E+00
  0.0000E+00
  0.0000E+00
  0.0000E+00
  0.0000E+00
  0.0000E+00
  0.0000E+00
  0.0000E+00
  0.0000E+00
  0.0000E+00
  0.0000E+00
  0.0000E+00
  0.0000E+00
  0.0000E+00
  0.0000E+00
  0.0000E+00
  0.0000E+00
  0.0000E+00
  0.0000E+00
  0.0000E+00
  0.0000E+00
  0.0000E+00
  0.0000E+00
  0.0000E+00
  0.0000E+00
  0.0000E+00
  0.0000E+00
  0.0000E+00
  0.0000E+00
  0.0000E+00
  0.0000E+00
  0.0000E+00
  0.0000E+00
  0.0000E+00
  0.0000E+00
  0.0000E+00
  0.0000E+00
  0.0000E+00
  0.0000E+00
  0.0000E+00
  0.0000E+00
  0.0000E+00
  0.0000E+00
  0.0000E+00
  0.0000E+00
  0.0000E+00
  0.0000E+00
  0.0000E+00
  0.0000E+00
  0.0000E+00
  0.0000E+00
  0.0000E+00
  0.0000E+00
  0.0000E+00
  0.0000E+00
  0.0000E+00
  0.0000E+00
  0.0000E+00
  0.0000E+00
  0.0000E+00
  0.0000E+00
  0.0000E+00
  0.0000E+00
  0.0000E+00
  0.0000E+00
  0.0000E+00
  0.0000E+00
  0.0000E+00
  0.0000E+00
  0.0000E+00
  0.0000E+00
  0.0000E+00
  0.0000E+00
  0.0000E+00
  0.0000E+00
  0.0000E+00
  0.0000E+00
  0.0000E+00
  0.0000E+00
  0.0000E+00
  0.0000E+00
  0.0000E+00
  0.0000E+00
  0.0000E+00
  0.0000E+00
  0.0000E+00
  0.0000E+00
  0.0000E+00
  0.0000E+00
  0.0000E+00
  0.0000E+00
  0.0000E+00
  0.0000E+00
  0.0000E+00
  0.0000E+00
  0.0000E+00
  0.0000E+00
  0.0000E+00
  0.0000E+00
  0.0000E+00
  0.0000E+00
  0.0000E+00
  0.0000E+00
  0.0000E+00
  0.0000E+00
  0.0000E+00
  0.0000E+00
  0.0000E+00
  0.0000E+00
   3.0000E+01
 -3.0408E-01
 -1.6884E+02
 -3.0705E-01
 -1.6884E+02
 -1.3188E+02
 -1.6884E+02
 -3.0732E-01
 -1.6884E+02
 -3.0989E-01
 -2.0316E+02
 -9.9914E+01
 -2.0316E+02
 -1.4145E+02
 -1.0682E+02
 -1.4144E+02
 -2.0316E+02
 -9.9909E+01
 -2.0315E+02
 -1.2873E+02
 -2.4720E+02
 -1.2874E+02
 -8.1817E+01
 -4.2994E+02
 -8.1835E+01
 -1.2874E+02
 -2.4722E+02
 -1.2876E+02
 -2.0799E+02
 -3.3242E+01
 -2.0799E+02
 -1.4689E+02
  7.6818E-01
 -1.4687E+02
 -2.0800E+02
 -3.3220E+01
 -2.0799E+02
  1.3573E+02
  1.4312E+02
  1.3584E+02
  8.6891E+01
  1.7076E+02
  8.6938E+01
  1.3586E+02
  1.4314E+02
  1.3593E+02
  8.6632E+02
  5.4587E+02
  8.6671E+02
  7.5519E+02
  8.9293E+01
  7.5517E+02
  8.6653E+02
  5.4584E+02
  8.6688E+02
  7.7645E+02
  1.4343E+03
  7.7364E+02
  9.7177E+02
  2.1861E+03
  9.7146E+02
  7.7378E+02
  1.4344E+03
  7.7139E+02
  8.6522E+02
  9.1573E+02
  8.6600E+02
  1.1140E+03
  6.2844E+02
  1.1125E+03
  8.6733E+02
  9.1680E+02
  8.6836E+02
  5.4974E+02
 -4.9416E+02
  5.5741E+02
  7.0644E+00
 -1.2236E+03
  2.9592E+00
  5.5810E+02
 -4.9336E+02
  5.6352E+02
  3.9530E+02
  2.4445E+02
  4.1154E+02
  3.6071E+02
  2.5332E+01
  3.2056E+02
  4.3897E+02
  1.7349E+02
  4.4997E+02
 -5.5699E+02
  9.9478E+02
 -5.4976E+02
  6.8311E+02
 -9.7380E+01
  6.4348E+02
 -5.6012E+02
  9.6113E+02
 -5.3991E+02
  7.8774E+03
  4.1521E+03
  7.9968E+03
  5.6759E+03
  3.5485E+03
  5.6621E+03
  8.0615E+03
  4.1154E+03
  8.2219E+03
  1.0472E+03
  1.3291E+03
  8.8881E+02
  8.2515E+02
  2.2249E+03
  4.0924E+02
  8.6820E+02
  1.1429E+03
  5.5332E+02
  2.6216E+03
  2.0571E+03
  1.1879E+03
  2.3484E+03
  7.5015E+02
  1.2603E+03
  1.3443E+03
  1.0512E+03
  9.2930E+02
 -5.3080E+02
  4.2946E+03
  8.5371E+02
  2.4630E+03
  3.5238E+03
  1.0520E+03
  1.3738E+03
  1.8745E+03
  9.3251E+02
  5.1788E+02
  2.8723E+03
  5.7360E+03
  3.3874E+03
  1.3575E+03
  2.4171E+03
  6.3307E+03
  1.2209E+03
  3.6761E+03
  1.5050E+01
  3.7090E+01
  1.6788E+03
 -4.3807E+01
  3.2092E+02
  5.8041E+02
  8.7679E+02
  6.2730E+02
  6.3842E+02
  6.1404E+02
  6.2924E+02
 -1.5602E+02
  2.8570E+02
  1.0386E+03
  9.8881E+02
 -1.2791E+02
  1.0547E+03
  1.2543E+03
  6.2787E+02
  2.7593E+03
  6.3515E+03
  2.2343E+03
  2.9249E+03
  3.6201E+03
  4.8527E+03
  2.7467E+03
  2.9483E+02
  1.3953E+03
  2.5396E+03
  2.0758E+03
  3.0009E+03
  1.0574E+03
  1.9208E+02
  3.5379E+03
  3.7899E+02
 -9.0701E+02
  1.2303E+03
  1.0452E+03
  2.7344E+03
  6.6772E+02
  1.7419E+03
  4.0490E+03
  1.8510E+03
  3.5748E+03
  7.4390E+03
