Vector MODE under Modal for nodeset
1218
   5.9192E+02
  1.7363E-05 -2.6339E-05 -2.0333E-06
  7.3913E-05 -9.6857E-05 -5.0905E-06
  1.6132E-04 -2.0931E-04 -8.2389E-06
  2.7022E-04 -3.5816E-04 -1.1559E-05
  3.9001E-04 -5.3550E-04 -1.4713E-05
  5.1151E-04 -7.3023E-04 -1.8102E-05
  6.2650E-04 -9.2958E-04 -2.1857E-05
  7.2720E-04 -1.1204E-03 -2.5292E-05
  8.0898E-04 -1.2888E-03 -2.7143E-05
  8.6734E-04 -1.4227E-03 -2.8378E-05
  9.0298E-04 -1.5102E-03 -2.9656E-05
  9.1643E-04 -1.5427E-03 -3.0479E-05
  9.1081E-04 -1.5145E-03 -2.9689E-05
  8.9006E-04 -1.4235E-03 -2.8902E-05
  8.6212E-04 -1.2707E-03 -2.8122E-05
  8.3082E-04 -1.0614E-03 -2.6176E-05
  8.0179E-04 -8.0385E-04 -2.2802E-05
  7.7914E-04 -5.0957E-04 -1.9195E-05
  7.6717E-04 -1.9176E-04 -1.5658E-05
  7.6730E-04  1.3462E-04 -1.1944E-05
  7.7987E-04  4.5402E-04 -8.1760E-06
  8.0274E-04  7.5153E-04 -4.5658E-06
  8.3390E-04  1.0136E-03 -6.3212E-07
  8.6695E-04  1.2288E-03  3.1408E-06
  8.9702E-04  1.3884E-03  5.4077E-06
  9.1859E-04  1.4867E-03  6.7430E-06
  9.2745E-04  1.5216E-03  8.5474E-06
  9.1639E-04  1.4957E-03  1.0500E-05
  8.8257E-04  1.4140E-03  1.0766E-05
  8.2558E-04  1.2847E-03  1.0606E-05
  7.4532E-04  1.1192E-03  1.1157E-05
  6.4454E-04  9.3038E-04  1.1262E-05
  5.2806E-04  7.3213E-04  9.8935E-06
  4.0424E-04  5.3751E-04  8.0510E-06
  2.8187E-04  3.5935E-04  6.3285E-06
  1.7006E-04  2.0930E-04  4.6284E-06
  7.9581E-05  9.5806E-05  2.9882E-06
  1.9970E-05  2.5090E-05  1.2814E-06
  0.0000E+00  0.0000E+00  0.0000E+00
  0.0000E+00  0.0000E+00  0.0000E+00
  0.0000E+00  0.0000E+00  0.0000E+00
  0.0000E+00  0.0000E+00  0.0000E+00
  0.0000E+00  0.0000E+00  0.0000E+00
  0.0000E+00  0.0000E+00  0.0000E+00
  0.0000E+00  0.0000E+00  0.0000E+00
  0.0000E+00  0.0000E+00  0.0000E+00
  0.0000E+00  0.0000E+00  0.0000E+00
  0.0000E+00  0.0000E+00  0.0000E+00
  0.0000E+00  0.0000E+00  0.0000E+00
  0.0000E+00  0.0000E+00  0.0000E+00
  0.0000E+00  0.0000E+00  0.0000E+00
  0.0000E+00  0.0000E+00  0.0000E+00
  0.0000E+00  0.0000E+00  0.0000E+00
  0.0000E+00  0.0000E+00  0.0000E+00
  0.0000E+00  0.0000E+00  0.0000E+00
  0.0000E+00  0.0000E+00  0.0000E+00
  0.0000E+00  0.0000E+00  0.0000E+00
  0.0000E+00  0.0000E+00  0.0000E+00
  0.0000E+00  0.0000E+00  0.0000E+00
  0.0000E+00  0.0000E+00  0.0000E+00
  0.0000E+00  0.0000E+00  0.0000E+00
  0.0000E+00  0.0000E+00  0.0000E+00
  0.0000E+00  0.0000E+00  0.0000E+00
  0.0000E+00  0.0000E+00  0.0000E+00
  0.0000E+00  0.0000E+00  0.0000E+00
  0.0000E+00  0.0000E+00  0.0000E+00
  0.0000E+00  0.0000E+00  0.0000E+00
  0.0000E+00  0.0000E+00  0.0000E+00
  0.0000E+00  0.0000E+00  0.0000E+00
  0.0000E+00  0.0000E+00  0.0000E+00
  0.0000E+00  0.0000E+00  0.0000E+00
  0.0000E+00  0.0000E+00  0.0000E+00
  0.0000E+00  0.0000E+00  0.0000E+00
  0.0000E+00  0.0000E+00  0.0000E+00
  0.0000E+00  0.0000E+00  0.0000E+00
  0.0000E+00  0.0000E+00  0.0000E+00
  0.0000E+00  0.0000E+00  0.0000E+00
  0.0000E+00  0.0000E+00  0.0000E+00
  0.0000E+00  0.0000E+00  0.0000E+00
  0.0000E+00  0.0000E+00  0.0000E+00
  0.0000E+00  0.0000E+00  0.0000E+00
  0.0000E+00  0.0000E+00  0.0000E+00
  0.0000E+00  0.0000E+00  0.0000E+00
  0.0000E+00  0.0000E+00  0.0000E+00
  0.0000E+00  0.0000E+00  0.0000E+00
  0.0000E+00  0.0000E+00  0.0000E+00
  2.0893E-05 -2.3186E-05  7.4263E-07
  8.0327E-05 -9.1237E-05  1.3882E-06
  1.6976E-04 -2.0124E-04  1.6738E-06
  2.7989E-04 -3.4701E-04  1.8215E-06
  4.0001E-04 -5.2044E-04  1.4388E-06
  5.2092E-04 -7.1030E-04  8.3462E-07
  6.3420E-04 -9.0395E-04  4.1231E-07
  7.3208E-04 -1.0884E-03 -5.6290E-08
  8.1031E-04 -1.2498E-03 -1.7227E-06
  8.6452E-04 -1.3766E-03 -3.0668E-06
  8.9618E-04 -1.4570E-03 -2.9685E-06
  9.0665E-04 -1.4829E-03 -2.7505E-06
  8.9911E-04 -1.4488E-03 -4.1868E-06
  8.7689E-04 -1.3536E-03 -5.7864E-06
  8.4743E-04 -1.1983E-03 -6.7891E-06
  8.1544E-04 -9.8838E-04 -8.2011E-06
  7.8622E-04 -7.3227E-04 -1.0580E-05
  7.6370E-04 -4.4133E-04 -1.2966E-05
  7.5242E-04 -1.2867E-04 -1.5105E-05
  7.5278E-04  1.9129E-04 -1.7294E-05
  7.6561E-04  5.0350E-04 -1.9108E-05
  7.8866E-04  7.9316E-04 -2.0738E-05
  8.1855E-04  1.0468E-03 -2.2420E-05
  8.5058E-04  1.2535E-03 -2.3822E-05
  8.7945E-04  1.4048E-03 -2.3849E-05
  8.9964E-04  1.4955E-03 -2.3009E-05
  9.0735E-04  1.5239E-03 -2.2595E-05
  8.9566E-04  1.4926E-03 -2.2510E-05
  8.6167E-04  1.4070E-03 -2.1047E-05
  8.0431E-04  1.2755E-03 -1.9115E-05
  7.2485E-04  1.1088E-03 -1.7362E-05
  6.2596E-04  9.1994E-04 -1.5706E-05
  5.1183E-04  7.2273E-04 -1.3275E-05
  3.9074E-04  5.2996E-04 -1.0706E-05
  2.7133E-04  3.5412E-04 -8.2662E-06
  1.6273E-04  2.0638E-04 -5.9372E-06
  7.5252E-05  9.4892E-05 -3.7318E-06
  1.8254E-05  2.5301E-05 -1.5254E-06
  0.0000E+00  0.0000E+00  0.0000E+00
  0.0000E+00  0.0000E+00  0.0000E+00
  0.0000E+00  0.0000E+00  0.0000E+00
  0.0000E+00  0.0000E+00  0.0000E+00
  9.2380E-04  1.5125E-03  7.0971E-06
  9.1658E-04  1.4879E-03  6.0778E-06
  9.0566E-04  1.4483E-03  4.6260E-06
  8.9182E-04  1.3945E-03  2.5214E-06
  8.7626E-04  1.3282E-03  3.1921E-07
  8.6153E-04  1.2508E-03 -1.5297E-06
  8.4420E-04  1.1626E-03 -3.7739E-06
  8.2797E-04  1.0607E-03 -5.8020E-06
  8.1032E-04  9.4558E-04 -7.5040E-06
  7.9507E-04  8.1810E-04 -9.3546E-06
  7.7996E-04  6.8094E-04 -1.0904E-05
  7.6800E-04  5.3564E-04 -1.2350E-05
  7.5777E-04  3.8451E-04 -1.3673E-05
  7.5139E-04  2.2912E-04 -1.4734E-05
  7.4776E-04  7.1420E-05 -1.5500E-05
  7.4745E-04 -8.7360E-05 -1.5983E-05
  7.5042E-04 -2.4559E-04 -1.6292E-05
  7.5650E-04 -4.0215E-04 -1.6326E-05
  7.6596E-04 -5.5540E-04 -1.5997E-05
  7.7800E-04 -7.0477E-04 -1.5345E-05
  7.9329E-04 -8.5035E-04 -1.4467E-05
  8.1271E-04 -1.0004E-03 -1.2971E-05
  8.2101E-04 -1.0562E-03 -1.1754E-05
  8.3250E-04 -1.1339E-03 -1.0612E-05
  8.4745E-04 -1.2156E-03 -9.1120E-06
  8.6181E-04 -1.2924E-03 -7.8703E-06
  8.7657E-04 -1.3585E-03 -6.5277E-06
  8.8863E-04 -1.4112E-03 -5.4035E-06
  7.7426E-04  6.6542E-04 -1.9920E-05
  7.6472E-04  5.3082E-04 -1.8914E-05
  7.5521E-04  3.9207E-04 -1.7966E-05
  7.4993E-04  2.5267E-04 -1.7153E-05
  7.4687E-04  1.1998E-04 -1.6564E-05
  7.4508E-04 -6.3798E-06 -1.6214E-05
  7.4765E-04 -1.3754E-04 -1.5955E-05
  7.5064E-04 -2.7698E-04 -1.5873E-05
  7.5747E-04 -4.1836E-04 -1.5939E-05
  7.6795E-04 -3.6844E-04 -1.7578E-05
  7.6219E-04 -2.2364E-04 -1.5949E-05
  7.5721E-04 -7.8078E-05 -1.4498E-05
  7.5619E-04  6.4121E-05 -1.3236E-05
  7.5756E-04  1.9550E-04 -1.2205E-05
  7.5913E-04  3.1680E-04 -1.1429E-05
  7.6585E-04  4.3904E-04 -1.0662E-05
  7.7299E-04  5.6652E-04 -1.0022E-05
  7.8284E-04  6.9435E-04 -9.6252E-06
  8.3421E-04  1.1650E-03 -2.2915E-05
  8.1939E-04  1.0662E-03 -2.1854E-05
  8.0369E-04  9.5827E-04 -2.0808E-05
  7.9037E-04  8.4211E-04 -1.9743E-05
  7.7770E-04  7.2010E-04 -1.8726E-05
  7.6721E-04  5.9362E-04 -1.7985E-05
  7.5939E-04  4.6322E-04 -1.7286E-05
  7.5143E-04  3.2826E-04 -1.6821E-05
  7.4875E-04  1.8862E-04 -1.6437E-05
  7.4602E-04  4.5221E-05 -1.6290E-05
  7.4744E-04 -1.0050E-04 -1.6183E-05
  8.1330E-04 -9.4904E-04 -2.4452E-05
  7.9910E-04 -8.2860E-04 -2.2584E-05
  7.8458E-04 -7.0153E-04 -2.0770E-05
  7.7383E-04 -5.6905E-04 -1.9203E-05
  7.6441E-04 -4.3375E-04 -1.7785E-05
  7.5730E-04 -2.9724E-04 -1.6488E-05
  7.5373E-04 -1.6036E-04 -1.5369E-05
  7.5020E-04 -2.2377E-05 -1.4419E-05
  7.5216E-04  1.1735E-04 -1.3643E-05
  7.5461E-04  2.5799E-04 -1.3057E-05
  7.6023E-04  3.9813E-04 -1.2675E-05
  8.9172E-04  1.4600E-03 -2.3291E-05
  8.8149E-04  1.4116E-03 -2.3024E-05
  8.6796E-04  1.3511E-03 -2.1986E-05
  8.5466E-04  1.2783E-03 -2.0811E-05
  8.3934E-04  1.1945E-03 -1.9815E-05
  8.2430E-04  1.1001E-03 -1.9024E-05
  8.0937E-04  9.9648E-04 -1.8275E-05
  7.9541E-04  8.8413E-04 -1.7526E-05
  7.8360E-04  7.6375E-04 -1.6931E-05
  7.7121E-04  6.3599E-04 -1.6277E-05
  7.6311E-04  5.0146E-04 -1.5908E-05
  7.5466E-04  3.6162E-04 -1.5637E-05
  7.5040E-04  2.1748E-04 -1.5449E-05
  8.6199E-04 -1.2860E-03 -6.5126E-06
  9.0778E-04  1.4464E-03  5.9291E-06
  7.8892E-04  8.1748E-04 -2.0452E-05
  7.6702E-04 -5.7246E-04 -1.5255E-05
  7.7556E-04 -5.3904E-04 -1.9225E-05
  7.9785E-04  8.2929E-04 -7.8900E-06
  8.5222E-04  1.2665E-03 -2.2558E-05
  7.5069E-04  2.9719E-04 -1.7110E-05
  7.5536E-04  3.6261E-04 -1.8262E-05
  8.3000E-04 -1.1030E-03 -7.7288E-06
  8.4660E-04 -1.2049E-03 -7.8134E-06
  8.7633E-04 -1.3589E-03 -2.8534E-05
  8.6196E-04 -1.2822E-03 -2.7579E-05
  8.4495E-04 -1.1946E-03 -2.5709E-05
  8.2954E-04 -1.0961E-03 -2.3936E-05
  8.1324E-04 -9.8864E-04 -2.2373E-05
  7.9897E-04 -8.7274E-04 -2.0872E-05
  7.8573E-04 -7.4992E-04 -1.9608E-05
  7.7333E-04 -6.2111E-04 -1.8451E-05
  7.6455E-04 -4.8716E-04 -1.7422E-05
  7.5547E-04 -3.4896E-04 -1.6495E-05
  7.5178E-04 -2.0686E-04 -1.5802E-05
  7.4836E-04 -6.2351E-05 -1.5308E-05
  7.4873E-04  8.3490E-05 -1.4949E-05
  7.5252E-04  1.3473E-05 -1.3978E-05
  7.6124E-04 -4.3945E-05 -1.4023E-05
  8.8058E-04  1.3174E-03  4.0878E-06
  8.9430E-04  1.3908E-03  4.4342E-06
  9.0393E-04  1.5132E-03 -2.2195E-05
  9.0771E-04  1.5210E-03 -2.1721E-05
  9.0757E-04  1.5159E-03 -2.1029E-05
  9.0359E-04  1.4978E-03 -2.0148E-05
  8.9573E-04  1.4667E-03 -1.9504E-05
  8.8580E-04  1.4225E-03 -1.8706E-05
  8.7317E-04  1.3658E-03 -1.7870E-05
  8.5961E-04  1.2967E-03 -1.7262E-05
  8.4535E-04  1.2159E-03 -1.6638E-05
  8.3009E-04  1.1239E-03 -1.5890E-05
  8.1586E-04  1.0212E-03 -1.4889E-05
  8.0028E-04  9.0883E-04 -1.4509E-05
  7.8795E-04  7.8749E-04 -1.4221E-05
  7.7499E-04  6.5884E-04 -1.3925E-05
  7.6605E-04  5.2384E-04 -1.3670E-05
  8.0659E-04  9.7846E-04 -1.9463E-05
  8.0183E-04  9.3635E-04 -2.1438E-05
  7.5053E-04 -2.6067E-04 -1.6175E-05
  7.7972E-04 -7.1673E-04 -1.4354E-05
  7.5843E-04 -4.3214E-04 -1.5274E-05
  7.8597E-04 -6.7423E-04 -2.1006E-05
  7.7048E-04  5.4971E-04 -1.1219E-05
  8.1274E-04  9.5114E-04 -6.3713E-06
  7.8593E-04  7.0847E-04 -8.4577E-06
  8.6631E-04  1.3415E-03 -2.3580E-05
  7.6134E-04  4.8561E-04 -1.6718E-05
  8.2966E-04 -1.0795E-03 -2.5261E-05
  8.7072E-04  1.3590E-03 -1.9816E-05
  7.4687E-04  5.9123E-05 -1.5953E-05
  7.4748E-04 -1.1731E-04 -1.6194E-05
  9.1497E-04 -1.5352E-03 -2.9791E-05
  9.1000E-04 -1.5142E-03 -2.8963E-05
  9.0155E-04 -1.4800E-03 -2.8174E-05
  8.9039E-04 -1.4326E-03 -2.7115E-05
  8.7615E-04 -1.3728E-03 -2.5793E-05
  8.6211E-04 -1.3005E-03 -2.4356E-05
  8.4652E-04 -1.2168E-03 -2.3227E-05
  8.3077E-04 -1.1222E-03 -2.1980E-05
  8.1498E-04 -1.0176E-03 -2.0605E-05
  7.9956E-04 -9.0401E-04 -1.9345E-05
  7.8660E-04 -7.8223E-04 -1.8455E-05
  7.7311E-04 -6.5357E-04 -1.7680E-05
  7.6435E-04 -5.1831E-04 -1.7136E-05
  7.5549E-04 -3.7812E-04 -1.6697E-05
  7.5068E-04 -2.3399E-04 -1.6238E-05
  7.8474E-04 -7.2708E-04 -2.0115E-05
  7.6273E-04  4.1520E-04 -1.1654E-05
  9.0209E-04  1.4614E-03  1.0433E-05
  9.1483E-04  1.4957E-03  9.1409E-06
  9.2158E-04  1.5161E-03  7.6610E-06
  9.2319E-04  1.5219E-03  6.1504E-06
  9.2041E-04  1.5129E-03  4.2740E-06
  9.1374E-04  1.4891E-03  2.1521E-06
  9.0327E-04  1.4508E-03  5.0719E-07
  8.9043E-04  1.3978E-03 -1.3049E-06
  8.7447E-04  1.3306E-03 -3.4466E-06
  8.5804E-04  1.2489E-03 -5.4597E-06
  8.3923E-04  1.1538E-03 -7.3777E-06
  8.2255E-04  1.0458E-03 -9.2305E-06
  8.0446E-04  9.2664E-04 -1.0907E-05
  7.8992E-04  7.9697E-04 -1.2526E-05
  8.3533E-04  1.3415E-03 -1.9845E-05
  8.6088E-04  1.3982E-03 -2.0110E-05
  8.8094E-04  1.4447E-03 -1.9934E-05
  8.9550E-04  1.4802E-03 -1.9384E-05
  9.0486E-04  1.5039E-03 -1.8838E-05
  9.0951E-04  1.5154E-03 -1.7982E-05
  9.1015E-04  1.5139E-03 -1.7244E-05
  9.0680E-04  1.4994E-03 -1.5934E-05
  8.9981E-04  1.4718E-03 -1.4983E-05
  8.9079E-04  1.4307E-03 -1.4503E-05
  8.7876E-04  1.3766E-03 -1.4018E-05
  8.6508E-04  1.3096E-03 -1.3287E-05
  8.5074E-04  1.2303E-03 -1.2722E-05
  8.3470E-04  1.1394E-03 -1.2037E-05
  8.2004E-04  1.0377E-03 -1.1433E-05
  7.9814E-04  8.9818E-04 -1.6106E-05
  7.8063E-04  7.4487E-04 -1.7843E-05
  7.4791E-04  4.2172E-05 -1.6318E-05
  7.5050E-04  2.1678E-04 -1.7236E-05
  7.9773E-04 -8.6788E-04 -9.6082E-06
  8.1387E-04 -9.9559E-04 -9.3737E-06
  8.2980E-04 -1.1129E-03 -9.2435E-06
  8.4541E-04 -1.1802E-03 -2.7055E-05
  7.5268E-04 -1.8761E-04 -1.5549E-05
  7.5912E-04 -2.5933E-04 -1.6312E-05
  7.6729E-04  2.8363E-04 -1.0334E-05
  7.6094E-04  1.0516E-04 -1.2443E-05
  8.4696E-04  1.1282E-03  9.8357E-07
  8.6279E-04  1.2313E-03  1.6178E-06
  8.7752E-04  1.3210E-03  2.1228E-06
  7.8867E-04  1.2068E-03  1.0518E-05
  8.2626E-04  1.2860E-03  9.9297E-06
  8.5718E-04  1.3559E-03  9.0305E-06
  8.8200E-04  1.4148E-03  7.9654E-06
  9.0065E-04  1.4615E-03  6.4443E-06
  9.1297E-04  1.4953E-03  5.0685E-06
  9.1955E-04  1.5151E-03  3.0113E-06
  9.2108E-04  1.5203E-03  1.4383E-06
  9.1773E-04  1.5105E-03 -2.5247E-07
  9.1013E-04  1.4856E-03 -2.0598E-06
  8.9925E-04  1.4453E-03 -3.8385E-06
  8.8556E-04  1.3901E-03 -5.8352E-06
  8.6961E-04  1.3204E-03 -7.8275E-06
  8.5307E-04  1.2365E-03 -9.9595E-06
  7.6658E-04  1.1904E-03 -1.7803E-05
  8.0304E-04  1.2652E-03 -1.8146E-05
  8.3401E-04  1.3322E-03 -1.8617E-05
  8.6021E-04  1.3900E-03 -1.8554E-05
  8.8043E-04  1.4380E-03 -1.8103E-05
  8.9525E-04  1.4750E-03 -1.7289E-05
  9.0558E-04  1.5003E-03 -1.6676E-05
  9.1071E-04  1.5134E-03 -1.5855E-05
  9.1148E-04  1.5136E-03 -1.4699E-05
  9.0875E-04  1.5006E-03 -1.3633E-05
  9.0240E-04  1.4742E-03 -1.3090E-05
  8.9292E-04  1.4344E-03 -1.2381E-05
  8.8129E-04  1.3812E-03 -1.1753E-05
  8.6746E-04  1.3151E-03 -1.0976E-05
  9.0174E-04  1.4968E-03 -2.2157E-05
  7.7313E-04  6.4851E-04 -1.5155E-05
  8.3617E-04  1.1805E-03 -2.1488E-05
  7.6920E-04  6.1810E-04 -1.7246E-05
  7.6526E-04  5.6109E-04 -1.8470E-05
  7.4514E-04  2.5108E-05 -1.6333E-05
  7.7073E-04 -5.8942E-04 -1.1976E-05
  7.5331E-04 -2.8071E-04 -1.4130E-05
  7.4644E-04  6.9000E-05 -1.6396E-05
  7.4890E-04 -1.1059E-04 -1.5365E-05
  8.4533E-04 -1.2067E-03 -2.4271E-05
  7.5288E-04  2.4200E-04 -1.3914E-05
  7.5499E-04 -1.2085E-04 -1.5026E-05
  8.1325E-04  8.8494E-04 -2.8969E-06
  7.8540E-04  5.9858E-04 -6.5627E-06
  7.6188E-04  2.5218E-04 -1.1110E-05
  7.7275E-04  4.3207E-04 -8.8546E-06
  6.9825E-04  1.0283E-03  1.1042E-05
  7.4659E-04  1.1217E-03  1.0348E-05
  7.8966E-04  1.2086E-03  9.6999E-06
  8.2701E-04  1.2873E-03  8.4312E-06
  8.5738E-04  1.3569E-03  7.1878E-06
  8.8178E-04  1.4155E-03  5.9811E-06
  9.0029E-04  1.4618E-03  4.4684E-06
  9.1223E-04  1.4951E-03  2.5739E-06
  9.1887E-04  1.5142E-03  1.0686E-06
  9.1967E-04  1.5188E-03 -8.5285E-07
  9.1629E-04  1.5082E-03 -2.7699E-06
  9.0839E-04  1.4825E-03 -4.8454E-06
  8.9723E-04  1.4416E-03 -6.6981E-06
  8.8353E-04  1.3857E-03 -8.7700E-06
  6.7653E-04  1.0109E-03 -1.6165E-05
  7.2307E-04  1.0981E-03 -1.6474E-05
  7.6515E-04  1.1801E-03 -1.6633E-05
  8.0178E-04  1.2558E-03 -1.6926E-05
  8.3316E-04  1.3239E-03 -1.6719E-05
  8.5953E-04  1.3830E-03 -1.6374E-05
  8.8018E-04  1.4324E-03 -1.5530E-05
  8.9569E-04  1.4708E-03 -1.4836E-05
  9.0610E-04  1.4977E-03 -1.4282E-05
  9.1187E-04  1.5122E-03 -1.3452E-05
  9.1316E-04  1.5138E-03 -1.2421E-05
  9.1068E-04  1.5021E-03 -1.1695E-05
  9.0437E-04  1.4769E-03 -1.0612E-05
  8.9516E-04  1.4380E-03 -9.6642E-06
  8.9368E-04  1.4636E-03 -2.1584E-05
  8.4180E-04  1.2062E-03 -1.8062E-05
  7.5612E-04  3.7284E-04 -1.4672E-05
  8.2181E-04  1.0838E-03 -2.0440E-05
  7.5698E-04  4.2881E-04 -1.7698E-05
  7.8334E-04 -7.3561E-04 -1.1316E-05
  7.6034E-04 -4.3477E-04 -1.3337E-05
  8.1520E-04 -1.0146E-03 -1.0645E-05
  7.9715E-04 -8.7912E-04 -1.0926E-05
  7.9123E-04 -8.2936E-04 -1.3317E-05
  8.0142E-04 -9.1947E-04 -1.1999E-05
  7.5091E-04 -2.9653E-04 -1.5411E-05
  7.6680E-04 -5.6711E-04 -1.4549E-05
  7.8437E-04 -7.5978E-04 -1.2250E-05
  7.7426E-04 -6.6381E-04 -1.3564E-05
  7.7310E-04 -6.3930E-04 -1.8059E-05
  7.6449E-04 -4.6388E-04 -1.7520E-05
  8.2795E-04  1.0121E-03 -1.7327E-06
  7.9615E-04  7.4058E-04 -5.1973E-06
  8.6057E-04  1.2389E-03 -1.4627E-07
  8.4322E-04  1.1316E-03 -8.7364E-07
  8.2903E-04  1.0565E-03 -4.2402E-06
  8.4342E-04  1.1501E-03 -2.2028E-06
  7.7608E-04  5.9085E-04 -9.0997E-06
  7.9967E-04  8.3310E-04 -6.7959E-06
  8.2584E-04  1.0225E-03 -3.1098E-06
  8.1112E-04  9.2789E-04 -5.0208E-06
  8.9766E-04  1.4693E-03 -1.7455E-05
  9.0583E-04  1.5171E-03 -2.2225E-05
  8.8372E-04  1.4174E-03 -2.0712E-05
  8.1282E-04  1.0104E-03 -1.6913E-05
  7.9290E-04  8.6486E-04 -1.8568E-05
  7.7532E-04  6.9156E-04 -1.9444E-05
  7.6904E-04 -5.9249E-04 -1.2811E-05
  7.6471E-04 -5.3015E-04 -1.6853E-05
  7.7486E-04 -6.7640E-04 -1.6858E-05
  7.8923E-04 -8.1528E-04 -1.6523E-05
  8.0406E-04 -9.4589E-04 -1.5919E-05
  8.2187E-04 -1.0667E-03 -1.5052E-05
  8.3896E-04 -1.1770E-03 -1.4108E-05
  8.5739E-04 -1.2743E-03 -1.2714E-05
  8.7419E-04 -1.3547E-03 -1.1391E-05
  8.8820E-04 -1.4153E-03 -1.0065E-05
  8.9861E-04 -1.4579E-03 -9.0144E-06
  9.0547E-04 -1.4836E-03 -8.0061E-06
  9.0809E-04 -1.4926E-03 -6.7951E-06
  9.0604E-04 -1.4855E-03 -5.4726E-06
  8.9832E-04 -1.4632E-03 -4.3638E-06
  8.8457E-04 -1.4266E-03 -3.4753E-06
  8.9061E-04 -1.4286E-03 -2.8352E-05
  7.5551E-04 -3.6519E-04 -1.6601E-05
  8.1245E-04 -9.6973E-04 -2.3428E-05
  7.5629E-04 -3.2715E-04 -1.6492E-05
  7.6536E-04 -3.9976E-04 -1.7709E-05
  8.0845E-04  8.8045E-04 -4.1772E-06
  9.1935E-04  1.5122E-03  1.6844E-06
  8.4823E-04  1.2237E-03 -1.4578E-05
  7.8614E-04  7.7704E-04 -1.5511E-05
  7.4975E-04  2.0461E-04 -1.6091E-05
  7.5092E-04 -2.6631E-04 -1.4690E-05
  8.8728E-04 -1.4678E-03 -2.8754E-05
  9.0140E-04 -1.5017E-03 -2.8593E-05
  9.1067E-04 -1.5232E-03 -2.7896E-05
  9.1433E-04 -1.5323E-03 -2.6649E-05
  9.1322E-04 -1.5284E-03 -2.6187E-05
  9.0846E-04 -1.5113E-03 -2.5592E-05
  9.0034E-04 -1.4811E-03 -2.4729E-05
  8.9017E-04 -1.4376E-03 -2.3621E-05
  8.7739E-04 -1.3813E-03 -2.2782E-05
  8.6290E-04 -1.3124E-03 -2.1778E-05
  8.4753E-04 -1.2316E-03 -2.0743E-05
  8.3115E-04 -1.1396E-03 -1.9685E-05
  8.1623E-04 -1.0372E-03 -1.8715E-05
  8.0043E-04 -9.2534E-04 -1.8055E-05
  7.8803E-04 -8.0475E-04 -1.7342E-05
  8.7668E-04 -1.3665E-03 -2.7425E-05
  8.1440E-04 -1.0046E-03 -2.1675E-05
  7.4766E-04 -7.5892E-05 -1.5743E-05
  7.9862E-04 -8.5146E-04 -2.1710E-05
  7.7950E-04  5.7842E-04 -7.5682E-06
  8.8809E-04  1.3947E-03 -3.3828E-06
  8.1795E-04  1.0298E-03 -1.3418E-05
  8.2712E-04  1.1132E-03 -1.7495E-05
  7.6459E-04  5.1302E-04 -1.4852E-05
  7.5596E-04 -3.9006E-04 -1.6499E-05
  9.0125E-04 -1.4782E-03 -2.8863E-05
  8.6193E-04 -1.2921E-03 -2.5780E-05
  7.8611E-04 -7.6809E-04 -1.9127E-05
  7.7356E-04 -5.9725E-04 -1.8788E-05
  7.5641E-04  2.7980E-04 -1.2255E-05
  7.6627E-04  3.9095E-04 -1.0042E-05
  9.2348E-04  1.5162E-03  9.2102E-06
  8.5547E-04  1.2428E-03 -7.3793E-06
  8.7605E-04  1.3716E-03 -1.5897E-05
  8.0213E-04  9.1785E-04 -1.2924E-05
  7.5317E-04  3.4729E-04 -1.6317E-05
  8.1778E-04 -1.0457E-03 -1.7677E-05
  8.3368E-04 -1.1541E-03 -1.7168E-05
  8.5154E-04 -1.2491E-03 -1.6289E-05
  8.6709E-04 -1.3299E-03 -1.5138E-05
  8.8254E-04 -1.3949E-03 -1.3539E-05
  8.9398E-04 -1.4440E-03 -1.2102E-05
  9.0291E-04 -1.4775E-03 -1.1269E-05
  9.0861E-04 -1.4980E-03 -1.0063E-05
  9.0862E-04 -1.4984E-03 -8.4139E-06
  9.0189E-04 -1.4782E-03 -7.1628E-06
  8.8937E-04 -1.4420E-03 -5.6163E-06
  8.6996E-04 -1.3925E-03 -4.6903E-06
  8.4430E-04 -1.3309E-03 -3.4999E-06
  8.1271E-04 -1.2586E-03 -2.3191E-06
  7.7509E-04 -1.1773E-03 -1.1800E-06
  7.9972E-04 -9.1549E-04 -1.8684E-05
  7.6449E-04 -5.0470E-04 -1.7213E-05
  7.5034E-04  9.8191E-05 -1.4288E-05
  7.7124E-04  4.9545E-04 -9.5431E-06
  7.8873E-04  7.2010E-04 -7.4507E-06
  9.1327E-04  1.4956E-03  6.8841E-06
  9.0123E-04  1.4489E-03 -1.4883E-06
  8.3690E-04  1.1467E-03 -9.4634E-06
  5.8956E-04  8.3311E-04  1.0358E-05
  6.4729E-04  9.3337E-04  1.0054E-05
  7.0020E-04  1.0307E-03  9.4280E-06
  7.4815E-04  1.1234E-03  8.7538E-06
  7.9068E-04  1.2101E-03  7.5626E-06
  8.2750E-04  1.2889E-03  6.3177E-06
  8.5787E-04  1.3584E-03  4.9967E-06
  8.8223E-04  1.4165E-03  3.4485E-06
  8.9998E-04  1.4623E-03  1.8005E-06
  9.1144E-04  1.4949E-03  3.2056E-07
  9.1768E-04  1.5133E-03 -1.4939E-06
  9.1844E-04  1.5171E-03 -3.5959E-06
  9.1458E-04  1.5059E-03 -5.4607E-06
  9.0647E-04  1.4796E-03 -7.4304E-06
  5.6931E-04  8.1609E-04 -1.4103E-05
  6.2404E-04  9.0915E-04 -1.4453E-05
  6.7471E-04  1.0005E-03 -1.4720E-05
  7.2125E-04  1.0885E-03 -1.4938E-05
  7.6374E-04  1.1713E-03 -1.5161E-05
  8.0049E-04  1.2481E-03 -1.4955E-05
  8.3255E-04  1.3170E-03 -1.4318E-05
  8.5935E-04  1.3772E-03 -1.3493E-05
  8.8006E-04  1.4280E-03 -1.2878E-05
  8.9612E-04  1.4678E-03 -1.2479E-05
  9.0703E-04  1.4960E-03 -1.1882E-05
  9.1324E-04  1.5118E-03 -1.0815E-05
  9.1505E-04  1.5145E-03 -9.7946E-06
  9.1275E-04  1.5039E-03 -8.5068E-06
  9.0481E-04  1.5083E-03 -2.0514E-05
  8.6273E-04  1.3037E-03 -1.5288E-05
  7.4673E-04 -7.5465E-05 -1.5780E-05
  7.8721E-04 -7.9424E-04 -1.7892E-05
  9.0470E-04 -1.4799E-03 -3.1803E-06
  7.9939E-04 -8.9016E-04 -2.0284E-05
  7.5109E-04 -2.2180E-04 -1.6098E-05
  7.9074E-04  7.2695E-04 -6.6981E-06
  9.2499E-04  1.5220E-03  7.5966E-06
  9.2228E-04  1.5213E-03  3.6294E-06
  9.0868E-04  1.5148E-03 -1.9140E-05
  8.8801E-04  1.4268E-03 -1.6555E-05
  8.3259E-04  1.1323E-03 -1.3944E-05
  7.4870E-04 -1.8912E-04 -1.5538E-05
  7.5850E-04 -4.3299E-04 -1.4697E-05
  8.9651E-04 -1.4517E-03 -1.0858E-05
  8.1566E-04 -1.0283E-03 -1.9614E-05
  7.7386E-04 -6.6575E-04 -1.7350E-05
  7.4936E-04 -4.5550E-05 -1.4835E-05
  9.2214E-04  1.5128E-03  6.3145E-06
  8.8252E-04  1.4143E-03  9.4459E-06
  8.7190E-04  1.3260E-03 -5.5149E-06
  9.0500E-04  1.4986E-03 -1.8376E-05
  7.4800E-04  1.6320E-04 -1.6627E-05
  7.5861E-04 -4.3220E-04 -1.4280E-05
  9.0521E-04 -1.4837E-03 -9.4842E-06
  9.0454E-04 -1.4759E-03 -3.6807E-06
  7.7727E-04  6.6935E-04 -1.2333E-05
  9.0109E-04  1.4615E-03  8.4396E-06
  9.1228E-04  1.4880E-03  1.5909E-07
  4.6916E-04  6.3426E-04  8.7082E-06
  5.3210E-04  7.3495E-04  8.9920E-06
  5.9224E-04  8.3602E-04  8.8627E-06
  6.4883E-04  9.3500E-04  8.5102E-06
  7.0130E-04  1.0317E-03  7.6796E-06
  7.4918E-04  1.1253E-03  6.6034E-06
  7.9207E-04  1.2128E-03  5.3963E-06
  8.2912E-04  1.2916E-03  4.0512E-06
  8.5875E-04  1.3606E-03  2.3741E-06
  8.8213E-04  1.4180E-03  7.6086E-07
  8.9973E-04  1.4628E-03 -8.5518E-07
  9.1119E-04  1.4945E-03 -2.7010E-06
  9.1679E-04  1.5123E-03 -4.6958E-06
  9.1695E-04  1.5156E-03 -6.6850E-06
  4.5088E-04  6.1894E-04 -1.1677E-05
  5.0966E-04  7.1180E-04 -1.2474E-05
  5.6706E-04  8.0604E-04 -1.2828E-05
  6.2203E-04  8.9994E-04 -1.3020E-05
  6.7287E-04  9.9241E-04 -1.3176E-05
  7.2006E-04  1.0810E-03 -1.3163E-05
  7.6303E-04  1.1642E-03 -1.2888E-05
  8.0000E-04  1.2416E-03 -1.2463E-05
  8.3190E-04  1.3116E-03 -1.1944E-05
  8.5880E-04  1.3729E-03 -1.1380E-05
  8.8022E-04  1.4247E-03 -1.0934E-05
  8.9697E-04  1.4657E-03 -1.0038E-05
  9.0853E-04  1.4949E-03 -9.0163E-06
  9.1516E-04  1.5118E-03 -8.0479E-06
  8.8157E-04  1.4522E-03 -2.1394E-05
  9.0884E-04  1.5180E-03 -1.9866E-05
  8.5712E-04  1.2881E-03 -1.8944E-05
  7.6965E-04 -1.2016E-03 -2.5964E-05
  8.0640E-04 -1.2762E-03 -2.5932E-05
  8.3770E-04 -1.3430E-03 -2.5712E-05
  8.6357E-04 -1.4005E-03 -2.5686E-05
  8.8277E-04 -1.4482E-03 -2.5128E-05
  8.9696E-04 -1.4847E-03 -2.4726E-05
  9.0622E-04 -1.5093E-03 -2.4094E-05
  9.1042E-04 -1.5218E-03 -2.3222E-05
  9.1099E-04 -1.5212E-03 -2.2508E-05
  9.0764E-04 -1.5074E-03 -2.1562E-05
  9.0040E-04 -1.4804E-03 -2.0928E-05
  8.9039E-04 -1.4401E-03 -2.0315E-05
  8.7836E-04 -1.3868E-03 -1.9441E-05
  8.6469E-04 -1.3209E-03 -1.8432E-05
  8.5005E-04 -1.2431E-03 -1.7806E-05
  8.3572E-04 -1.1628E-03 -1.5471E-05
  8.3114E-04 -1.1318E-03 -2.0721E-05
  9.0746E-04 -1.4878E-03 -4.3731E-06
  8.9534E-04  1.4863E-03 -2.1006E-05
  8.7993E-04 -1.3894E-03 -1.7382E-05
  8.9212E-04 -1.4423E-03 -1.6153E-05
  9.0233E-04 -1.4791E-03 -1.4076E-05
  9.0871E-04 -1.5001E-03 -1.2706E-05
  9.1053E-04 -1.5066E-03 -1.1269E-05
  9.0891E-04 -1.5014E-03 -1.0374E-05
  9.0602E-04 -1.4906E-03 -9.1126E-06
  8.9229E-04 -1.4530E-03 -7.4393E-06
  8.7311E-04 -1.4023E-03 -5.8308E-06
  8.4798E-04 -1.3398E-03 -4.2556E-06
  8.1634E-04 -1.2672E-03 -3.4525E-06
  7.7859E-04 -1.1858E-03 -2.2470E-06
  7.3519E-04 -1.0971E-03 -1.2666E-06
  6.8729E-04 -1.0023E-03 -1.5380E-07
  8.6962E-04 -1.3381E-03 -1.3162E-05
  9.0883E-04 -1.4968E-03 -8.2696E-06
  8.3003E-04 -1.1103E-03 -2.2895E-05
  8.5718E-04  1.3551E-03  1.0259E-05
  9.0768E-04 -1.5094E-03 -2.3810E-05
  8.1943E-04 -1.0548E-03 -1.6407E-05
  8.8473E-04 -1.4027E-03 -1.1875E-05
  9.0712E-04 -1.4916E-03 -7.1672E-06
  9.0084E-04 -1.4809E-03 -2.6283E-05
  8.9841E-04 -1.4533E-03 -5.1812E-06
  7.5441E-04  1.4597E-04 -1.3031E-05
  3.4351E-04  4.4520E-04  6.8248E-06
  4.0817E-04  5.3922E-04  7.2962E-06
  4.7310E-04  6.3806E-04  7.4719E-06
  5.3426E-04  7.3656E-04  7.3881E-06
  5.9212E-04  8.3402E-04  6.9873E-06
  6.4932E-04  9.3430E-04  6.0988E-06
  7.0374E-04  1.0350E-03  5.0932E-06
  7.5235E-04  1.1304E-03  3.9803E-06
  7.9486E-04  1.2175E-03  2.6401E-06
  8.3062E-04  1.2954E-03  1.1222E-06
  8.5944E-04  1.3630E-03 -2.9331E-07
  8.8258E-04  1.4193E-03 -1.9218E-06
  8.9956E-04  1.4633E-03 -3.9131E-06
  9.1030E-04  1.4944E-03 -5.9283E-06
  3.2811E-04  4.3277E-04 -9.0435E-06
  3.8768E-04  5.1825E-04 -9.8669E-06
  4.4813E-04  6.0893E-04 -1.0594E-05
  5.0758E-04  7.0349E-04 -1.1047E-05
  5.6580E-04  7.9931E-04 -1.1353E-05
  6.2152E-04  8.9421E-04 -1.1575E-05
  6.7273E-04  9.8683E-04 -1.1337E-05
  7.1945E-04  1.0753E-03 -1.1120E-05
  7.6170E-04  1.1587E-03 -1.0934E-05
  7.9893E-04  1.2364E-03 -1.0470E-05
  8.3140E-04  1.3071E-03 -9.7252E-06
  8.5886E-04  1.3695E-03 -9.1713E-06
  8.8124E-04  1.4223E-03 -8.3020E-06
  8.9841E-04  1.4642E-03 -7.1085E-06
  6.7823E-04 -1.0200E-03 -2.3226E-05
  7.2529E-04 -1.1069E-03 -2.3725E-05
  7.6747E-04 -1.1886E-03 -2.3836E-05
  8.0397E-04 -1.2641E-03 -2.4021E-05
  8.3472E-04 -1.3318E-03 -2.3881E-05
  8.6046E-04 -1.3904E-03 -2.3366E-05
  8.8013E-04 -1.4392E-03 -2.2904E-05
  8.9469E-04 -1.4771E-03 -2.2343E-05
  9.0446E-04 -1.5032E-03 -2.1770E-05
  9.0986E-04 -1.5170E-03 -2.1367E-05
  9.1055E-04 -1.5179E-03 -2.0554E-05
  9.0738E-04 -1.5056E-03 -1.9825E-05
  9.0089E-04 -1.4800E-03 -1.9048E-05
  8.9165E-04 -1.4412E-03 -1.8165E-05
  8.7770E-04 -1.3842E-03 -2.1061E-05
  8.6290E-04 -1.3071E-03 -2.3013E-05
  9.0510E-04 -1.4802E-03 -5.8936E-06
  9.2056E-04  1.5156E-03  5.4779E-06
  2.2319E-04  2.7685E-04  5.1485E-06
  2.8333E-04  3.5718E-04  5.6023E-06
  3.4837E-04  4.4909E-04  5.9931E-06
  4.1437E-04  5.4622E-04  6.1352E-06
  4.7101E-04  6.3233E-04  6.0069E-06
  5.2870E-04  7.2518E-04  5.3079E-06
  5.9411E-04  8.3587E-04  4.5580E-06
  6.5487E-04  9.4345E-04  3.7671E-06
  7.0941E-04  1.0442E-03  2.7001E-06
  7.5629E-04  1.1378E-03  1.2263E-06
  7.9700E-04  1.2229E-03 -2.9830E-07
  8.3195E-04  1.2988E-03 -1.7805E-06
  8.6039E-04  1.3650E-03 -3.3607E-06
  8.8246E-04  1.4205E-03 -5.1625E-06
  1.1974E-05  1.4320E-05  5.7736E-07
  7.1139E-05  8.4063E-05  1.9632E-06
  1.6687E-04  2.0136E-04  3.7646E-06
  8.5979E-04  1.3670E-03 -6.2590E-06
  8.3243E-04  1.3013E-03 -4.5310E-06
  7.9877E-04  1.2267E-03 -3.1444E-06
  7.5950E-04  1.1441E-03 -1.7151E-06
  7.1457E-04  1.0540E-03 -2.8227E-07
  6.6296E-04  9.5718E-04  1.1984E-06
  6.0486E-04  8.5347E-04  2.3038E-06
  5.4010E-04  7.4287E-04  3.0928E-06
  4.6751E-04  6.2496E-04  3.7470E-06
  3.8186E-04  4.9398E-04  4.2029E-06
  3.6452E-04  4.6999E-04  4.8011E-06
  2.9461E-04  3.6988E-04  4.4817E-06
  2.2471E-04  2.7563E-04  4.1518E-06
  9.0176E-04 -1.4797E-03 -1.6757E-05
  9.0828E-04 -1.5024E-03 -1.4837E-05
  9.1117E-04 -1.5096E-03 -1.3217E-05
  9.0924E-04 -1.5026E-03 -1.1562E-05
  9.0269E-04 -1.4836E-03 -1.0465E-05
  8.9232E-04 -1.4549E-03 -9.4143E-06
  8.7622E-04 -1.4114E-03 -7.6352E-06
  8.5127E-04 -1.3496E-03 -6.0245E-06
  8.2032E-04 -1.2763E-03 -4.6340E-06
  7.8233E-04 -1.1943E-03 -3.6783E-06
  7.3889E-04 -1.1052E-03 -2.4721E-06
  6.9070E-04 -1.0104E-03 -1.3769E-06
  6.3791E-04 -9.1183E-04 -3.8824E-07
  5.8075E-04 -8.1128E-04  3.0487E-07
  8.9971E-04 -1.4929E-03 -2.6502E-05
  8.4828E-04 -1.2375E-03 -1.9059E-05
  8.0197E-04 -9.3528E-04 -1.7031E-05
  9.1531E-04 -1.5378E-03 -2.8897E-05
  8.4718E-04 -1.2250E-03 -2.1877E-05
  2.1948E-05  2.4903E-05  5.5103E-07
  7.5201E-05  8.7209E-05  1.3252E-06
  1.6489E-04  1.9606E-04  2.7045E-06
  2.1154E-04  2.6809E-04 -6.6839E-06
  2.6605E-04  3.4061E-04 -7.3907E-06
  3.2453E-04  4.2190E-04 -8.0761E-06
  3.8559E-04  5.1022E-04 -8.6288E-06
  4.4767E-04  6.0404E-04 -9.0826E-06
  5.0876E-04  7.0111E-04 -9.4599E-06
  5.6754E-04  7.9760E-04 -9.6408E-06
  6.2214E-04  8.9158E-04 -9.5819E-06
  6.7193E-04  9.8262E-04 -9.3822E-06
  7.1830E-04  1.0699E-03 -9.0880E-06
  7.6069E-04  1.1534E-03 -8.7073E-06
  7.9815E-04  1.2322E-03 -7.8871E-06
  8.3176E-04  1.3038E-03 -7.1553E-06
  9.1219E-04 -1.5269E-03 -2.5199E-05
  9.0036E-04 -1.4809E-03 -2.2799E-05
  8.3249E-04 -1.1470E-03 -1.8354E-05
  8.5396E-04 -1.2576E-03 -1.4460E-05
  9.1467E-04 -1.5320E-03 -2.8030E-05
  8.7689E-04 -1.3776E-03 -2.4071E-05
  8.8864E-04 -1.4156E-03 -6.5710E-06
  1.1695E-04  1.4065E-04  3.3031E-06
  1.0204E-05  1.3412E-05 -7.6896E-07
  6.4220E-05  7.8454E-05 -2.6634E-06
  1.5467E-04  1.9039E-04 -4.9609E-06
  5.6960E-04 -8.2341E-04 -1.9583E-05
  6.2504E-04 -9.1608E-04 -2.0664E-05
  6.7577E-04 -1.0073E-03 -2.1325E-05
  7.2251E-04 -1.0948E-03 -2.1700E-05
  7.6460E-04 -1.1771E-03 -2.1761E-05
  8.0086E-04 -1.2533E-03 -2.1631E-05
  8.3171E-04 -1.3218E-03 -2.1381E-05
  8.5740E-04 -1.3814E-03 -2.1185E-05
  8.7745E-04 -1.4314E-03 -2.0603E-05
  8.9311E-04 -1.4704E-03 -2.0219E-05
  9.0359E-04 -1.4978E-03 -1.9929E-05
  9.0912E-04 -1.5129E-03 -1.9297E-05
  9.1046E-04 -1.5151E-03 -1.8574E-05
  9.0809E-04 -1.5040E-03 -1.7764E-05
  8.6537E-04 -1.4116E-03 -2.7177E-05
  9.1176E-04 -1.5247E-03 -2.4493E-05
  8.9032E-04 -1.4390E-03 -2.1918E-05
  9.1199E-04 -1.5303E-03 -2.9677E-05
  9.0969E-04 -1.5130E-03 -2.7181E-05
  8.6061E-04  1.2532E-03 -3.6816E-06
  3.7376E-05  4.3905E-05  1.5885E-06
  1.1572E-04  1.3631E-04  2.4123E-06
  1.0940E-04  1.3580E-04 -4.2620E-06
  9.1113E-04 -1.5123E-03 -1.5855E-05
  9.0930E-04 -1.5057E-03 -1.3991E-05
  9.0285E-04 -1.4850E-03 -1.2049E-05
  8.9111E-04 -1.4521E-03 -1.0634E-05
  8.7406E-04 -1.4083E-03 -9.1910E-06
  8.5183E-04 -1.3529E-03 -7.6052E-06
  8.2272E-04 -1.2836E-03 -5.9265E-06
  7.8549E-04 -1.2024E-03 -4.6261E-06
  7.4228E-04 -1.1127E-03 -3.6643E-06
  6.9405E-04 -1.0173E-03 -2.5740E-06
  6.4101E-04 -9.1880E-04 -1.4582E-06
  5.8426E-04 -8.1826E-04 -4.0776E-07
  5.2453E-04 -7.1709E-04  2.7235E-07
  4.6285E-04 -6.1698E-04  8.3102E-07
  8.8558E-04 -1.4578E-03 -2.7060E-05
  7.6514E-04 -5.4207E-04 -1.6542E-05
  8.0744E-04  9.3624E-04 -9.3446E-06
  1.7009E-05  1.9155E-05  4.9324E-07
  6.8471E-05  7.8043E-05  1.1980E-06
  1.5292E-04  1.7965E-04  2.2433E-06
  2.6337E-04  3.2589E-04  3.4516E-06
  1.0157E-05  1.2487E-05 -6.4153E-07
  6.2679E-05  7.4368E-05 -2.0263E-06
  1.5168E-04  1.8315E-04 -4.0542E-06
  2.6308E-04  3.3235E-04 -6.2673E-06
  8.3961E-04 -1.3550E-03 -2.7423E-05
  9.0853E-04 -1.5161E-03 -2.5828E-05
  8.6334E-04 -1.3169E-03 -2.0122E-05
  9.0385E-04  1.4503E-03  2.2311E-06
  7.9241E-04  8.0729E-04 -1.0864E-05
  3.7395E-05  4.2253E-05  8.8512E-07
  3.2423E-04  4.1776E-04 -6.8588E-06
  3.8906E-04  5.1182E-04 -7.4347E-06
  4.5345E-04  6.0909E-04 -7.8692E-06
  5.1319E-04  7.0490E-04 -8.0157E-06
  5.6901E-04  7.9718E-04 -7.9453E-06
  6.2116E-04  8.8715E-04 -7.6917E-06
  6.7029E-04  9.7642E-04 -7.3192E-06
  7.1701E-04  1.0646E-03 -6.8122E-06
  7.6030E-04  1.1498E-03 -5.9990E-06
  7.9874E-04  1.2294E-03 -5.4030E-06
  3.4176E-05  4.2450E-05 -1.9889E-06
  4.5060E-04 -6.2457E-04 -1.5928E-05
  5.0989E-04 -7.1731E-04 -1.7082E-05
  5.6749E-04 -8.1141E-04 -1.7900E-05
  6.2263E-04 -9.0490E-04 -1.8711E-05
  6.7310E-04 -9.9681E-04 -1.9329E-05
  7.1965E-04 -1.0846E-03 -1.9555E-05
  7.6135E-04 -1.1672E-03 -1.9449E-05
  7.9733E-04 -1.2438E-03 -1.9305E-05
  8.2865E-04 -1.3129E-03 -1.9093E-05
  8.5486E-04 -1.3734E-03 -1.8722E-05
  8.7600E-04 -1.4243E-03 -1.8488E-05
  8.9224E-04 -1.4643E-03 -1.7901E-05
  9.0318E-04 -1.4929E-03 -1.7318E-05
  9.0934E-04 -1.5091E-03 -1.6671E-05
  8.9867E-04 -1.4570E-03 -7.1326E-06
  8.7649E-04  1.3324E-03 -1.3395E-06
  1.8756E-05  2.1744E-05 -6.7738E-07
  6.5477E-05  7.6354E-05 -1.5236E-06
  1.4434E-04  1.7120E-04 -3.0678E-06
  2.6689E-04  3.3470E-04 -5.2450E-06
  9.0310E-04 -1.4886E-03 -1.4916E-05
  8.9130E-04 -1.4546E-03 -1.2828E-05
  8.7370E-04 -1.4087E-03 -1.1003E-05
  8.5100E-04 -1.3520E-03 -9.1453E-06
  8.2251E-04 -1.2853E-03 -7.6289E-06
  7.8731E-04 -1.2079E-03 -5.9912E-06
  7.4508E-04 -1.1197E-03 -4.8755E-06
  6.9690E-04 -1.0233E-03 -3.8941E-06
  6.4350E-04 -9.2343E-04 -2.6791E-06
  5.8661E-04 -8.2270E-04 -1.4759E-06
  5.2748E-04 -7.2231E-04 -5.9786E-07
  4.6622E-04 -6.2302E-04  2.9734E-07
  4.0301E-04 -5.2587E-04  8.4649E-07
  3.4010E-04 -4.3285E-04  1.4116E-06
  8.9998E-04 -1.4701E-03 -5.7027E-06
  8.9014E-04 -1.4355E-03 -2.5184E-05
  8.2556E-04  1.0544E-03 -7.4656E-06
  3.2491E-05  3.7307E-05 -1.0279E-06
  3.0251E-05  3.5926E-05 -1.3994E-06
  3.2758E-04 -4.3698E-04 -1.2766E-05
  3.8769E-04 -5.2261E-04 -1.3880E-05
  4.4863E-04 -6.1336E-04 -1.4723E-05
  5.0816E-04 -7.0786E-04 -1.5527E-05
  5.6596E-04 -8.0311E-04 -1.6248E-05
  6.2064E-04 -8.9688E-04 -1.6820E-05
  6.7060E-04 -9.8806E-04 -1.7131E-05
  7.1628E-04 -1.0753E-03 -1.7235E-05
  7.5768E-04 -1.1578E-03 -1.7329E-05
  7.9417E-04 -1.2347E-03 -1.7133E-05
  8.2643E-04 -1.3044E-03 -1.6621E-05
  8.5362E-04 -1.3657E-03 -1.6208E-05
  8.7503E-04 -1.4178E-03 -1.5793E-05
  8.9162E-04 -1.4590E-03 -1.5491E-05
  8.8654E-04 -1.4339E-03 -4.7427E-06
  9.1467E-04  1.4888E-03  4.4287E-06
  3.3624E-04  4.3222E-04 -5.9185E-06
  4.0107E-04  5.2731E-04 -6.4529E-06
  4.6019E-04  6.1686E-04 -6.6407E-06
  5.1368E-04  7.0338E-04 -6.4940E-06
  5.6594E-04  7.8946E-04 -6.1814E-06
  6.1784E-04  8.7943E-04 -5.7081E-06
  6.6931E-04  9.7237E-04 -5.3610E-06
  7.1758E-04  1.0629E-03 -4.6113E-06
  7.6080E-04  1.1480E-03 -4.0272E-06
  1.0262E-04  1.2162E-04 -2.6186E-06
  1.0362E-04  1.2498E-04 -3.3819E-06
  2.8175E-04 -3.4983E-04  1.0121E-06
  1.6847E-04 -1.9936E-04  8.5947E-07
  7.3135E-05 -8.3647E-05  4.8443E-07
  1.2668E-05 -1.3981E-05  1.8120E-07
  8.6710E-04 -1.3843E-03 -3.5915E-06
  8.7685E-04 -1.3638E-03 -8.1032E-06
  8.9158E-04  1.3979E-03  4.2571E-07
  1.4550E-05  1.6679E-05 -5.8850E-07
  5.8026E-05  6.6208E-05 -1.3628E-06
  1.2814E-04  1.5029E-04 -2.5480E-06
  2.2377E-04  2.7418E-04 -4.0667E-06
  2.0637E-04  2.5612E-04 -5.6222E-06
  8.7417E-04 -1.4124E-03 -1.3346E-05
  8.5103E-04 -1.3544E-03 -1.1517E-05
  8.2272E-04 -1.2866E-03 -9.4864E-06
  7.8788E-04 -1.2109E-03 -7.7575E-06
  7.4778E-04 -1.1264E-03 -6.1423E-06
  7.0075E-04 -1.0321E-03 -4.9919E-06
  6.4594E-04 -9.2942E-04 -3.9003E-06
  5.8715E-04 -8.2449E-04 -2.7789E-06
  5.2770E-04 -7.2259E-04 -1.6392E-06
  4.6732E-04 -6.2456E-04 -8.4324E-07
  4.0612E-04 -5.3055E-04 -5.5912E-08
  3.4398E-04 -4.3859E-04  4.8080E-07
  2.2242E-04 -2.6940E-04  1.4214E-06
  8.6571E-04 -1.3252E-03 -1.6781E-05
  8.4113E-04 -1.3227E-03 -2.9015E-06
  8.4229E-04  1.1607E-03 -5.5924E-06
  1.5446E-05  1.7130E-05  2.6938E-07
  5.7461E-05  6.4211E-05  7.2785E-07
  1.2264E-04  1.4176E-04  1.3756E-06
  2.1592E-04  2.6010E-04  1.9828E-06
  3.3425E-04  4.2457E-04  2.8950E-06
  7.1743E-04  1.0607E-03 -2.5400E-06
  6.6857E-04  9.6828E-04 -1.2687E-06
  6.1457E-04  8.6995E-04 -6.1810E-11
  5.5484E-04  7.6591E-04  1.1581E-06
  4.8792E-04  6.5717E-04  1.8914E-06
  4.1467E-04  5.4331E-04  2.4712E-06
  6.3371E-05  7.3195E-05 -1.5192E-06
  8.5202E-04 -1.3593E-03 -1.3655E-05
  8.2317E-04 -1.2904E-03 -1.1628E-05
  7.8820E-04 -1.2133E-03 -9.6680E-06
  7.4872E-04 -1.1295E-03 -7.7774E-06
  7.0452E-04 -1.0410E-03 -6.3089E-06
  6.5370E-04 -9.4526E-04 -5.1801E-06
  5.9411E-04 -8.3758E-04 -3.9447E-06
  5.2584E-04 -7.2071E-04 -2.9101E-06
  4.6377E-04 -6.1890E-04 -1.8397E-06
  4.0294E-04 -5.2550E-04 -1.1072E-06
  3.4403E-04 -4.3804E-04 -4.2027E-07
  2.8832E-04 -3.5842E-04  6.2023E-08
  2.2686E-04 -2.7508E-04  5.2360E-07
  8.8907E-04 -1.4186E-03 -8.5313E-06
  1.6154E-05  1.7863E-05  1.7675E-07
  5.9182E-05  6.6100E-05  5.8459E-07
  1.3746E-04  1.5890E-04  8.0304E-07
  2.4826E-04  3.0354E-04  1.1521E-06
  3.6589E-04  4.6960E-04  1.4461E-06
  6.7097E-04  9.7344E-04 -3.1663E-06
  6.2058E-04  8.8091E-04 -2.0614E-06
  5.6513E-04  7.8394E-04 -1.0562E-06
  5.0378E-04  6.8234E-04  5.1217E-08
  4.3703E-04  5.7690E-04  8.7565E-07
  2.0415E-04  2.5026E-04 -4.6436E-06
  1.7954E-04 -2.1292E-04 -1.2727E-07
  8.5285E-05 -9.7430E-05 -2.5069E-07
  2.1547E-05 -2.3452E-05 -1.9202E-07
  1.1786E-04 -1.3694E-04  1.1334E-06
  6.2027E-04  8.8117E-04 -3.9314E-06
  5.6970E-04  7.9279E-04 -2.7636E-06
  5.1478E-04  7.0097E-04 -1.7836E-06
  4.5405E-04  6.0295E-04 -8.1308E-07
  3.8834E-04  5.0206E-04  8.3266E-08
  3.1902E-04  4.0153E-04  7.2569E-07
  1.5789E-05  1.8288E-05 -6.4665E-07
  2.1081E-04 -2.7112E-04 -9.4044E-06
  2.6586E-04 -3.4405E-04 -1.0581E-05
  3.2499E-04 -4.2585E-04 -1.1604E-05
  3.8646E-04 -5.1464E-04 -1.2472E-05
  4.4851E-04 -6.0819E-04 -1.3284E-05
  5.0818E-04 -7.0381E-04 -1.3936E-05
  5.6485E-04 -7.9744E-04 -1.4625E-05
  6.1763E-04 -8.8881E-04 -1.4860E-05
  6.6654E-04 -9.7853E-04 -1.4971E-05
  7.1247E-04 -1.0653E-03 -1.5021E-05
  7.5449E-04 -1.1480E-03 -1.4913E-05
  7.9176E-04 -1.2257E-03 -1.4378E-05
  8.2461E-04 -1.2965E-03 -1.3979E-05
  1.2152E-04 -1.4054E-04  2.4384E-07
  8.8076E-04 -1.3919E-03 -1.5640E-05
  7.9102E-04 -8.2958E-04 -1.5551E-05
  7.4122E-05  8.5304E-05  1.3446E-06
  1.8347E-04  2.1778E-04  1.3458E-06
  1.6698E-05  1.8394E-05  9.2229E-08
  7.4614E-05  8.4288E-05  1.3337E-07
  1.2692E-04  1.4625E-04  5.4225E-07
  2.0951E-04  2.5082E-04  5.6024E-07
  1.3987E-05  1.5892E-05 -5.0309E-07
  1.4187E-05  1.5990E-05 -4.2326E-07
  1.5043E-05  1.6822E-05 -3.5214E-07
  1.6005E-05  1.7833E-05 -2.9112E-07
  1.4777E-05  1.6253E-05 -2.7087E-07
  1.4128E-05  1.5483E-05 -5.9021E-09
  3.4131E-04  4.3351E-04 -6.8216E-07
  2.3272E-04  2.8204E-04 -5.5835E-07
  1.3373E-04  1.5438E-04 -3.0129E-07
  5.7501E-05  6.4031E-05 -1.7614E-07
  7.8953E-04 -1.2181E-03 -1.1698E-05
  7.4908E-04 -1.1323E-03 -9.8316E-06
  7.0432E-04 -1.0416E-03 -7.9392E-06
  6.5546E-04 -9.4966E-04 -6.5716E-06
  6.0599E-04 -8.5959E-04 -5.4526E-06
  5.4767E-04 -7.5729E-04 -4.2670E-06
  4.7139E-04 -6.3248E-04 -3.1887E-06
  3.7743E-04 -4.8690E-04 -1.9666E-06
  3.5102E-04 -4.4825E-04 -1.3944E-06
  2.6485E-04 -3.2604E-04 -7.4125E-07
  2.4072E-04 -2.9337E-04 -4.1534E-07
  3.8347E-05 -4.2338E-05  7.0575E-07
  8.6332E-04 -1.3007E-03 -9.4657E-06
  6.1987E-05  6.9937E-05  9.4609E-07
  2.9150E-04  3.6273E-04  1.8726E-06
  5.6240E-04  7.8170E-04 -4.4857E-06
  5.1392E-04  7.0003E-04 -3.2876E-06
  4.6653E-04  6.2240E-04 -2.4259E-06
  4.0653E-04  5.3019E-04 -1.5614E-06
  1.4240E-04 -1.6499E-04 -5.5666E-07
  6.6301E-05 -7.4745E-05 -4.9403E-07
  1.7216E-05 -1.9138E-05 -2.2893E-07
  3.9575E-05 -4.3340E-05 -3.2740E-08
  7.7639E-04 -6.8930E-04 -1.6188E-05
  2.4347E-04  2.9811E-04  2.7371E-06
  1.0748E-04  1.2341E-04  1.0075E-06
  5.0509E-04  6.8757E-04 -4.8198E-06
  4.3482E-04  5.7471E-04 -3.3886E-06
  3.3704E-04  4.2813E-04 -2.3904E-06
  2.6247E-04  3.2285E-04 -1.6169E-06
  1.9498E-04  2.3236E-04 -9.8080E-07
  1.7043E-04  2.0068E-04  8.0593E-08
  5.9182E-05 -6.6124E-05 -5.0420E-07
  1.8682E-05  2.1199E-05  5.4816E-07
  6.3892E-05  7.1617E-05  4.2755E-07
  1.0416E-04  1.1936E-04 -4.7952E-07
  4.6305E-05  5.0614E-05 -2.2746E-07
  2.9879E-04  3.7256E-04 -1.2358E-06
  1.5431E-04 -1.9282E-04 -7.1753E-06
  6.3695E-05 -7.9648E-05 -3.8856E-06
  9.8853E-06 -1.3771E-05 -1.1377E-06
  2.5073E-04 -3.0718E-04 -1.1491E-06
  1.4528E-04 -1.6895E-04 -9.0883E-07
  6.4758E-05 -7.3132E-05 -5.9015E-07
  1.5982E-05 -1.7876E-05 -2.2266E-07
  1.7209E-05 -1.8963E-05 -2.5165E-07
  8.7720E-04 -1.3664E-03 -9.7371E-06
  1.5612E-05  1.7443E-05  3.9150E-07
  2.6437E-04 -3.3670E-04 -9.4327E-06
  1.5264E-04 -1.8629E-04 -6.2489E-06
  6.2947E-05 -7.5859E-05 -3.2571E-06
  1.0057E-05 -1.2819E-05 -1.0496E-06
  7.5141E-04 -1.1388E-03 -1.2035E-05
  7.0877E-04 -1.0546E-03 -1.2583E-05
  6.6207E-04 -9.6718E-04 -1.2905E-05
  6.1271E-04 -8.7772E-04 -1.2826E-05
  5.6053E-04 -7.8748E-04 -1.2598E-05
  5.0657E-04 -6.9823E-04 -1.2442E-05
  4.5095E-04 -6.0904E-04 -1.2029E-05
  3.9004E-04 -5.1641E-04 -1.1262E-05
  3.2604E-04 -4.2292E-04 -1.0398E-05
  1.9469E-05 -2.2991E-05 -1.3095E-06
  6.7486E-05 -7.9699E-05 -2.8482E-06
  1.4893E-04 -1.7865E-04 -5.1600E-06
  2.7061E-04 -3.4198E-04 -8.4216E-06
  6.7315E-05 -7.6034E-05 -5.1953E-07
  8.5026E-04 -1.2313E-03 -1.0786E-05
  2.7430E-04  3.3866E-04  2.9763E-09
  2.0675E-04 -2.5551E-04 -7.2948E-06
  1.6875E-05 -1.8836E-05 -2.1934E-07
  9.0257E-04 -1.4774E-03 -1.2429E-05
  8.6313E-04 -1.3014E-03 -1.0903E-05
  1.3824E-04  1.6067E-04  1.8475E-06
  1.6119E-04  1.8919E-04 -1.2060E-06
  6.7675E-05  7.6343E-05 -5.8193E-07
  3.0039E-05 -3.6632E-05 -2.1599E-06
  7.0556E-04 -1.0458E-03 -1.0131E-05
  6.5769E-04 -9.5622E-04 -1.0526E-05
  6.0698E-04 -8.6509E-04 -1.0792E-05
  5.5437E-04 -7.7443E-04 -1.0828E-05
  5.0026E-04 -6.8569E-04 -1.0657E-05
  4.4454E-04 -5.9669E-04 -1.0408E-05
  3.9268E-04 -5.1776E-04 -1.0116E-05
  3.3793E-04 -4.3741E-04 -9.4950E-06
  1.5952E-05 -1.8669E-05 -1.2078E-06
  6.3547E-05 -7.3687E-05 -2.7241E-06
  1.3839E-04 -1.6384E-04 -4.6564E-06
  2.3219E-04 -2.8769E-04 -6.9014E-06
  9.0786E-04 -1.4967E-03 -1.1205E-05
  8.2552E-04 -1.0910E-03 -1.3527E-05
  1.7403E-05  1.9235E-05  1.0233E-07
  1.0855E-04 -1.3775E-04 -6.0107E-06
  3.4072E-04 -4.3444E-04 -2.4262E-06
  2.2019E-04 -2.6640E-04 -1.9211E-06
  1.2208E-04 -1.4137E-04 -1.1998E-06
  5.3855E-05 -6.0336E-05 -7.2391E-07
  1.4364E-05 -1.6041E-05 -3.0989E-07
  6.6969E-05 -7.8422E-05 -2.8921E-06
  3.3029E-05 -3.8551E-05 -1.8651E-06
  8.4588E-04 -1.2101E-03 -1.2095E-05
  4.2339E-04  5.5661E-04 -2.7138E-06
  3.6516E-04  4.6842E-04 -2.0157E-06
  4.3323E-04 -5.7342E-04 -3.4818E-06
  5.1114E-04 -6.9814E-04 -4.5021E-06
  5.4777E-04 -7.5848E-04 -5.3397E-06
  6.0070E-04 -8.5136E-04 -6.6367E-06
  6.5464E-04 -9.4919E-04 -8.2052E-06
  3.1067E-04 -3.9166E-04 -2.8868E-06
  4.1562E-04 -5.4690E-04 -4.0738E-06
  4.8138E-04 -6.5031E-04 -5.4618E-06
  5.4358E-04 -7.5244E-04 -7.0307E-06
  6.0237E-04 -8.5496E-04 -8.6881E-06
  1.9585E-05 -2.1589E-05 -6.3784E-07
  7.6918E-05 -8.8136E-05 -1.3696E-06
  1.6098E-04 -1.9003E-04 -2.2211E-06
  2.7386E-04 -3.3997E-04 -3.1947E-06
  5.4805E-04 -7.6131E-04 -8.9836E-06
  4.8587E-04 -6.5838E-04 -7.3796E-06
  4.2112E-04 -5.5608E-04 -5.7952E-06
  3.5182E-04 -4.5165E-04 -4.4371E-06
  1.0435E-04 -1.2497E-04 -4.3299E-06
  8.9316E-04 -1.4427E-03 -1.3901E-05
  8.0699E-04 -9.6397E-04 -1.4683E-05
  3.3501E-05 -4.3399E-05 -2.7710E-06
  4.9171E-04 -6.6976E-04 -9.0981E-06
  4.2799E-04 -5.6760E-04 -7.4557E-06
  3.6482E-04 -4.7088E-04 -5.8995E-06
  2.9916E-04 -3.7567E-04 -4.5931E-06
  2.2820E-04 -2.7805E-04 -3.3592E-06
  5.9755E-05 -6.7296E-05 -6.8077E-07
  1.6910E-05 -1.9963E-05 -1.2568E-06
  2.3304E-04  2.8312E-04 -1.8737E-06
  1.3659E-04  1.5822E-04 -1.3289E-06
  6.0777E-05  6.8293E-05 -8.2602E-07
  1.0362E-04 -1.2687E-04 -5.0788E-06
  1.9408E-04 -2.3244E-04 -2.1206E-06
  1.5174E-05 -1.7151E-05 -8.0662E-07
  5.5927E-05 -6.2914E-05 -1.5514E-06
  1.1849E-04 -1.3738E-04 -2.2401E-06
  1.5266E-05 -1.7752E-05 -1.1315E-06
  1.4495E-05 -1.6738E-05 -1.0521E-06
  1.3486E-05 -1.5365E-05 -9.4926E-07
  1.4288E-05 -1.6154E-05 -7.7385E-07
  2.5119E-04 -3.0962E-04 -4.6154E-06
  1.5337E-04 -1.8043E-04 -3.3251E-06
  6.5042E-05 -7.4013E-05 -1.9222E-06
  1.4716E-05 -1.6503E-05 -2.5342E-07
  1.4904E-04 -1.7372E-04 -7.0330E-07
  9.0973E-04 -1.5030E-03 -1.0485E-05
  8.3843E-04 -1.1685E-03 -1.1676E-05
  1.8978E-04 -2.2713E-04 -3.4146E-06
  1.0371E-04 -1.1968E-04 -1.2484E-06
  4.3706E-04 -5.8321E-04 -8.9091E-06
  3.6890E-04 -4.7801E-04 -7.2222E-06
  3.0768E-04 -3.8844E-04 -5.7190E-06
  2.0670E-04 -2.5928E-04 -8.3698E-06
  5.1104E-05 -5.7116E-05 -1.4581E-06
  3.8468E-04 -5.0329E-04 -8.5867E-06
  3.1962E-04 -4.0728E-04 -7.0308E-06
  2.3384E-04 -2.8664E-04 -5.1600E-06
  2.1015E-04 -2.5378E-04 -4.4834E-06
  1.1179E-04 -1.2945E-04 -2.3675E-06
  2.4046E-04 -2.9367E-04 -1.5590E-06
  4.8531E-05 -5.3953E-05 -6.6162E-07
  1.3574E-04 -1.5741E-04 -1.0917E-06
  1.4809E-05 -1.6597E-05 -7.3736E-07
  4.5515E-04  6.0733E-04 -5.2138E-06
  3.8891E-04  5.0512E-04 -3.9099E-06
  3.1212E-04  3.9275E-04 -2.7931E-06
  2.0907E-04  2.5108E-04 -2.1224E-06
  1.2205E-04  1.4115E-04 -1.4907E-06
  5.5965E-05  6.2784E-05 -9.7939E-07
  1.1990E-04 -1.3954E-04 -3.2244E-06
  5.5649E-05 -6.3226E-05 -2.1229E-06
  6.1023E-05 -7.0247E-05 -2.5478E-06
  5.9143E-05 -6.7715E-05 -2.3472E-06
  1.3186E-04 -1.5536E-04 -4.2797E-06
  1.2918E-04 -1.5164E-04 -3.9280E-06
  1.2874E-04 -1.5063E-04 -3.6255E-06
  2.1551E-04 -2.6235E-04 -5.3998E-06
  5.4390E-05  6.1412E-05 -1.1927E-06
  5.3668E-05  6.0283E-05 -1.0798E-06
  2.8157E-04  3.4997E-04 -3.1063E-06
  1.8967E-04  2.2645E-04 -2.3515E-06
  1.1318E-04  1.3094E-04 -1.6670E-06
  4.7161E-05 -5.2619E-05 -1.8257E-06
  1.1612E-04  1.3525E-04 -2.1733E-06
  1.1083E-04  1.2849E-04 -1.8657E-06
  4.0593E-04  5.3269E-04 -5.3776E-06
  3.4790E-04  4.4538E-04 -4.1498E-06
  2.5452E-04  3.1334E-04 -3.2645E-06
  1.7766E-04  2.1121E-04 -2.4746E-06
  3.5360E-04  4.5510E-04 -5.1781E-06
  3.0815E-04  3.8843E-04 -4.1472E-06
  2.1883E-04 -2.6847E-04 -6.2479E-06
  2.1370E-04 -2.6063E-04 -5.7570E-06
  2.8905E-04 -3.6346E-04 -6.9486E-06
  2.9339E-04  3.6889E-04 -4.7206E-06
  3.1839E-04 -4.0686E-04 -7.9885E-06
  1.9666E-04  2.3710E-04 -3.2572E-06
  2.5904E-04  3.2054E-04 -3.8064E-06
  2.3440E-04  2.8626E-04 -3.2598E-06
  1.7972E-04  2.1436E-04 -2.7633E-06
  2.9876E-04 -3.7933E-04 -8.0838E-06
