Vector MODE under Modal for nodeset
1218
   5.4737E+02
  1.4863E-05 -2.9995E-05 -4.7336E-06
  7.1432E-05 -1.0401E-04 -1.2599E-05
  1.5992E-04 -2.1985E-04 -2.1713E-05
  2.7029E-04 -3.7111E-04 -3.1828E-05
  3.9179E-04 -5.4891E-04 -4.2433E-05
  5.1477E-04 -7.4165E-04 -5.3008E-05
  6.3057E-04 -9.3650E-04 -6.2879E-05
  7.3111E-04 -1.1206E-03 -7.1464E-05
  8.1233E-04 -1.2805E-03 -7.8194E-05
  8.7015E-04 -1.4047E-03 -8.3722E-05
  9.0538E-04 -1.4827E-03 -8.8068E-05
  9.1912E-04 -1.5069E-03 -9.1167E-05
  9.1543E-04 -1.4727E-03 -9.2896E-05
  8.9804E-04 -1.3788E-03 -9.3264E-05
  8.7289E-04 -1.2271E-03 -9.2268E-05
  8.4485E-04 -1.0232E-03 -8.9968E-05
  8.1964E-04 -7.7528E-04 -8.6522E-05
  8.0080E-04 -4.9427E-04 -8.1896E-05
  7.9187E-04 -1.9292E-04 -7.6439E-05
  7.9409E-04  1.1485E-04 -7.0113E-05
  8.0737E-04  4.1500E-04 -6.3271E-05
  8.3027E-04  6.9432E-04 -5.5881E-05
  8.5958E-04  9.4105E-04 -4.8124E-05
  8.9109E-04  1.1452E-03 -4.0400E-05
  9.2006E-04  1.2989E-03 -3.3118E-05
  9.4144E-04  1.3969E-03 -2.6231E-05
  9.4955E-04  1.4369E-03 -1.9894E-05
  9.3988E-04  1.4197E-03 -1.4147E-05
  9.0849E-04  1.3496E-03 -9.2319E-06
  8.5410E-04  1.2334E-03 -4.8499E-06
  7.7545E-04  1.0813E-03 -1.1304E-06
  6.7615E-04  9.0425E-04  9.4709E-07
  5.6012E-04  7.1530E-04  1.9151E-06
  4.3460E-04  5.2742E-04  2.0359E-06
  3.0850E-04  3.5324E-04  1.6991E-06
  1.9101E-04  2.0492E-04  1.2223E-06
  9.3518E-05  9.1818E-05  8.9359E-07
  2.6361E-05  2.1912E-05  4.7737E-07
  0.0000E+00  0.0000E+00  0.0000E+00
  0.0000E+00  0.0000E+00  0.0000E+00
  0.0000E+00  0.0000E+00  0.0000E+00
  0.0000E+00  0.0000E+00  0.0000E+00
  0.0000E+00  0.0000E+00  0.0000E+00
  0.0000E+00  0.0000E+00  0.0000E+00
  0.0000E+00  0.0000E+00  0.0000E+00
  0.0000E+00  0.0000E+00  0.0000E+00
  0.0000E+00  0.0000E+00  0.0000E+00
  0.0000E+00  0.0000E+00  0.0000E+00
  0.0000E+00  0.0000E+00  0.0000E+00
  0.0000E+00  0.0000E+00  0.0000E+00
  0.0000E+00  0.0000E+00  0.0000E+00
  0.0000E+00  0.0000E+00  0.0000E+00
  0.0000E+00  0.0000E+00  0.0000E+00
  0.0000E+00  0.0000E+00  0.0000E+00
  0.0000E+00  0.0000E+00  0.0000E+00
  0.0000E+00  0.0000E+00  0.0000E+00
  0.0000E+00  0.0000E+00  0.0000E+00
  0.0000E+00  0.0000E+00  0.0000E+00
  0.0000E+00  0.0000E+00  0.0000E+00
  0.0000E+00  0.0000E+00  0.0000E+00
  0.0000E+00  0.0000E+00  0.0000E+00
  0.0000E+00  0.0000E+00  0.0000E+00
  0.0000E+00  0.0000E+00  0.0000E+00
  0.0000E+00  0.0000E+00  0.0000E+00
  0.0000E+00  0.0000E+00  0.0000E+00
  0.0000E+00  0.0000E+00  0.0000E+00
  0.0000E+00  0.0000E+00  0.0000E+00
  0.0000E+00  0.0000E+00  0.0000E+00
  0.0000E+00  0.0000E+00  0.0000E+00
  0.0000E+00  0.0000E+00  0.0000E+00
  0.0000E+00  0.0000E+00  0.0000E+00
  0.0000E+00  0.0000E+00  0.0000E+00
  0.0000E+00  0.0000E+00  0.0000E+00
  0.0000E+00  0.0000E+00  0.0000E+00
  0.0000E+00  0.0000E+00  0.0000E+00
  0.0000E+00  0.0000E+00  0.0000E+00
  0.0000E+00  0.0000E+00  0.0000E+00
  0.0000E+00  0.0000E+00  0.0000E+00
  0.0000E+00  0.0000E+00  0.0000E+00
  0.0000E+00  0.0000E+00  0.0000E+00
  0.0000E+00  0.0000E+00  0.0000E+00
  0.0000E+00  0.0000E+00  0.0000E+00
  0.0000E+00  0.0000E+00  0.0000E+00
  0.0000E+00  0.0000E+00  0.0000E+00
  0.0000E+00  0.0000E+00  0.0000E+00
  0.0000E+00  0.0000E+00  0.0000E+00
  3.2340E-05 -1.7906E-05 -1.8809E-06
  1.0562E-04 -8.6765E-05 -5.7177E-06
  2.0914E-04 -2.0054E-04 -1.0659E-05
  3.3163E-04 -3.5061E-04 -1.6034E-05
  4.6125E-04 -5.2672E-04 -2.1673E-05
  5.8821E-04 -7.1602E-04 -2.7448E-05
  7.0363E-04 -9.0513E-04 -3.3254E-05
  8.0014E-04 -1.0807E-03 -3.8880E-05
  8.7437E-04 -1.2293E-03 -4.4373E-05
  9.2337E-04 -1.3397E-03 -4.9004E-05
  9.4873E-04 -1.4019E-03 -5.2345E-05
  9.5320E-04 -1.4093E-03 -5.5102E-05
  9.4117E-04 -1.3580E-03 -5.8050E-05
  9.1649E-04 -1.2481E-03 -6.1362E-05
  8.8480E-04 -1.0826E-03 -6.4643E-05
  8.5227E-04 -8.6755E-04 -6.8021E-05
  8.2335E-04 -6.1171E-04 -7.1733E-05
  8.0194E-04 -3.2583E-04 -7.5499E-05
  7.9091E-04 -2.2050E-05 -7.9071E-05
  7.9142E-04  2.8660E-04 -8.2266E-05
  8.0370E-04  5.8651E-04 -8.5029E-05
  8.2568E-04  8.6417E-04 -8.7260E-05
  8.5430E-04  1.1070E-03 -8.9026E-05
  8.8481E-04  1.3046E-03 -9.0163E-05
  9.1232E-04  1.4489E-03 -9.0661E-05
  9.3087E-04  1.5351E-03 -9.0300E-05
  9.3560E-04  1.5612E-03 -8.9037E-05
  9.2146E-04  1.5291E-03 -8.6813E-05
  8.8551E-04  1.4435E-03 -8.3220E-05
  8.2583E-04  1.3124E-03 -7.8091E-05
  7.4289E-04  1.1461E-03 -7.0982E-05
  6.4044E-04  9.5621E-04 -6.2328E-05
  5.2270E-04  7.5631E-04 -5.2573E-05
  3.9778E-04  5.5933E-04 -4.2158E-05
  2.7446E-04  3.7811E-04 -3.1765E-05
  1.6246E-04  2.2412E-04 -2.1788E-05
  7.2536E-05  1.0630E-04 -1.2704E-05
  1.5138E-05  3.0752E-05 -4.7419E-06
  0.0000E+00  0.0000E+00  0.0000E+00
  0.0000E+00  0.0000E+00  0.0000E+00
  0.0000E+00  0.0000E+00  0.0000E+00
  0.0000E+00  0.0000E+00  0.0000E+00
  9.4266E-04  1.4274E-03 -2.3308E-05
  9.3260E-04  1.4038E-03 -2.7528E-05
  9.1994E-04  1.3665E-03 -3.2102E-05
  9.0626E-04  1.3163E-03 -3.6945E-05
  8.9102E-04  1.2553E-03 -4.1963E-05
  8.7688E-04  1.1845E-03 -4.6836E-05
  8.6124E-04  1.1038E-03 -5.1512E-05
  8.4733E-04  1.0104E-03 -5.5866E-05
  8.3201E-04  9.0447E-04 -6.0010E-05
  8.1909E-04  7.8664E-04 -6.3827E-05
  8.0644E-04  6.5933E-04 -6.7383E-05
  7.9703E-04  5.2383E-04 -7.0558E-05
  7.8915E-04  3.8208E-04 -7.3333E-05
  7.8474E-04  2.3542E-04 -7.5591E-05
  7.8278E-04  8.5808E-05 -7.7336E-05
  7.8401E-04 -6.5302E-05 -7.8544E-05
  7.8820E-04 -2.1601E-04 -7.9243E-05
  7.9515E-04 -3.6502E-04 -7.9442E-05
  8.0525E-04 -5.1077E-04 -7.9125E-05
  8.1762E-04 -6.5277E-04 -7.8374E-05
  8.3286E-04 -7.9121E-04 -7.7049E-05
  8.5225E-04 -9.3426E-04 -7.4824E-05
  8.5977E-04 -9.8193E-04 -7.2933E-05
  8.7092E-04 -1.0537E-03 -7.0607E-05
  8.8635E-04 -1.1307E-03 -6.7934E-05
  9.0129E-04 -1.2041E-03 -6.5350E-05
  9.1664E-04 -1.2682E-03 -6.2760E-05
  9.2992E-04 -1.3200E-03 -6.0149E-05
  8.1088E-04  7.3542E-04 -8.6251E-05
  8.0110E-04  5.9975E-04 -8.4854E-05
  7.9165E-04  4.5969E-04 -8.3564E-05
  7.8640E-04  3.1845E-04 -8.2323E-05
  7.8349E-04  1.8322E-04 -8.1305E-05
  7.8197E-04  5.3832E-05 -8.0568E-05
  7.8497E-04 -8.0517E-05 -7.9900E-05
  7.8853E-04 -2.2350E-04 -7.9483E-05
  7.9598E-04 -3.6905E-04 -7.9219E-05
  7.9000E-04 -3.6066E-04 -7.9470E-05
  7.8433E-04 -2.2342E-04 -7.6830E-05
  7.7930E-04 -8.5128E-05 -7.4264E-05
  7.7815E-04  5.0490E-05 -7.1911E-05
  7.7947E-04  1.7646E-04 -7.0008E-05
  7.8126E-04  2.9357E-04 -6.8600E-05
  7.8829E-04  4.1235E-04 -6.7329E-05
  7.9590E-04  5.3706E-04 -6.6077E-05
  8.0615E-04  6.6318E-04 -6.4926E-05
  8.6819E-04  1.2145E-03 -8.9574E-05
  8.5333E-04  1.1141E-03 -8.8398E-05
  8.3762E-04  1.0048E-03 -8.7185E-05
  8.2488E-04  8.8740E-04 -8.5815E-05
  8.1270E-04  7.6406E-04 -8.4489E-05
  8.0259E-04  6.3604E-04 -8.3238E-05
  7.9519E-04  5.0393E-04 -8.2096E-05
  7.8783E-04  3.6711E-04 -8.1125E-05
  7.8551E-04  2.2537E-04 -8.0266E-05
  7.8316E-04  7.9646E-05 -7.9699E-05
  7.8485E-04 -6.8488E-05 -7.9326E-05
  8.2939E-04 -9.1607E-04 -8.8362E-05
  8.1692E-04 -8.0119E-04 -8.6221E-05
  8.0386E-04 -6.7991E-04 -8.3997E-05
  7.9429E-04 -5.5329E-04 -8.1725E-05
  7.8601E-04 -4.2367E-04 -7.9556E-05
  7.7997E-04 -2.9251E-04 -7.7576E-05
  7.7746E-04 -1.6043E-04 -7.5831E-05
  7.7508E-04 -2.6581E-05 -7.4368E-05
  7.7800E-04  1.0980E-04 -7.3078E-05
  7.8141E-04  2.4794E-04 -7.2003E-05
  7.8795E-04  3.8662E-04 -7.1180E-05
  9.2222E-04  1.4966E-03 -9.0344E-05
  9.1158E-04  1.4455E-03 -8.9605E-05
  8.9839E-04  1.3824E-03 -8.8728E-05
  8.8558E-04  1.3074E-03 -8.7533E-05
  8.7096E-04  1.2217E-03 -8.6225E-05
  8.5713E-04  1.1258E-03 -8.4804E-05
  8.4322E-04  1.0205E-03 -8.3384E-05
  8.2976E-04  9.0659E-04 -8.2016E-05
  8.1819E-04  7.8457E-04 -8.0724E-05
  8.0606E-04  6.5519E-04 -7.9624E-05
  7.9832E-04  5.1917E-04 -7.8629E-05
  7.9009E-04  3.7799E-04 -7.7939E-05
  7.8582E-04  2.3274E-04 -7.7470E-05
  9.0023E-04 -1.1825E-03 -6.3467E-05
  9.2650E-04  1.3588E-03 -3.0049E-05
  8.2414E-04  8.7530E-04 -8.6735E-05
  8.0558E-04 -5.1455E-04 -7.8581E-05
  7.9579E-04 -5.2369E-04 -8.1898E-05
  8.1890E-04  7.8844E-04 -6.1488E-05
  8.8417E-04  1.3063E-03 -8.9195E-05
  7.8690E-04  3.4885E-04 -8.1922E-05
  7.9278E-04  4.4449E-04 -8.3786E-05
  8.6676E-04 -9.9178E-04 -6.6587E-05
  8.8416E-04 -1.1046E-03 -6.5738E-05
  8.8637E-04 -1.3160E-03 -9.2696E-05
  8.7392E-04 -1.2419E-03 -9.1408E-05
  8.5921E-04 -1.1573E-03 -8.9886E-05
  8.4622E-04 -1.0624E-03 -8.8142E-05
  8.3213E-04 -9.5878E-04 -8.6292E-05
  8.1978E-04 -8.4694E-04 -8.4455E-05
  8.0848E-04 -7.2823E-04 -8.2683E-05
  7.9810E-04 -6.0334E-04 -8.1041E-05
  7.9107E-04 -4.7292E-04 -7.9596E-05
  7.8374E-04 -3.3770E-04 -7.8383E-05
  7.8153E-04 -1.9796E-04 -7.7315E-05
  7.7954E-04 -5.5129E-05 -7.6494E-05
  7.8111E-04  8.9850E-05 -7.5915E-05
  7.7517E-04  4.5132E-06 -7.3216E-05
  7.8527E-04 -5.3241E-05 -7.3652E-05
  9.0007E-04  1.2325E-03 -3.6968E-05
  9.1043E-04  1.3066E-03 -3.4306E-05
  9.3081E-04  1.5456E-03 -8.7662E-05
  9.3495E-04  1.5495E-03 -8.7598E-05
  9.3500E-04  1.5406E-03 -8.7309E-05
  9.3161E-04  1.5190E-03 -8.6644E-05
  9.2473E-04  1.4847E-03 -8.5719E-05
  9.1585E-04  1.4378E-03 -8.4540E-05
  9.0429E-04  1.3786E-03 -8.3220E-05
  8.9157E-04  1.3072E-03 -8.1760E-05
  8.7761E-04  1.2241E-03 -8.0224E-05
  8.6275E-04  1.1299E-03 -7.8683E-05
  8.4855E-04  1.0252E-03 -7.7203E-05
  8.3325E-04  9.1093E-04 -7.5877E-05
  8.2096E-04  7.8798E-04 -7.4715E-05
  8.0781E-04  6.5797E-04 -7.3931E-05
  7.9830E-04  5.2195E-04 -7.3419E-05
  8.3997E-04  1.0134E-03 -8.5467E-05
  8.3735E-04  9.9533E-04 -8.7987E-05
  7.8856E-04 -2.2004E-04 -7.9504E-05
  8.1783E-04 -6.5034E-04 -7.7347E-05
  7.9606E-04 -3.6925E-04 -7.8826E-05
  8.0530E-04 -6.5215E-04 -8.4281E-05
  7.9590E-04  5.2842E-04 -6.8236E-05
  8.3176E-04  9.0104E-04 -5.7701E-05
  8.0681E-04  6.6935E-04 -6.2909E-05
  8.9818E-04  1.3835E-03 -9.0054E-05
  7.9697E-04  5.1435E-04 -8.0534E-05
  8.4438E-04 -1.0437E-03 -8.9260E-05
  9.0097E-04  1.3805E-03 -8.6143E-05
  7.8335E-04  8.2686E-05 -7.8629E-05
  7.8501E-04 -7.3383E-05 -7.9778E-05
  9.2123E-04 -1.4982E-03 -9.1865E-05
  9.1888E-04 -1.4767E-03 -9.1673E-05
  9.1257E-04 -1.4427E-03 -9.1165E-05
  9.0440E-04 -1.3961E-03 -9.0307E-05
  8.9320E-04 -1.3375E-03 -8.9180E-05
  8.8152E-04 -1.2669E-03 -8.7886E-05
  8.6813E-04 -1.1854E-03 -8.6553E-05
  8.5477E-04 -1.0931E-03 -8.5185E-05
  8.4162E-04 -9.9094E-04 -8.3829E-05
  8.2841E-04 -8.7950E-04 -8.2596E-05
  8.1748E-04 -7.5948E-04 -8.1543E-05
  8.0568E-04 -6.3210E-04 -8.0654E-05
  7.9846E-04 -4.9762E-04 -7.9827E-05
  7.9083E-04 -3.5762E-04 -7.9215E-05
  7.8680E-04 -2.1300E-04 -7.8752E-05
  8.0520E-04 -7.0556E-04 -8.3270E-05
  7.8739E-04  3.9554E-04 -6.9255E-05
  9.2365E-04  1.3938E-03 -1.1953E-05
  9.3293E-04  1.4254E-03 -1.5576E-05
  9.3752E-04  1.4439E-03 -1.9594E-05
  9.3776E-04  1.4492E-03 -2.4035E-05
  9.3423E-04  1.4411E-03 -2.8838E-05
  9.2766E-04  1.4198E-03 -3.3795E-05
  9.1805E-04  1.3854E-03 -3.8892E-05
  9.0686E-04  1.3379E-03 -4.3981E-05
  8.9310E-04  1.2773E-03 -4.9019E-05
  8.7929E-04  1.2034E-03 -5.3871E-05
  8.6321E-04  1.1168E-03 -5.8600E-05
  8.4912E-04  1.0178E-03 -6.2992E-05
  8.3353E-04  9.0784E-04 -6.7109E-05
  8.2117E-04  7.8727E-04 -7.0792E-05
  8.5918E-04  1.3744E-03 -8.0358E-05
  8.8634E-04  1.4270E-03 -8.1578E-05
  9.0739E-04  1.4695E-03 -8.2269E-05
  9.2283E-04  1.5010E-03 -8.2520E-05
  9.3343E-04  1.5208E-03 -8.2394E-05
  9.3894E-04  1.5285E-03 -8.1889E-05
  9.4024E-04  1.5236E-03 -8.1083E-05
  9.3768E-04  1.5058E-03 -7.9916E-05
  9.3137E-04  1.4748E-03 -7.8485E-05
  9.2227E-04  1.4304E-03 -7.6809E-05
  9.1051E-04  1.3729E-03 -7.4946E-05
  8.9670E-04  1.3026E-03 -7.2975E-05
  8.8194E-04  1.2200E-03 -7.1008E-05
  8.6546E-04  1.1260E-03 -6.9294E-05
  8.5040E-04  1.0214E-03 -6.7875E-05
  8.3191E-04  9.1016E-04 -7.9146E-05
  8.1551E-04  7.7687E-04 -8.2801E-05
  7.8579E-04  1.3576E-04 -8.0926E-05
  7.8759E-04  2.9722E-04 -8.2379E-05
  8.3450E-04 -7.5418E-04 -7.0126E-05
  8.5044E-04 -8.9013E-04 -6.8905E-05
  8.6700E-04 -1.0171E-03 -6.8327E-05
  8.5793E-04 -1.1403E-03 -9.0905E-05
  7.7907E-04 -1.8352E-04 -7.6537E-05
  7.8058E-04 -2.5718E-04 -7.7131E-05
  7.9233E-04  2.5564E-04 -6.7107E-05
  7.8414E-04  8.7948E-05 -7.0842E-05
  8.6843E-04  1.0515E-03 -4.4507E-05
  8.8056E-04  1.1522E-03 -4.1437E-05
  8.9276E-04  1.2414E-03 -3.9034E-05
  8.1602E-04  1.1646E-03 -3.1688E-06
  8.5026E-04  1.2398E-03 -6.0295E-06
  8.7842E-04  1.3059E-03 -9.2438E-06
  9.0107E-04  1.3616E-03 -1.2912E-05
  9.1819E-04  1.4060E-03 -1.7025E-05
  9.2984E-04  1.4386E-03 -2.1523E-05
  9.3658E-04  1.4586E-03 -2.6369E-05
  9.3871E-04  1.4654E-03 -3.1477E-05
  9.3672E-04  1.4587E-03 -3.6868E-05
  9.3108E-04  1.4381E-03 -4.2404E-05
  9.2201E-04  1.4034E-03 -4.8042E-05
  9.1073E-04  1.3547E-03 -5.3665E-05
  8.9685E-04  1.2920E-03 -5.9256E-05
  8.8250E-04  1.2156E-03 -6.4562E-05
  7.8899E-04  1.2236E-03 -7.4184E-05
  8.2808E-04  1.2946E-03 -7.6427E-05
  8.6093E-04  1.3578E-03 -7.7912E-05
  8.8828E-04  1.4119E-03 -7.8851E-05
  9.0955E-04  1.4561E-03 -7.9293E-05
  9.2550E-04  1.4894E-03 -7.9305E-05
  9.3652E-04  1.5110E-03 -7.8918E-05
  9.4235E-04  1.5204E-03 -7.8112E-05
  9.4375E-04  1.5170E-03 -7.6900E-05
  9.4108E-04  1.5001E-03 -7.5300E-05
  9.3454E-04  1.4698E-03 -7.3398E-05
  9.2491E-04  1.4259E-03 -7.1219E-05
  9.1267E-04  1.3686E-03 -6.8863E-05
  8.9807E-04  1.2983E-03 -6.6495E-05
  9.3030E-04  1.5269E-03 -8.8904E-05
  8.0723E-04  6.5745E-04 -7.6943E-05
  8.6838E-04  1.2184E-03 -8.8249E-05
  8.0449E-04  6.4853E-04 -8.1655E-05
  8.0096E-04  6.1647E-04 -8.4151E-05
  7.8234E-04  7.1953E-05 -8.0319E-05
  8.0801E-04 -4.7850E-04 -7.3895E-05
  7.9103E-04 -1.7694E-04 -7.7559E-05
  7.8333E-04  1.4744E-04 -8.1124E-05
  7.8611E-04 -1.9319E-05 -7.9455E-05
  8.6303E-04 -1.1721E-03 -8.8125E-05
  7.8294E-04  2.3982E-04 -7.3763E-05
  7.7697E-04 -1.2465E-04 -7.5023E-05
  8.3685E-04  8.2143E-04 -5.2345E-05
  8.1020E-04  5.5189E-04 -5.9979E-05
  7.8412E-04  2.2767E-04 -6.8243E-05
  7.9583E-04  3.9636E-04 -6.4155E-05
  7.2798E-04  9.9837E-04 -2.9829E-07
  7.7401E-04  1.0879E-03 -2.3815E-06
  8.1468E-04  1.1708E-03 -5.1013E-06
  8.4959E-04  1.2460E-03 -8.2894E-06
  8.7853E-04  1.3125E-03 -1.1939E-05
  9.0200E-04  1.3689E-03 -1.6044E-05
  9.1992E-04  1.4141E-03 -2.0581E-05
  9.3217E-04  1.4474E-03 -2.5487E-05
  9.3942E-04  1.4680E-03 -3.0774E-05
  9.4183E-04  1.4751E-03 -3.6378E-05
  9.3986E-04  1.4684E-03 -4.2272E-05
  9.3407E-04  1.4475E-03 -4.8348E-05
  9.2477E-04  1.4122E-03 -5.4558E-05
  9.1298E-04  1.3625E-03 -6.0751E-05
  6.9648E-04  1.0437E-03 -6.6239E-05
  7.4664E-04  1.1276E-03 -6.9331E-05
  7.9144E-04  1.2064E-03 -7.1692E-05
  8.2990E-04  1.2789E-03 -7.3387E-05
  8.6284E-04  1.3436E-03 -7.4523E-05
  8.9049E-04  1.3992E-03 -7.5160E-05
  9.1206E-04  1.4451E-03 -7.5293E-05
  9.2839E-04  1.4799E-03 -7.4956E-05
  9.3950E-04  1.5029E-03 -7.4126E-05
  9.4535E-04  1.5134E-03 -7.2795E-05
  9.4657E-04  1.5106E-03 -7.0995E-05
  9.4350E-04  1.4942E-03 -6.8770E-05
  9.3650E-04  1.4640E-03 -6.6175E-05
  9.2617E-04  1.4200E-03 -6.3337E-05
  9.2238E-04  1.4906E-03 -8.8416E-05
  8.7438E-04  1.2236E-03 -8.3384E-05
  7.9009E-04  3.7968E-04 -7.5693E-05
  8.5447E-04  1.1201E-03 -8.6838E-05
  7.9285E-04  4.8252E-04 -8.2973E-05
  8.2002E-04 -6.3040E-04 -7.2488E-05
  7.9738E-04 -3.3472E-04 -7.6113E-05
  8.5242E-04 -9.2481E-04 -7.0996E-05
  8.3360E-04 -7.8092E-04 -7.1624E-05
  8.2907E-04 -7.5471E-04 -7.5634E-05
  8.3865E-04 -8.3688E-04 -7.3541E-05
  7.8819E-04 -2.2965E-04 -7.9216E-05
  8.0413E-04 -4.9531E-04 -7.7719E-05
  8.2104E-04 -6.7020E-04 -7.4152E-05
  8.1128E-04 -5.8334E-04 -7.6166E-05
  8.0171E-04 -6.2003E-04 -8.0711E-05
  7.8797E-04 -4.5196E-04 -7.9487E-05
  8.4799E-04  9.4346E-04 -4.9131E-05
  8.1812E-04  6.8704E-04 -5.6838E-05
  8.7600E-04  1.1653E-03 -4.4105E-05
  8.6028E-04  1.0595E-03 -4.6468E-05
  8.4618E-04  9.9785E-04 -5.3571E-05
  8.5934E-04  1.0836E-03 -4.9057E-05
  7.9714E-04  5.5444E-04 -6.4174E-05
  8.1900E-04  7.8496E-04 -5.9371E-05
  8.4308E-04  9.5856E-04 -5.1498E-05
  8.2903E-04  8.7192E-04 -5.5711E-05
  9.2803E-04  1.4795E-03 -8.2267E-05
  9.3472E-04  1.5506E-03 -8.9152E-05
  9.1302E-04  1.4415E-03 -8.7313E-05
  8.4631E-04  1.0242E-03 -8.0399E-05
  8.2704E-04  8.9837E-04 -8.4116E-05
  8.1064E-04  7.4826E-04 -8.5486E-05
  8.0551E-04 -4.9722E-04 -7.5092E-05
  8.0201E-04 -5.0431E-04 -7.9805E-05
  8.1390E-04 -6.4570E-04 -7.9899E-05
  8.2961E-04 -7.7996E-04 -7.9451E-05
  8.4537E-04 -9.0625E-04 -7.8616E-05
  8.6408E-04 -1.0232E-03 -7.7284E-05
  8.8218E-04 -1.1304E-03 -7.5549E-05
  9.0151E-04 -1.2256E-03 -7.3318E-05
  9.1895E-04 -1.3053E-03 -7.0772E-05
  9.3416E-04 -1.3660E-03 -6.7994E-05
  9.4597E-04 -1.4093E-03 -6.5179E-05
  9.5427E-04 -1.4362E-03 -6.2286E-05
  9.5831E-04 -1.4469E-03 -5.9438E-05
  9.5759E-04 -1.4419E-03 -5.6704E-05
  9.5166E-04 -1.4218E-03 -5.4067E-05
  9.4036E-04 -1.3875E-03 -5.1313E-05
  9.0058E-04 -1.3878E-03 -9.2034E-05
  7.8733E-04 -3.4979E-04 -7.8745E-05
  8.2933E-04 -9.3843E-04 -8.7442E-05
  7.8119E-04 -3.1945E-04 -7.7932E-05
  7.8626E-04 -3.9117E-04 -7.9493E-05
  8.2759E-04  8.2117E-04 -5.4165E-05
  9.3472E-04  1.4495E-03 -3.2736E-05
  8.8026E-04  1.2229E-03 -7.6021E-05
  8.2000E-04  7.8740E-04 -7.7939E-05
  7.8603E-04  2.2984E-04 -7.9000E-05
  7.8781E-04 -1.7823E-04 -7.8281E-05
  8.9366E-04 -1.4471E-03 -8.5669E-05
  9.1065E-04 -1.4787E-03 -8.6718E-05
  9.2231E-04 -1.4986E-03 -8.7422E-05
  9.2871E-04 -1.5065E-03 -8.7734E-05
  9.3072E-04 -1.5019E-03 -8.7674E-05
  9.2901E-04 -1.4845E-03 -8.7368E-05
  9.2355E-04 -1.4543E-03 -8.6826E-05
  9.1568E-04 -1.4112E-03 -8.6162E-05
  9.0518E-04 -1.3555E-03 -8.5349E-05
  8.9333E-04 -1.2871E-03 -8.4421E-05
  8.8037E-04 -1.2067E-03 -8.3484E-05
  8.6621E-04 -1.1147E-03 -8.2625E-05
  8.5289E-04 -1.0118E-03 -8.1829E-05
  8.3828E-04 -8.9882E-04 -8.1126E-05
  8.2683E-04 -7.7648E-04 -8.0345E-05
  8.8868E-04 -1.3274E-03 -9.1109E-05
  8.3644E-04 -9.7627E-04 -8.4925E-05
  7.8199E-04 -6.1843E-05 -7.7555E-05
  8.1721E-04 -8.2501E-04 -8.5337E-05
  8.0066E-04  5.3584E-04 -6.1471E-05
  9.0869E-04  1.3466E-03 -4.8458E-05
  8.4997E-04  1.0241E-03 -7.2839E-05
  8.6014E-04  1.1289E-03 -8.1930E-05
  7.9866E-04  5.2079E-04 -7.6169E-05
  7.9359E-04 -3.6261E-04 -7.9451E-05
  9.0923E-04 -1.4365E-03 -9.2650E-05
  8.7692E-04 -1.2550E-03 -8.9660E-05
  8.1278E-04 -7.4611E-04 -8.1887E-05
  7.9538E-04 -5.8065E-04 -8.1307E-05
  7.8051E-04  2.6286E-04 -7.0427E-05
  7.8758E-04  3.6035E-04 -6.6023E-05
  9.4298E-04  1.4382E-03 -1.7421E-05
  8.8090E-04  1.2098E-03 -5.8695E-05
  9.0770E-04  1.3762E-03 -7.9380E-05
  8.3376E-04  9.0999E-04 -7.1654E-05
  7.8915E-04  3.7427E-04 -7.9708E-05
  8.5853E-04 -1.0178E-03 -8.0500E-05
  8.7666E-04 -1.1254E-03 -7.9467E-05
  8.9652E-04 -1.2198E-03 -7.7964E-05
  9.1377E-04 -1.3004E-03 -7.6058E-05
  9.3064E-04 -1.3657E-03 -7.3724E-05
  9.4382E-04 -1.4155E-03 -7.1257E-05
  9.5474E-04 -1.4503E-03 -6.8564E-05
  9.6271E-04 -1.4741E-03 -6.5501E-05
  9.6555E-04 -1.4787E-03 -6.1972E-05
  9.6091E-04 -1.4618E-03 -5.8534E-05
  9.4955E-04 -1.4284E-03 -5.5274E-05
  9.3159E-04 -1.3811E-03 -5.2073E-05
  9.0752E-04 -1.3213E-03 -4.8903E-05
  8.7745E-04 -1.2503E-03 -4.5665E-05
  8.4139E-04 -1.1697E-03 -4.2120E-05
  8.3334E-04 -8.9076E-04 -8.1803E-05
  7.9471E-04 -4.8764E-04 -7.9655E-05
  7.7922E-04  9.7230E-05 -7.4465E-05
  7.9222E-04  4.6140E-04 -6.4952E-05
  8.0837E-04  6.7511E-04 -6.0875E-05
  9.2994E-04  1.4313E-03 -1.8408E-05
  9.1983E-04  1.3946E-03 -4.3320E-05
  8.6480E-04  1.1220E-03 -6.3517E-05
  6.2038E-04  8.1367E-04  1.1799E-06
  6.7679E-04  9.1069E-04 -2.2726E-07
  7.2812E-04  1.0046E-03 -2.3110E-06
  7.7420E-04  1.0939E-03 -4.9712E-06
  8.1539E-04  1.1773E-03 -8.1390E-06
  8.5116E-04  1.2535E-03 -1.1784E-05
  8.8081E-04  1.3209E-03 -1.5893E-05
  9.0483E-04  1.3781E-03 -2.0489E-05
  9.2321E-04  1.4238E-03 -2.5548E-05
  9.3572E-04  1.4574E-03 -3.1023E-05
  9.4294E-04  1.4781E-03 -3.6944E-05
  9.4518E-04  1.4852E-03 -4.3239E-05
  9.4290E-04  1.4781E-03 -4.9866E-05
  9.3655E-04  1.4565E-03 -5.6722E-05
  5.8605E-04  8.4708E-04 -5.6964E-05
  6.4551E-04  9.3759E-04 -6.0750E-05
  6.9951E-04  1.0266E-03 -6.3866E-05
  7.4879E-04  1.1120E-03 -6.6339E-05
  7.9339E-04  1.1921E-03 -6.8217E-05
  8.3174E-04  1.2661E-03 -6.9506E-05
  8.6495E-04  1.3320E-03 -7.0273E-05
  8.9275E-04  1.3889E-03 -7.0493E-05
  9.1452E-04  1.4359E-03 -7.0138E-05
  9.3096E-04  1.4716E-03 -6.9218E-05
  9.4191E-04  1.4953E-03 -6.7699E-05
  9.4750E-04  1.5061E-03 -6.5587E-05
  9.4826E-04  1.5034E-03 -6.2942E-05
  9.4457E-04  1.4869E-03 -5.9817E-05
  9.3146E-04  1.5325E-03 -8.5124E-05
  8.9454E-04  1.3056E-03 -7.7747E-05
  7.8346E-04  2.3923E-08 -8.0039E-05
  8.2220E-04 -7.6972E-04 -8.1102E-05
  9.5426E-04 -1.4226E-03 -5.4283E-05
  8.2369E-04 -8.6508E-04 -8.3377E-05
  7.8423E-04 -2.0744E-04 -7.8049E-05
  8.1030E-04  6.7873E-04 -5.9388E-05
  9.4156E-04  1.4429E-03 -2.1235E-05
  9.3733E-04  1.4566E-03 -2.7828E-05
  9.3723E-04  1.5314E-03 -8.4272E-05
  9.1918E-04  1.4342E-03 -8.0900E-05
  8.6460E-04  1.1289E-03 -7.4381E-05
  7.8562E-04 -1.1795E-04 -7.9509E-05
  7.9547E-04 -3.5778E-04 -7.8099E-05
  9.4536E-04 -1.4140E-03 -6.8342E-05
  8.4731E-04 -1.0028E-03 -8.2587E-05
  8.1017E-04 -6.4090E-04 -8.0357E-05
  7.7698E-04 -4.4379E-05 -7.5412E-05
  9.3641E-04  1.4338E-03 -2.5597E-05
  9.0325E-04  1.3554E-03 -1.0662E-05
  8.9491E-04  1.2850E-03 -5.3649E-05
  9.3443E-04  1.5118E-03 -8.3386E-05
  7.8458E-04  2.1258E-04 -8.1013E-05
  7.9540E-04 -3.4899E-04 -7.7440E-05
  9.5616E-04 -1.4480E-03 -6.5441E-05
  9.4946E-04 -1.4005E-03 -5.6841E-05
  8.0742E-04  6.5825E-04 -7.0549E-05
  9.1931E-04  1.3994E-03 -1.4320E-05
  9.2888E-04  1.4289E-03 -3.7906E-05
  4.9964E-04  6.2260E-04  1.6883E-06
  5.6229E-04  7.2115E-04  7.5841E-07
  6.2183E-04  8.1964E-04 -7.4056E-07
  6.7752E-04  9.1588E-04 -2.8604E-06
  7.2896E-04  1.0098E-03 -5.5150E-06
  7.7605E-04  1.1008E-03 -8.6914E-06
  8.1831E-04  1.1860E-03 -1.2390E-05
  8.5487E-04  1.2632E-03 -1.6584E-05
  8.8485E-04  1.3311E-03 -2.1262E-05
  9.0893E-04  1.3885E-03 -2.6490E-05
  9.2730E-04  1.4342E-03 -3.2245E-05
  9.3954E-04  1.4679E-03 -3.8509E-05
  9.4634E-04  1.4883E-03 -4.5287E-05
  9.4800E-04  1.4949E-03 -5.2552E-05
  4.6435E-04  6.4639E-04 -4.6801E-05
  5.2824E-04  7.3770E-04 -5.1046E-05
  5.8972E-04  8.3045E-04 -5.4788E-05
  6.4814E-04  9.2270E-04 -5.7961E-05
  7.0162E-04  1.0134E-03 -6.0563E-05
  7.5084E-04  1.1000E-03 -6.2567E-05
  7.9527E-04  1.1811E-03 -6.3972E-05
  8.3370E-04  1.2558E-03 -6.4795E-05
  8.6705E-04  1.3224E-03 -6.5010E-05
  8.9476E-04  1.3800E-03 -6.4576E-05
  9.1652E-04  1.4274E-03 -6.3469E-05
  9.3279E-04  1.4635E-03 -6.1676E-05
  9.4330E-04  1.4871E-03 -5.9167E-05
  9.4832E-04  1.4978E-03 -5.5960E-05
  9.0644E-04  1.4847E-03 -8.4556E-05
  9.3640E-04  1.5382E-03 -8.4839E-05
  8.8840E-04  1.3075E-03 -8.4808E-05
  7.7845E-04 -1.1989E-03 -7.4585E-05
  8.1895E-04 -1.2712E-03 -7.6867E-05
  8.5334E-04 -1.3360E-03 -7.8811E-05
  8.8212E-04 -1.3919E-03 -8.0363E-05
  9.0471E-04 -1.4382E-03 -8.1576E-05
  9.2187E-04 -1.4738E-03 -8.2445E-05
  9.3402E-04 -1.4976E-03 -8.2992E-05
  9.4102E-04 -1.5094E-03 -8.3300E-05
  9.4369E-04 -1.5082E-03 -8.3363E-05
  9.4247E-04 -1.4937E-03 -8.3177E-05
  9.3755E-04 -1.4658E-03 -8.2749E-05
  9.2964E-04 -1.4240E-03 -8.2164E-05
  9.1925E-04 -1.3688E-03 -8.1472E-05
  9.0651E-04 -1.3002E-03 -8.0740E-05
  8.9301E-04 -1.2188E-03 -7.9965E-05
  8.7934E-04 -1.1267E-03 -7.7489E-05
  8.6043E-04 -1.1052E-03 -8.3597E-05
  9.5494E-04 -1.4284E-03 -5.6459E-05
  9.2150E-04  1.5145E-03 -8.5042E-05
  9.2589E-04 -1.3714E-03 -7.8882E-05
  9.4177E-04 -1.4272E-03 -7.6483E-05
  9.5478E-04 -1.4670E-03 -7.3617E-05
  9.6354E-04 -1.4910E-03 -7.0566E-05
  9.6804E-04 -1.4998E-03 -6.7446E-05
  9.6840E-04 -1.4961E-03 -6.4392E-05
  9.6614E-04 -1.4839E-03 -6.1409E-05
  9.5542E-04 -1.4500E-03 -5.7219E-05
  9.3768E-04 -1.4020E-03 -5.3581E-05
  9.1346E-04 -1.3417E-03 -5.0168E-05
  8.8298E-04 -1.2704E-03 -4.6846E-05
  8.4594E-04 -1.1898E-03 -4.3473E-05
  8.0324E-04 -1.1010E-03 -4.0001E-05
  7.5562E-04 -1.0055E-03 -3.6505E-05
  9.1558E-04 -1.2993E-03 -7.3511E-05
  9.6168E-04 -1.4636E-03 -6.2397E-05
  8.4988E-04 -1.0788E-03 -8.6542E-05
  8.8151E-04  1.2999E-03 -7.5724E-06
  9.3540E-04 -1.4890E-03 -8.5111E-05
  8.6163E-04 -1.0209E-03 -7.8749E-05
  9.3207E-04 -1.3639E-03 -7.0988E-05
  9.6167E-04 -1.4609E-03 -5.9309E-05
  9.1761E-04 -1.4485E-03 -8.8825E-05
  9.4182E-04 -1.3770E-03 -5.9083E-05
  7.7766E-04  1.3263E-04 -7.1704E-05
  3.7154E-04  4.3856E-04  1.5256E-06
  4.3708E-04  5.3160E-04  9.5110E-07
  5.0252E-04  6.2889E-04 -1.2934E-07
  5.6373E-04  7.2565E-04 -1.7301E-06
  6.2139E-04  8.2126E-04 -3.9127E-06
  6.7833E-04  9.1949E-04 -6.6557E-06
  7.3256E-04  1.0181E-03 -9.9407E-06
  7.8106E-04  1.1117E-03 -1.3717E-05
  8.2360E-04  1.1975E-03 -1.8022E-05
  8.6008E-04  1.2745E-03 -2.2893E-05
  8.8970E-04  1.3421E-03 -2.8311E-05
  9.1333E-04  1.3992E-03 -3.4330E-05
  9.3115E-04  1.4447E-03 -4.1001E-05
  9.4276E-04  1.4779E-03 -4.8344E-05
  3.3781E-04  4.5536E-04 -3.6270E-05
  4.0278E-04  5.4007E-04 -4.0680E-05
  4.6783E-04  6.3018E-04 -4.4843E-05
  5.3119E-04  7.2412E-04 -4.8590E-05
  5.9267E-04  8.1917E-04 -5.1847E-05
  6.5096E-04  9.1312E-04 -5.4541E-05
  7.0422E-04  1.0045E-03 -5.6612E-05
  7.5305E-04  1.0910E-03 -5.8047E-05
  7.9702E-04  1.1719E-03 -5.8854E-05
  8.3537E-04  1.2466E-03 -5.8987E-05
  8.6868E-04  1.3134E-03 -5.8410E-05
  8.9620E-04  1.3713E-03 -5.7045E-05
  9.1766E-04  1.4187E-03 -5.4871E-05
  9.3341E-04  1.4544E-03 -5.1846E-05
  6.8777E-04 -1.0244E-03 -6.6838E-05
  7.3911E-04 -1.1094E-03 -7.0033E-05
  7.8522E-04 -1.1895E-03 -7.2652E-05
  8.2503E-04 -1.2637E-03 -7.4867E-05
  8.5927E-04 -1.3304E-03 -7.6714E-05
  8.8819E-04 -1.3882E-03 -7.8191E-05
  9.1099E-04 -1.4364E-03 -7.9345E-05
  9.2857E-04 -1.4736E-03 -8.0184E-05
  9.4107E-04 -1.4990E-03 -8.0718E-05
  9.4846E-04 -1.5120E-03 -8.0989E-05
  9.5139E-04 -1.5117E-03 -8.0964E-05
  9.5020E-04 -1.4976E-03 -8.0687E-05
  9.4522E-04 -1.4696E-03 -8.0175E-05
  9.3694E-04 -1.4275E-03 -7.9446E-05
  9.1222E-04 -1.3631E-03 -8.3369E-05
  8.8716E-04 -1.2776E-03 -8.5916E-05
  9.5109E-04 -1.4192E-03 -5.8960E-05
  9.3585E-04  1.4505E-03 -2.2901E-05
  2.4644E-04  2.7274E-04  1.0758E-06
  3.0864E-04  3.5307E-04  6.5523E-07
  3.7547E-04  4.4446E-04 -1.5157E-07
  4.4268E-04  5.4071E-04 -1.3730E-06
  5.0005E-04  6.2602E-04 -3.0836E-06
  5.5817E-04  7.1806E-04 -5.4109E-06
  6.2429E-04  8.2713E-04 -8.3562E-06
  6.8562E-04  9.3311E-04 -1.1806E-05
  7.4051E-04  1.0326E-03 -1.5741E-05
  7.8820E-04  1.1252E-03 -2.0209E-05
  8.2970E-04  1.2097E-03 -2.5251E-05
  8.6525E-04  1.2857E-03 -3.0910E-05
  8.9414E-04  1.3526E-03 -3.7192E-05
  9.1692E-04  1.4092E-03 -4.4222E-05
  1.6000E-05  1.2317E-05 -6.7046E-08
  8.2960E-05  8.1373E-05 -9.9442E-08
  1.8629E-04  1.9852E-04  2.1850E-07
  8.9665E-04  1.3621E-03 -4.7456E-05
  8.6906E-04  1.2956E-03 -4.0543E-05
  8.3483E-04  1.2205E-03 -3.4116E-05
  7.9494E-04  1.1376E-03 -2.8237E-05
  7.4911E-04  1.0477E-03 -2.2999E-05
  6.9640E-04  9.5150E-04 -1.8321E-05
  6.3734E-04  8.4852E-04 -1.4182E-05
  5.7137E-04  7.3885E-04 -1.0550E-05
  4.9722E-04  6.2194E-04 -7.3739E-06
  4.0934E-04  4.9185E-04 -4.5500E-06
  3.9163E-04  4.6690E-04 -2.7067E-06
  3.1961E-04  3.6736E-04 -1.5184E-06
  2.4699E-04  2.7312E-04 -4.3931E-07
  9.5181E-04 -1.4704E-03 -7.6564E-05
  9.6241E-04 -1.4974E-03 -7.3314E-05
  9.6837E-04 -1.5087E-03 -6.9823E-05
  9.6939E-04 -1.5053E-03 -6.6279E-05
  9.6557E-04 -1.4891E-03 -6.2752E-05
  9.5730E-04 -1.4623E-03 -5.9228E-05
  9.4250E-04 -1.4209E-03 -5.5545E-05
  9.1918E-04 -1.3614E-03 -5.1742E-05
  8.8884E-04 -1.2898E-03 -4.8142E-05
  8.5141E-04 -1.2087E-03 -4.4620E-05
  8.0817E-04 -1.1196E-03 -4.1161E-05
  7.5972E-04 -1.0240E-03 -3.7701E-05
  7.0618E-04 -9.2384E-04 -3.4216E-05
  6.4839E-04 -8.2069E-04 -3.0724E-05
  9.1607E-04 -1.4754E-03 -8.4454E-05
  8.8684E-04 -1.2143E-03 -8.1827E-05
  8.4254E-04 -9.0405E-04 -7.9820E-05
  9.2380E-04 -1.5065E-03 -8.9708E-05
  8.7400E-04 -1.1970E-03 -8.4811E-05
  2.7331E-05  2.2881E-05 -6.4728E-07
  8.6854E-05  8.5160E-05 -1.1625E-06
  1.8332E-04  1.9455E-04 -1.4818E-06
  2.1728E-04  2.8486E-04 -2.5858E-05
  2.7700E-04  3.5728E-04 -3.0166E-05
  3.4015E-04  4.3883E-04 -3.4474E-05
  4.0558E-04  5.2739E-04 -3.8607E-05
  4.7149E-04  6.2139E-04 -4.2396E-05
  5.3584E-04  7.1848E-04 -4.5727E-05
  5.9728E-04  8.1468E-04 -4.8459E-05
  6.5450E-04  9.0768E-04 -5.0525E-05
  7.0651E-04  9.9720E-04 -5.1890E-05
  7.5459E-04  1.0824E-03 -5.2607E-05
  7.9813E-04  1.1629E-03 -5.2623E-05
  8.3646E-04  1.2378E-03 -5.1844E-05
  8.6974E-04  1.3047E-03 -5.0073E-05
  9.3460E-04 -1.5073E-03 -8.5287E-05
  9.3018E-04 -1.4603E-03 -8.4830E-05
  8.7202E-04 -1.1219E-03 -8.1107E-05
  8.9869E-04 -1.2198E-03 -7.5641E-05
  9.2544E-04 -1.4998E-03 -8.9914E-05
  8.9901E-04 -1.3468E-03 -8.6874E-05
  9.3080E-04 -1.3392E-03 -6.1702E-05
  1.3345E-04  1.3731E-04  5.6840E-07
  1.0393E-05  1.4705E-05 -3.1095E-06
  6.6877E-05  8.3862E-05 -1.0683E-05
  1.6128E-04  2.0129E-04 -1.9989E-05
  5.7920E-04 -8.3275E-04 -5.7541E-05
  6.3972E-04 -9.2402E-04 -6.1454E-05
  6.9481E-04 -1.0142E-03 -6.4806E-05
  7.4530E-04 -1.1011E-03 -6.7685E-05
  7.9111E-04 -1.1830E-03 -7.0155E-05
  8.3075E-04 -1.2589E-03 -7.2263E-05
  8.6521E-04 -1.3272E-03 -7.3986E-05
  8.9433E-04 -1.3865E-03 -7.5363E-05
  9.1755E-04 -1.4361E-03 -7.6436E-05
  9.3560E-04 -1.4744E-03 -7.7178E-05
  9.4834E-04 -1.5007E-03 -7.7613E-05
  9.5593E-04 -1.5142E-03 -7.7746E-05
  9.5887E-04 -1.5139E-03 -7.7552E-05
  9.5748E-04 -1.4993E-03 -7.7037E-05
  8.7646E-04 -1.3976E-03 -8.2228E-05
  9.3692E-04 -1.5047E-03 -8.5291E-05
  9.2249E-04 -1.4182E-03 -8.4111E-05
  9.1739E-04 -1.5007E-03 -8.9090E-05
  9.2345E-04 -1.4804E-03 -8.9477E-05
  8.7811E-04  1.1964E-03 -5.0175E-05
  4.5732E-05  4.0914E-05  3.2055E-07
  1.3108E-04  1.3410E-04 -6.2270E-07
  1.1153E-04  1.4637E-04 -1.5983E-05
  9.6536E-04 -1.5132E-03 -7.3202E-05
  9.6793E-04 -1.5116E-03 -6.9183E-05
  9.6486E-04 -1.4955E-03 -6.5162E-05
  9.5618E-04 -1.4664E-03 -6.1225E-05
  9.4162E-04 -1.4257E-03 -5.7339E-05
  9.2108E-04 -1.3727E-03 -5.3517E-05
  8.9291E-04 -1.3055E-03 -4.9701E-05
  8.5628E-04 -1.2255E-03 -4.5928E-05
  8.1307E-04 -1.1361E-03 -4.2282E-05
  7.6422E-04 -1.0401E-03 -3.8748E-05
  7.1007E-04 -9.3998E-04 -3.5252E-05
  6.5163E-04 -8.3707E-04 -3.1785E-05
  5.9002E-04 -7.3255E-04 -2.8351E-05
  5.2623E-04 -6.2826E-04 -2.4926E-05
  8.9916E-04 -1.4419E-03 -8.3519E-05
  8.0415E-04 -5.0837E-04 -7.9579E-05
  8.3260E-04  9.0589E-04 -6.3320E-05
  2.1436E-05  1.7470E-05 -8.8194E-07
  7.9160E-05  7.6496E-05 -1.8052E-06
  1.7033E-04  1.7878E-04 -2.3804E-06
  2.8687E-04  3.2472E-04 -2.7126E-06
  1.1345E-05  1.2855E-05 -3.2218E-06
  6.7701E-05  7.7600E-05 -1.0094E-05
  1.6178E-04  1.9087E-04 -1.8700E-05
  2.7840E-04  3.4503E-04 -2.8397E-05
  8.4742E-04 -1.3436E-03 -8.0419E-05
  9.2794E-04 -1.4974E-03 -8.5015E-05
  8.9998E-04 -1.2950E-03 -8.2607E-05
  9.1776E-04  1.3757E-03 -3.5408E-05
  8.2006E-04  7.8661E-04 -6.7050E-05
  4.5035E-05  3.9910E-05 -5.9812E-07
  3.4379E-04  4.3140E-04 -3.2540E-05
  4.1258E-04  5.2632E-04 -3.6430E-05
  4.8039E-04  6.2421E-04 -3.9815E-05
  5.4327E-04  7.2005E-04 -4.2478E-05
  6.0169E-04  8.1186E-04 -4.4389E-05
  6.5618E-04  9.0066E-04 -4.5591E-05
  7.0701E-04  9.8809E-04 -4.6170E-05
  7.5513E-04  1.0734E-03 -4.6084E-05
  7.9883E-04  1.1548E-03 -4.5188E-05
  8.3691E-04  1.2295E-03 -4.3276E-05
  3.3858E-05  4.7140E-05 -7.0012E-06
  4.5933E-04 -6.3631E-04 -4.7217E-05
  5.2422E-04 -7.2830E-04 -5.1638E-05
  5.8670E-04 -8.2212E-04 -5.5595E-05
  6.4618E-04 -9.1568E-04 -5.9094E-05
  7.0073E-04 -1.0079E-03 -6.2174E-05
  7.5103E-04 -1.0962E-03 -6.4847E-05
  7.9667E-04 -1.1792E-03 -6.7114E-05
  8.3644E-04 -1.2562E-03 -6.9021E-05
  8.7128E-04 -1.3255E-03 -7.0577E-05
  9.0066E-04 -1.3859E-03 -7.1822E-05
  9.2427E-04 -1.4362E-03 -7.2746E-05
  9.4263E-04 -1.4751E-03 -7.3314E-05
  9.5548E-04 -1.5015E-03 -7.3553E-05
  9.6303E-04 -1.5144E-03 -7.3402E-05
  9.4351E-04 -1.3951E-03 -6.1644E-05
  8.9187E-04  1.2684E-03 -4.5496E-05
  2.1549E-05  2.1863E-05 -4.4642E-06
  7.2153E-05  7.8679E-05 -9.7679E-06
  1.5661E-04  1.7683E-04 -1.6828E-05
  2.8560E-04  3.4521E-04 -2.6836E-05
  9.6172E-04 -1.4999E-03 -6.8721E-05
  9.5414E-04 -1.4712E-03 -6.4121E-05
  9.3990E-04 -1.4298E-03 -5.9716E-05
  9.1972E-04 -1.3768E-03 -5.5509E-05
  8.9315E-04 -1.3128E-03 -5.1448E-05
  8.5884E-04 -1.2373E-03 -4.7489E-05
  8.1692E-04 -1.1500E-03 -4.3608E-05
  7.6803E-04 -1.0535E-03 -3.9844E-05
  7.1323E-04 -9.5240E-04 -3.6216E-05
  6.5443E-04 -8.4936E-04 -3.2699E-05
  5.9283E-04 -7.4576E-04 -2.9269E-05
  5.2861E-04 -6.4247E-04 -2.5877E-05
  4.6188E-04 -5.4072E-04 -2.2490E-05
  3.9527E-04 -4.4240E-04 -1.9167E-05
  9.5594E-04 -1.4418E-03 -5.6311E-05
  9.0969E-04 -1.4037E-03 -8.7980E-05
  8.4817E-04  1.0146E-03 -5.9244E-05
  3.6067E-05  3.8358E-05 -6.3350E-06
  3.2342E-05  3.7954E-05 -6.3231E-06
  3.3451E-04 -4.4877E-04 -3.6521E-05
  4.0044E-04 -5.3422E-04 -4.1139E-05
  4.6652E-04 -6.2543E-04 -4.5478E-05
  5.3096E-04 -7.2066E-04 -4.9479E-05
  5.9330E-04 -8.1694E-04 -5.3085E-05
  6.5231E-04 -9.1192E-04 -5.6267E-05
  7.0641E-04 -1.0044E-03 -5.9038E-05
  7.5641E-04 -1.0929E-03 -6.1394E-05
  8.0186E-04 -1.1764E-03 -6.3386E-05
  8.4198E-04 -1.2540E-03 -6.5070E-05
  8.7728E-04 -1.3240E-03 -6.6427E-05
  9.0696E-04 -1.3850E-03 -6.7451E-05
  9.3088E-04 -1.4356E-03 -6.8143E-05
  9.4939E-04 -1.4742E-03 -6.8469E-05
  9.4435E-04 -1.4079E-03 -5.3398E-05
  9.2846E-04  1.4111E-03 -3.0436E-05
  3.5926E-04  4.4422E-04 -3.1015E-05
  4.2779E-04  5.4026E-04 -3.4298E-05
  4.9004E-04  6.3022E-04 -3.6682E-05
  5.4638E-04  7.1649E-04 -3.8250E-05
  6.0090E-04  8.0178E-04 -3.9186E-05
  6.5489E-04  8.9001E-04 -3.9622E-05
  7.0748E-04  9.8038E-04 -3.9521E-05
  7.5620E-04  1.0672E-03 -3.8650E-05
  7.9871E-04  1.1475E-03 -3.6786E-05
  1.1113E-04  1.2617E-04 -1.3764E-05
  1.0978E-04  1.3143E-04 -1.4623E-05
  3.3034E-04 -3.6090E-04 -1.6751E-05
  2.0382E-04 -2.0484E-04 -1.1355E-05
  9.3466E-05 -8.3752E-05 -6.2714E-06
  1.9046E-05 -1.1757E-05 -1.8240E-06
  9.2663E-04 -1.3605E-03 -5.0416E-05
  9.1801E-04 -1.2884E-03 -6.4365E-05
  9.0586E-04  1.3279E-03 -4.0408E-05
  1.7482E-05  1.6201E-05 -3.7535E-06
  6.5377E-05  6.7373E-05 -8.6743E-06
  1.4062E-04  1.5453E-04 -1.4864E-05
  2.4170E-04  2.8232E-04 -2.2402E-05
  2.1739E-04  2.6780E-04 -2.4140E-05
  9.3667E-04 -1.4334E-03 -6.3166E-05
  9.1726E-04 -1.3803E-03 -5.8260E-05
  8.9138E-04 -1.3166E-03 -5.3676E-05
  8.5856E-04 -1.2435E-03 -4.9365E-05
  8.1927E-04 -1.1607E-03 -4.5240E-05
  7.7222E-04 -1.0671E-03 -4.1238E-05
  7.1627E-04 -9.6386E-04 -3.7287E-05
  6.5542E-04 -8.5710E-04 -3.3541E-05
  5.9303E-04 -7.5234E-04 -3.0036E-05
  5.2939E-04 -6.5046E-04 -2.6672E-05
  4.6427E-04 -5.5202E-04 -2.3381E-05
  3.9760E-04 -4.5508E-04 -2.0051E-05
  2.6596E-04 -2.7472E-04 -1.3629E-05
  9.1146E-04 -1.3021E-03 -7.8434E-05
  9.0302E-04 -1.3007E-03 -4.7386E-05
  8.6226E-04  1.1121E-03 -5.4800E-05
  1.9521E-05  1.5658E-05 -1.3550E-06
  6.6898E-05  6.2978E-05 -2.6279E-06
  1.3792E-04  1.4149E-04 -3.7283E-06
  2.3722E-04  2.6068E-04 -5.0575E-06
  3.6074E-04  4.2463E-04 -6.1900E-06
  7.5489E-04  1.0598E-03 -3.0630E-05
  7.0510E-04  9.6719E-04 -2.5218E-05
  6.4974E-04  8.6902E-04 -2.0413E-05
  5.8831E-04  7.6532E-04 -1.6135E-05
  5.1960E-04  6.5684E-04 -1.2319E-05
  4.4404E-04  5.4327E-04 -8.9807E-06
  7.0562E-05  7.4974E-05 -9.4616E-06
  9.1302E-04 -1.3831E-03 -6.2246E-05
  8.8812E-04 -1.3193E-03 -5.6784E-05
  8.5594E-04 -1.2461E-03 -5.1780E-05
  8.1805E-04 -1.1652E-03 -4.7185E-05
  7.7473E-04 -1.0780E-03 -4.2934E-05
  7.2352E-04 -9.8259E-04 -3.8872E-05
  6.6219E-04 -8.7400E-04 -3.4780E-05
  5.9099E-04 -7.5464E-04 -3.0685E-05
  5.2523E-04 -6.4936E-04 -2.7198E-05
  4.6033E-04 -5.5166E-04 -2.3949E-05
  3.9674E-04 -4.5949E-04 -2.0834E-05
  3.3622E-04 -3.7484E-04 -1.7881E-05
  2.6858E-04 -2.8612E-04 -1.4584E-05
  9.3270E-04 -1.3567E-03 -6.4448E-05
  2.0335E-05  1.6439E-05 -1.6646E-06
  6.8804E-05  6.5093E-05 -3.1492E-06
  1.5403E-04  1.5957E-04 -5.6484E-06
  2.7183E-04  3.0568E-04 -8.1268E-06
  3.9456E-04  4.7154E-04 -1.0218E-05
  7.0917E-04  9.7705E-04 -3.2297E-05
  6.5790E-04  8.8400E-04 -2.6816E-05
  6.0092E-04  7.8677E-04 -2.1953E-05
  5.3755E-04  6.8499E-04 -1.7574E-05
  4.6853E-04  5.7924E-04 -1.3609E-05
  2.1844E-04  2.5924E-04 -2.2627E-05
  2.1472E-04 -2.2289E-04 -1.2747E-05
  1.0635E-04 -1.0066E-04 -7.8736E-06
  2.9566E-05 -2.2349E-05 -3.3237E-06
  1.4732E-04 -1.3723E-04 -8.3008E-06
  6.5810E-04  8.8827E-04 -3.3138E-05
  6.0675E-04  7.9899E-04 -2.7710E-05
  5.5035E-04  7.0644E-04 -2.2912E-05
  4.8747E-04  6.0777E-04 -1.8560E-05
  4.1898E-04  5.0617E-04 -1.4597E-05
  3.4644E-04  4.0472E-04 -1.1072E-05
  1.8605E-05  1.8040E-05 -4.0585E-06
  2.1541E-04 -2.8093E-04 -2.5952E-05
  2.7608E-04 -3.5407E-04 -3.0460E-05
  3.4037E-04 -4.3687E-04 -3.4977E-05
  4.0701E-04 -5.2703E-04 -3.9289E-05
  4.7396E-04 -6.2233E-04 -4.3302E-05
  5.3856E-04 -7.1978E-04 -4.6939E-05
  5.9981E-04 -8.1548E-04 -5.0084E-05
  6.5734E-04 -9.0884E-04 -5.2786E-05
  7.1077E-04 -1.0005E-03 -5.5136E-05
  7.6088E-04 -1.0890E-03 -5.7161E-05
  8.0658E-04 -1.1731E-03 -5.8896E-05
  8.4725E-04 -1.2514E-03 -6.0330E-05
  8.8314E-04 -1.3218E-03 -6.1366E-05
  1.4907E-04 -1.4512E-04 -9.3944E-06
  9.2916E-04 -1.3701E-03 -7.6279E-05
  8.3142E-04 -7.8383E-04 -7.8344E-05
  8.5524E-05  8.3495E-05 -1.4130E-06
  2.0306E-04  2.1870E-04 -5.6526E-06
  2.0903E-05  1.7129E-05 -2.1595E-06
  8.5873E-05  8.4109E-05 -5.0640E-06
  1.4282E-04  1.4709E-04 -6.1637E-06
  2.3118E-04  2.5316E-04 -8.4601E-06
  1.7096E-05  1.5218E-05 -3.4855E-06
  1.7530E-05  1.5171E-05 -3.2798E-06
  1.8672E-05  1.5895E-05 -3.1408E-06
  1.9936E-05  1.6790E-05 -3.0136E-06
  1.8586E-05  1.5113E-05 -2.7021E-06
  1.7884E-05  1.4280E-05 -2.2062E-06
  3.7045E-04  4.3865E-04 -1.5087E-05
  2.5619E-04  2.8591E-04 -1.1714E-05
  1.5031E-04  1.5598E-04 -8.1819E-06
  6.6964E-05  6.3565E-05 -4.9927E-06
  8.5213E-04 -1.2484E-03 -5.5291E-05
  8.1455E-04 -1.1664E-03 -4.9807E-05
  7.7122E-04 -1.0782E-03 -4.4829E-05
  7.2292E-04 -9.8748E-04 -4.0367E-05
  6.7298E-04 -8.9735E-04 -3.6468E-05
  6.1258E-04 -7.9385E-04 -3.2547E-05
  5.3247E-04 -6.6596E-04 -2.8179E-05
  4.3184E-04 -5.1492E-04 -2.3270E-05
  4.0374E-04 -4.7336E-04 -2.1770E-05
  3.0933E-04 -3.4461E-04 -1.7431E-05
  2.8307E-04 -3.0866E-04 -1.6008E-05
  5.2541E-05 -3.9200E-05 -3.4661E-06
  9.0358E-04 -1.2275E-03 -6.7128E-05
  7.1953E-05  6.8544E-05 -2.2372E-06
  3.1678E-04  3.6409E-04 -7.3831E-06
  5.9914E-04  7.9110E-04 -3.3049E-05
  5.4958E-04  7.0837E-04 -2.7795E-05
  5.0085E-04  6.2968E-04 -2.3369E-05
  4.3862E-04  5.3647E-04 -1.9067E-05
  1.7191E-04 -1.7352E-04 -1.1283E-05
  8.3215E-05 -7.7659E-05 -7.0996E-06
  2.3651E-05 -1.8461E-05 -3.1698E-06
  5.2226E-05 -4.2599E-05 -4.5574E-06
  8.1610E-04 -6.4945E-04 -7.9175E-05
  2.6611E-04  2.9791E-04 -4.0123E-06
  1.2162E-04  1.2318E-04 -4.1002E-06
  5.3974E-04  6.9836E-04 -3.2562E-05
  4.6776E-04  5.8394E-04 -2.6155E-05
  3.6603E-04  4.3562E-04 -2.0100E-05
  2.8766E-04  3.2845E-04 -1.5585E-05
  2.1607E-04  2.3591E-04 -1.1621E-05
  1.8968E-04  2.0282E-04 -8.4901E-06
  7.5136E-05 -6.7881E-05 -6.5809E-06
  2.3485E-05  1.9340E-05 -7.1135E-07
  7.4076E-05  7.0880E-05 -3.8625E-06
  1.1822E-04  1.2044E-04 -7.7204E-06
  5.4431E-05  4.9936E-05 -4.7149E-06
  3.2606E-04  3.7808E-04 -1.5361E-05
  1.6121E-04 -1.9978E-04 -2.0155E-05
  6.7030E-05 -8.3103E-05 -1.0760E-05
  1.0519E-05 -1.4465E-05 -3.1466E-06
  2.9306E-04 -3.2624E-04 -1.7003E-05
  1.7392E-04 -1.7971E-04 -1.1769E-05
  8.0575E-05 -7.6792E-05 -7.2056E-06
  2.1721E-05 -1.7487E-05 -3.1448E-06
  2.3875E-05 -1.7991E-05 -3.0948E-06
  9.1993E-04 -1.3053E-03 -6.7223E-05
  1.9776E-05  1.5863E-05 -1.0821E-06
  2.8117E-04 -3.4663E-04 -2.8974E-05
  1.6438E-04 -1.9254E-04 -1.9223E-05
  6.9186E-05 -7.8346E-05 -1.0476E-05
  1.1710E-05 -1.2890E-05 -3.3926E-06
  8.1090E-04 -1.1692E-03 -5.3768E-05
  7.6466E-04 -1.0839E-03 -5.2168E-05
  7.1380E-04 -9.9475E-04 -5.0410E-05
  6.6001E-04 -9.0290E-04 -4.8417E-05
  6.0297E-04 -8.1005E-04 -4.6154E-05
  5.4404E-04 -7.1807E-04 -4.3619E-05
  4.8351E-04 -6.2615E-04 -4.0731E-05
  4.1745E-04 -5.3095E-04 -3.7255E-05
  3.4805E-04 -4.3506E-04 -3.3246E-05
  2.3014E-05 -2.3114E-05 -4.9683E-06
  7.5875E-05 -8.2253E-05 -1.0615E-05
  1.6419E-04 -1.8523E-04 -1.8010E-05
  2.9306E-04 -3.5337E-04 -2.7891E-05
  8.3967E-05 -7.9597E-05 -7.2633E-06
  8.9036E-04 -1.1614E-03 -6.9729E-05
  2.9996E-04  3.4242E-04 -1.1567E-05
  2.2356E-04 -2.6397E-04 -2.3409E-05
  2.3026E-05 -1.8352E-05 -3.1882E-06
  9.5494E-04 -1.4588E-03 -7.0914E-05
  9.0528E-04 -1.2416E-03 -6.9989E-05
  1.5466E-04  1.6013E-04 -3.1141E-06
  1.7976E-04  1.9223E-04 -1.1277E-05
  7.8053E-05  7.6524E-05 -6.6089E-06
  3.2839E-05 -3.7875E-05 -6.4786E-06
  7.6776E-04 -1.0797E-03 -4.7849E-05
  7.1584E-04 -9.8872E-04 -4.6020E-05
  6.6082E-04 -8.9517E-04 -4.4178E-05
  6.0341E-04 -8.0155E-04 -4.2201E-05
  5.4413E-04 -7.0960E-04 -4.0041E-05
  4.8300E-04 -6.1728E-04 -3.7528E-05
  4.2593E-04 -5.3523E-04 -3.5073E-05
  3.6607E-04 -4.5194E-04 -3.2155E-05
  1.9654E-05 -1.8549E-05 -4.5456E-06
  7.3175E-05 -7.6236E-05 -1.0220E-05
  1.5465E-04 -1.7041E-04 -1.6790E-05
  2.5472E-04 -2.9856E-04 -2.4176E-05
  9.6235E-04 -1.4796E-03 -6.8305E-05
  8.6687E-04 -1.0351E-03 -7.5146E-05
  2.1784E-05  1.7860E-05 -2.0134E-06
  1.1071E-04 -1.4429E-04 -1.5959E-05
  3.9090E-04 -4.6120E-04 -2.1699E-05
  2.5739E-04 -2.8424E-04 -1.6020E-05
  1.4631E-04 -1.5061E-04 -1.0929E-05
  6.7038E-05 -6.3188E-05 -6.7136E-06
  1.9421E-05 -1.5669E-05 -3.1054E-06
  7.6154E-05 -8.0988E-05 -1.0651E-05
  3.7571E-05 -3.9400E-05 -6.7760E-06
  8.8751E-04 -1.1516E-03 -7.2838E-05
  4.5618E-04  5.6475E-04 -2.3405E-05
  3.9562E-04  4.7543E-04 -1.9476E-05
  4.9028E-04 -6.0581E-04 -2.6438E-05
  5.7286E-04 -7.3385E-04 -3.0774E-05
  6.1034E-04 -7.9506E-04 -3.3323E-05
  6.6424E-04 -8.8828E-04 -3.7434E-05
  7.1801E-04 -9.8533E-04 -4.2377E-05
  3.5689E-04 -4.1650E-04 -2.0626E-05
  4.6979E-04 -5.7815E-04 -2.6175E-05
  5.3845E-04 -6.8390E-04 -3.0493E-05
  6.0238E-04 -7.8698E-04 -3.5100E-05
  6.6144E-04 -8.8922E-04 -4.0318E-05
  2.5628E-05 -2.1588E-05 -4.0491E-06
  9.3379E-05 -9.3143E-05 -8.9084E-06
  1.8930E-04 -2.0254E-04 -1.3888E-05
  3.1517E-04 -3.6181E-04 -1.9521E-05
  6.0253E-04 -7.9256E-04 -3.8508E-05
  5.3945E-04 -6.8952E-04 -3.3338E-05
  4.7251E-04 -5.8567E-04 -2.8605E-05
  3.9942E-04 -4.7823E-04 -2.4076E-05
  1.1478E-04 -1.2926E-04 -1.4471E-05
  9.4339E-04 -1.4225E-03 -7.3640E-05
  8.4786E-04 -9.1277E-04 -7.7034E-05
  3.3689E-05 -4.6345E-05 -7.0007E-06
  5.4099E-04 -6.9749E-04 -3.6517E-05
  4.7599E-04 -5.9472E-04 -3.1346E-05
  4.1036E-04 -4.9612E-04 -2.6722E-05
  3.4068E-04 -3.9782E-04 -2.2391E-05
  2.6375E-04 -2.9569E-04 -1.8002E-05
  7.4321E-05 -7.0660E-05 -7.0263E-06
  2.0474E-05 -1.9902E-05 -4.7139E-06
  2.5626E-04  2.8856E-04 -1.5565E-05
  1.5298E-04  1.6083E-04 -1.1038E-05
  7.0156E-05  6.8484E-05 -6.9337E-06
  1.1082E-04 -1.3142E-04 -1.4899E-05
  2.2739E-04 -2.4802E-04 -1.5134E-05
  1.9936E-05 -1.6876E-05 -3.8848E-06
  6.8319E-05 -6.5769E-05 -7.9378E-06
  1.4053E-04 -1.4582E-04 -1.2005E-05
  1.9167E-05 -1.7546E-05 -4.3658E-06
  1.8536E-05 -1.6447E-05 -4.1600E-06
  1.7539E-05 -1.4999E-05 -3.9039E-06
  1.8697E-05 -1.5813E-05 -3.7852E-06
  2.8680E-04 -3.2762E-04 -2.0619E-05
  1.7837E-04 -1.9099E-04 -1.5063E-05
  7.8386E-05 -7.7459E-05 -9.0249E-06
  2.0001E-05 -1.6109E-05 -3.0762E-06
  1.7888E-04 -1.8401E-04 -1.1843E-05
  9.6569E-04 -1.4870E-03 -6.5785E-05
  8.7857E-04 -1.1022E-03 -7.2093E-05
  2.1998E-04 -2.4113E-04 -1.6607E-05
  1.2475E-04 -1.2721E-04 -1.0179E-05
  4.8080E-04 -6.0725E-04 -3.4416E-05
  4.1087E-04 -5.0074E-04 -2.9052E-05
  3.4685E-04 -4.0922E-04 -2.4507E-05
  2.1844E-04 -2.6744E-04 -2.4521E-05
  6.3030E-05 -5.9627E-05 -7.4485E-06
  4.2279E-04 -5.2372E-04 -3.2218E-05
  3.5586E-04 -4.2614E-04 -2.7139E-05
  2.6488E-04 -3.0173E-04 -2.1068E-05
  2.4055E-04 -2.6811E-04 -1.8974E-05
  1.3226E-04 -1.3700E-04 -1.1974E-05
  2.8091E-04 -3.1280E-04 -1.6740E-05
  6.0469E-05 -5.6300E-05 -6.3329E-06
  1.6248E-04 -1.6772E-04 -1.1441E-05
  1.9655E-05 -1.6291E-05 -3.6913E-06
  4.8717E-04  6.1881E-04 -3.2010E-05
  4.1936E-04  5.1480E-04 -2.6125E-05
  3.3957E-04  4.0042E-04 -2.0544E-05
  2.3035E-04  2.5628E-04 -1.5616E-05
  1.3682E-04  1.4364E-04 -1.1153E-05
  6.4526E-05  6.3011E-05 -7.1423E-06
  1.3988E-04 -1.4698E-04 -1.3565E-05
  6.6557E-05 -6.5616E-05 -8.7581E-06
  7.1141E-05 -7.2795E-05 -9.7954E-06
  6.9825E-05 -7.0255E-05 -9.3499E-06
  1.4897E-04 -1.6211E-04 -1.5898E-05
  1.4740E-04 -1.5875E-04 -1.5218E-05
  1.4831E-04 -1.5821E-04 -1.4628E-05
  2.4272E-04 -2.7519E-04 -2.0713E-05
  6.1935E-05  6.2100E-05 -7.9606E-06
  6.1600E-05  6.0661E-05 -7.4572E-06
  3.0677E-04  3.5751E-04 -2.0483E-05
  2.0912E-04  2.3144E-04 -1.5700E-05
  1.2674E-04  1.3341E-04 -1.1447E-05
  5.7262E-05 -5.4425E-05 -7.7859E-06
  1.2861E-04  1.3856E-04 -1.3257E-05
  1.2362E-04  1.3120E-04 -1.2109E-05
  4.3525E-04  5.4417E-04 -3.0974E-05
  3.7573E-04  4.5501E-04 -2.5625E-05
  2.7746E-04  3.2067E-04 -2.0295E-05
  1.9562E-04  2.1620E-04 -1.6002E-05
  3.7981E-04  4.6606E-04 -2.9184E-05
  3.3326E-04  3.9763E-04 -2.4685E-05
  2.4244E-04 -2.7967E-04 -2.2457E-05
  2.3881E-04 -2.7247E-04 -2.1401E-05
  3.2097E-04 -3.7972E-04 -2.5932E-05
  3.1590E-04  3.7874E-04 -2.6393E-05
  3.4998E-04 -4.2324E-04 -2.8816E-05
  2.1424E-04  2.4360E-04 -1.9333E-05
  2.8088E-04  3.2877E-04 -2.2729E-05
  2.5558E-04  2.9330E-04 -2.0077E-05
  1.9711E-04  2.1977E-04 -1.7140E-05
  3.2684E-04 -3.9358E-04 -2.8403E-05
