Vector MODE under Modal for nodeset
1218
   5.4746E+02
  1.1328E-05 -2.3268E-05 -3.6973E-06
  5.4795E-05 -8.0468E-05 -9.8565E-06
  1.2295E-04 -1.6982E-04 -1.6954E-05
  2.0798E-04 -2.8648E-04 -2.4778E-05
  3.0153E-04 -4.2363E-04 -3.2946E-05
  3.9624E-04 -5.7231E-04 -4.1069E-05
  4.8534E-04 -7.2273E-04 -4.8698E-05
  5.6277E-04 -8.6493E-04 -5.5409E-05
  6.2537E-04 -9.8847E-04 -6.0707E-05
  6.7003E-04 -1.0846E-03 -6.5064E-05
  6.9730E-04 -1.1452E-03 -6.8461E-05
  7.0797E-04 -1.1645E-03 -7.0892E-05
  7.0518E-04 -1.1386E-03 -7.2210E-05
  6.9179E-04 -1.0667E-03 -7.2456E-05
  6.7242E-04 -9.5026E-04 -7.1672E-05
  6.5080E-04 -7.9344E-04 -6.9862E-05
  6.3130E-04 -6.0262E-04 -6.7129E-05
  6.1672E-04 -3.8624E-04 -6.3509E-05
  6.0973E-04 -1.5414E-04 -5.9253E-05
  6.1136E-04  8.2907E-05 -5.4301E-05
  6.2148E-04  3.1405E-04 -4.8864E-05
  6.3885E-04  5.2913E-04 -4.3053E-05
  6.6120E-04  7.1909E-04 -3.7047E-05
  6.8529E-04  8.7629E-04 -3.1115E-05
  7.0750E-04  9.9471E-04 -2.5513E-05
  7.2387E-04  1.0703E-03 -2.0157E-05
  7.3002E-04  1.1014E-03 -1.5259E-05
  7.2258E-04  1.0886E-03 -1.0852E-05
  6.9853E-04  1.0351E-03 -7.0204E-06
  6.5676E-04  9.4626E-04 -3.5862E-06
  5.9635E-04  8.2977E-04 -7.4291E-07
  5.2006E-04  6.9402E-04  8.6362E-07
  4.3087E-04  5.4909E-04  1.5710E-06
  3.3441E-04  4.0487E-04  1.6334E-06
  2.3740E-04  2.7113E-04  1.3584E-06
  1.4706E-04  1.5717E-04  9.7896E-07
  7.2008E-05  7.0359E-05  7.1517E-07
  2.0340E-05  1.6723E-05  3.7815E-07
  0.0000E+00  0.0000E+00  0.0000E+00
  0.0000E+00  0.0000E+00  0.0000E+00
  0.0000E+00  0.0000E+00  0.0000E+00
  0.0000E+00  0.0000E+00  0.0000E+00
  0.0000E+00  0.0000E+00  0.0000E+00
  0.0000E+00  0.0000E+00  0.0000E+00
  0.0000E+00  0.0000E+00  0.0000E+00
  0.0000E+00  0.0000E+00  0.0000E+00
  0.0000E+00  0.0000E+00  0.0000E+00
  0.0000E+00  0.0000E+00  0.0000E+00
  0.0000E+00  0.0000E+00  0.0000E+00
  0.0000E+00  0.0000E+00  0.0000E+00
  0.0000E+00  0.0000E+00  0.0000E+00
  0.0000E+00  0.0000E+00  0.0000E+00
  0.0000E+00  0.0000E+00  0.0000E+00
  0.0000E+00  0.0000E+00  0.0000E+00
  0.0000E+00  0.0000E+00  0.0000E+00
  0.0000E+00  0.0000E+00  0.0000E+00
  0.0000E+00  0.0000E+00  0.0000E+00
  0.0000E+00  0.0000E+00  0.0000E+00
  0.0000E+00  0.0000E+00  0.0000E+00
  0.0000E+00  0.0000E+00  0.0000E+00
  0.0000E+00  0.0000E+00  0.0000E+00
  0.0000E+00  0.0000E+00  0.0000E+00
  0.0000E+00  0.0000E+00  0.0000E+00
  0.0000E+00  0.0000E+00  0.0000E+00
  0.0000E+00  0.0000E+00  0.0000E+00
  0.0000E+00  0.0000E+00  0.0000E+00
  0.0000E+00  0.0000E+00  0.0000E+00
  0.0000E+00  0.0000E+00  0.0000E+00
  0.0000E+00  0.0000E+00  0.0000E+00
  0.0000E+00  0.0000E+00  0.0000E+00
  0.0000E+00  0.0000E+00  0.0000E+00
  0.0000E+00  0.0000E+00  0.0000E+00
  0.0000E+00  0.0000E+00  0.0000E+00
  0.0000E+00  0.0000E+00  0.0000E+00
  0.0000E+00  0.0000E+00  0.0000E+00
  0.0000E+00  0.0000E+00  0.0000E+00
  0.0000E+00  0.0000E+00  0.0000E+00
  0.0000E+00  0.0000E+00  0.0000E+00
  0.0000E+00  0.0000E+00  0.0000E+00
  0.0000E+00  0.0000E+00  0.0000E+00
  0.0000E+00  0.0000E+00  0.0000E+00
  0.0000E+00  0.0000E+00  0.0000E+00
  0.0000E+00  0.0000E+00  0.0000E+00
  0.0000E+00  0.0000E+00  0.0000E+00
  0.0000E+00  0.0000E+00  0.0000E+00
  0.0000E+00  0.0000E+00  0.0000E+00
  2.4826E-05 -1.3818E-05 -1.3967E-06
  8.1158E-05 -6.6788E-05 -4.3318E-06
  1.6071E-04 -1.5430E-04 -8.1072E-06
  2.5483E-04 -2.6969E-04 -1.2196E-05
  3.5449E-04 -4.0500E-04 -1.6489E-05
  4.5206E-04 -5.5046E-04 -2.0907E-05
  5.4079E-04 -6.9572E-04 -2.5378E-05
  6.1493E-04 -8.3062E-04 -2.9750E-05
  6.7195E-04 -9.4470E-04 -3.4059E-05
  7.0957E-04 -1.0295E-03 -3.7705E-05
  7.2901E-04 -1.0773E-03 -4.0372E-05
  7.3242E-04 -1.0829E-03 -4.2542E-05
  7.2315E-04 -1.0436E-03 -4.4817E-05
  7.0415E-04 -9.5933E-04 -4.7367E-05
  6.7978E-04 -8.3233E-04 -4.9874E-05
  6.5474E-04 -6.6725E-04 -5.2411E-05
  6.3253E-04 -4.7083E-04 -5.5200E-05
  6.1613E-04 -2.5132E-04 -5.8062E-05
  6.0767E-04 -1.8011E-05 -6.0828E-05
  6.0806E-04  2.1906E-04 -6.3323E-05
  6.1747E-04  4.4945E-04 -6.5490E-05
  6.3429E-04  6.6278E-04 -6.7244E-05
  6.5621E-04  8.4940E-04 -6.8642E-05
  6.7954E-04  1.0012E-03 -6.9512E-05
  7.0058E-04  1.1121E-03 -6.9807E-05
  7.1474E-04  1.1783E-03 -6.9409E-05
  7.1836E-04  1.1983E-03 -6.8293E-05
  7.0746E-04  1.1736E-03 -6.6452E-05
  6.7983E-04  1.1078E-03 -6.3602E-05
  6.3401E-04  1.0071E-03 -5.9613E-05
  5.7034E-04  8.7938E-04 -5.4169E-05
  4.9171E-04  7.3355E-04 -4.7533E-05
  4.0135E-04  5.8012E-04 -4.0086E-05
  3.0544E-04  4.2896E-04 -3.2191E-05
  2.1076E-04  2.8991E-04 -2.4253E-05
  1.2472E-04  1.7180E-04 -1.6617E-05
  5.5733E-05  8.1401E-05 -9.6794E-06
  1.1644E-05  2.3518E-05 -3.6365E-06
  0.0000E+00  0.0000E+00  0.0000E+00
  0.0000E+00  0.0000E+00  0.0000E+00
  0.0000E+00  0.0000E+00  0.0000E+00
  0.0000E+00  0.0000E+00  0.0000E+00
  7.2485E-04  1.0943E-03 -1.7904E-05
  7.1720E-04  1.0764E-03 -2.1181E-05
  7.0756E-04  1.0479E-03 -2.4715E-05
  6.9711E-04  1.0095E-03 -2.8451E-05
  6.8543E-04  9.6271E-04 -3.2319E-05
  6.7457E-04  9.0844E-04 -3.6083E-05
  6.6254E-04  8.4656E-04 -3.9708E-05
  6.5183E-04  7.7492E-04 -4.3090E-05
  6.4000E-04  6.9362E-04 -4.6313E-05
  6.3002E-04  6.0322E-04 -4.9287E-05
  6.2024E-04  5.0556E-04 -5.2056E-05
  6.1295E-04  4.0163E-04 -5.4516E-05
  6.0685E-04  2.9290E-04 -5.6653E-05
  6.0340E-04  1.8040E-04 -5.8377E-05
  6.0184E-04  6.5620E-05 -5.9711E-05
  6.0269E-04 -5.0340E-05 -6.0628E-05
  6.0583E-04 -1.6603E-04 -6.1145E-05
  6.1110E-04 -2.8047E-04 -6.1273E-05
  6.1883E-04 -3.9247E-04 -6.1006E-05
  6.2831E-04 -5.0163E-04 -6.0404E-05
  6.3997E-04 -6.0806E-04 -5.9368E-05
  6.5483E-04 -7.1802E-04 -5.7653E-05
  6.6057E-04 -7.5466E-04 -5.6196E-05
  6.6910E-04 -8.0983E-04 -5.4420E-05
  6.8095E-04 -8.6895E-04 -5.2385E-05
  6.9241E-04 -9.2535E-04 -5.0410E-05
  7.0421E-04 -9.7454E-04 -4.8430E-05
  7.1444E-04 -1.0144E-03 -4.6433E-05
  6.2293E-04  5.6402E-04 -6.6455E-05
  6.1543E-04  4.5993E-04 -6.5363E-05
  6.0818E-04  3.5248E-04 -6.4344E-05
  6.0415E-04  2.4414E-04 -6.3362E-05
  6.0192E-04  1.4041E-04 -6.2564E-05
  6.0077E-04  4.1156E-05 -6.2006E-05
  6.0311E-04 -6.1941E-05 -6.1514E-05
  6.0590E-04 -1.7172E-04 -6.1210E-05
  6.1166E-04 -2.8353E-04 -6.1039E-05
  6.0827E-04 -2.8298E-04 -6.1620E-05
  6.0377E-04 -1.7697E-04 -5.9549E-05
  5.9981E-04 -7.0173E-05 -5.7531E-05
  5.9884E-04  3.4555E-05 -5.5677E-05
  5.9979E-04  1.3185E-04 -5.4168E-05
  6.0112E-04  2.2232E-04 -5.3042E-05
  6.0645E-04  3.1408E-04 -5.2023E-05
  6.1224E-04  4.1040E-04 -5.1038E-05
  6.2008E-04  5.0783E-04 -5.0136E-05
  6.6688E-04  9.3216E-04 -6.9059E-05
  6.5553E-04  8.5522E-04 -6.8139E-05
  6.4350E-04  7.7141E-04 -6.7187E-05
  6.3374E-04  6.8134E-04 -6.6114E-05
  6.2439E-04  5.8672E-04 -6.5075E-05
  6.1663E-04  4.8851E-04 -6.4085E-05
  6.1097E-04  3.8716E-04 -6.3188E-05
  6.0537E-04  2.8216E-04 -6.2464E-05
  6.0363E-04  1.7334E-04 -6.1823E-05
  6.0187E-04  6.1385E-05 -6.1412E-05
  6.0320E-04 -5.2511E-05 -6.1170E-05
  6.3876E-04 -7.1055E-04 -6.8589E-05
  6.2905E-04 -6.2173E-04 -6.6915E-05
  6.1888E-04 -5.2797E-04 -6.5177E-05
  6.1140E-04 -4.3012E-04 -6.3396E-05
  6.0494E-04 -3.2998E-04 -6.1694E-05
  6.0022E-04 -2.2865E-04 -6.0130E-05
  5.9821E-04 -1.2663E-04 -5.8743E-05
  5.9629E-04 -2.3265E-05 -5.7564E-05
  5.9846E-04  8.2039E-05 -5.6527E-05
  6.0103E-04  1.8868E-04 -5.5674E-05
  6.0601E-04  2.9573E-04 -5.5007E-05
  7.0832E-04  1.1490E-03 -6.9494E-05
  7.0028E-04  1.1099E-03 -6.8970E-05
  6.9025E-04  1.0617E-03 -6.8312E-05
  6.8046E-04  1.0042E-03 -6.7406E-05
  6.6925E-04  9.3857E-04 -6.6401E-05
  6.5864E-04  8.6493E-04 -6.5305E-05
  6.4794E-04  7.8419E-04 -6.4203E-05
  6.3761E-04  6.9674E-04 -6.3138E-05
  6.2876E-04  6.0307E-04 -6.2150E-05
  6.1950E-04  5.0370E-04 -6.1329E-05
  6.1359E-04  3.9918E-04 -6.0599E-05
  6.0733E-04  2.9060E-04 -6.0102E-05
  6.0412E-04  1.7879E-04 -5.9777E-05
  6.9162E-04 -9.0887E-04 -4.8983E-05
  7.1247E-04  1.0412E-03 -2.3125E-05
  6.3311E-04  6.7168E-04 -6.6846E-05
  6.1901E-04 -3.9542E-04 -6.0526E-05
  6.1270E-04 -4.0814E-04 -6.3520E-05
  6.2993E-04  6.0393E-04 -4.7456E-05
  6.7922E-04  1.0030E-03 -6.8729E-05
  6.0456E-04  2.6784E-04 -6.3050E-05
  6.0906E-04  3.4050E-04 -6.4513E-05
  6.6591E-04 -7.6251E-04 -5.1345E-05
  6.7927E-04 -8.4900E-04 -5.0709E-05
  6.8272E-04 -1.0181E-03 -7.2023E-05
  6.7303E-04 -9.6065E-04 -7.1009E-05
  6.6161E-04 -8.9520E-04 -6.9814E-05
  6.5149E-04 -8.2177E-04 -6.8442E-05
  6.4054E-04 -7.4161E-04 -6.6991E-05
  6.3094E-04 -6.5513E-04 -6.5530E-05
  6.2216E-04 -5.6336E-04 -6.4129E-05
  6.1409E-04 -4.6685E-04 -6.2825E-05
  6.0859E-04 -3.6609E-04 -6.1658E-05
  6.0286E-04 -2.6169E-04 -6.0673E-05
  6.0109E-04 -1.5385E-04 -5.9811E-05
  5.9949E-04 -4.3650E-05 -5.9139E-05
  6.0064E-04  6.8166E-05 -5.8652E-05
  5.9647E-04 -1.2119E-07 -5.6690E-05
  6.0452E-04 -4.6252E-05 -5.7068E-05
  6.9223E-04  9.4387E-04 -2.8483E-05
  7.0020E-04  1.0013E-03 -2.6415E-05
  7.1485E-04  1.1865E-03 -6.7169E-05
  7.1822E-04  1.1899E-03 -6.7190E-05
  7.1841E-04  1.1834E-03 -6.7032E-05
  7.1591E-04  1.1670E-03 -6.6575E-05
  7.1069E-04  1.1409E-03 -6.5904E-05
  7.0389E-04  1.1050E-03 -6.5020E-05
  6.9501E-04  1.0596E-03 -6.4018E-05
  6.8525E-04  1.0048E-03 -6.2891E-05
  6.7454E-04  9.4100E-04 -6.1706E-05
  6.6314E-04  8.6863E-04 -6.0533E-05
  6.5226E-04  7.8814E-04 -5.9421E-05
  6.4055E-04  7.0029E-04 -5.8454E-05
  6.3118E-04  6.0568E-04 -5.7614E-05
  6.2112E-04  5.0557E-04 -5.7058E-05
  6.1385E-04  4.0075E-04 -5.6700E-05
  6.4539E-04  7.7836E-04 -6.5837E-05
  6.4323E-04  7.6374E-04 -6.7828E-05
  6.0600E-04 -1.6897E-04 -6.1289E-05
  6.2838E-04 -4.9985E-04 -5.9561E-05
  6.1164E-04 -2.8383E-04 -6.0687E-05
  6.2014E-04 -5.0742E-04 -6.5388E-05
  6.1217E-04  4.0447E-04 -5.2715E-05
  6.3986E-04  6.9032E-04 -4.4512E-05
  6.2068E-04  5.1191E-04 -4.8561E-05
  6.8988E-04  1.0621E-03 -6.9380E-05
  6.1245E-04  3.9541E-04 -6.2021E-05
  6.5025E-04 -8.0828E-04 -6.9312E-05
  6.9237E-04  1.0607E-03 -6.6291E-05
  6.0213E-04  6.3593E-05 -6.0654E-05
  6.0324E-04 -5.6265E-05 -6.1463E-05
  7.0951E-04 -1.1575E-03 -7.1421E-05
  7.0762E-04 -1.1407E-03 -7.1266E-05
  7.0270E-04 -1.1142E-03 -7.0850E-05
  6.9632E-04 -1.0780E-03 -7.0158E-05
  6.8760E-04 -1.0326E-03 -6.9258E-05
  6.7850E-04 -9.7797E-04 -6.8229E-05
  6.6811E-04 -9.1481E-04 -6.7163E-05
  6.5773E-04 -8.4338E-04 -6.6077E-05
  6.4752E-04 -7.6436E-04 -6.4997E-05
  6.3725E-04 -6.7822E-04 -6.4000E-05
  6.2874E-04 -5.8554E-04 -6.3135E-05
  6.1958E-04 -4.8724E-04 -6.2413E-05
  6.1398E-04 -3.8352E-04 -6.1745E-05
  6.0806E-04 -2.7558E-04 -6.1229E-05
  6.0490E-04 -1.6412E-04 -6.0825E-05
  6.1977E-04 -5.4685E-04 -6.4605E-05
  6.0567E-04  3.0186E-04 -5.3525E-05
  7.1024E-04  1.0693E-03 -9.1381E-06
  7.1746E-04  1.0938E-03 -1.1937E-05
  7.2107E-04  1.1082E-03 -1.5044E-05
  7.2133E-04  1.1124E-03 -1.8478E-05
  7.1867E-04  1.1064E-03 -2.2188E-05
  7.1366E-04  1.0901E-03 -2.5997E-05
  7.0629E-04  1.0639E-03 -2.9922E-05
  6.9768E-04  1.0275E-03 -3.3852E-05
  6.8706E-04  9.8100E-04 -3.7745E-05
  6.7640E-04  9.2425E-04 -4.1519E-05
  6.6399E-04  8.5776E-04 -4.5213E-05
  6.5308E-04  7.8178E-04 -4.8638E-05
  6.4102E-04  6.9739E-04 -5.1835E-05
  6.3145E-04  6.0483E-04 -5.4659E-05
  6.5982E-04  1.0550E-03 -6.1384E-05
  6.8086E-04  1.0958E-03 -6.2356E-05
  6.9720E-04  1.1288E-03 -6.2947E-05
  7.0921E-04  1.1533E-03 -6.3200E-05
  7.1748E-04  1.1688E-03 -6.3161E-05
  7.2178E-04  1.1750E-03 -6.2820E-05
  7.2282E-04  1.1714E-03 -6.2229E-05
  7.2088E-04  1.1578E-03 -6.1364E-05
  7.1605E-04  1.1340E-03 -6.0288E-05
  7.0907E-04  1.0999E-03 -5.9014E-05
  7.0004E-04  1.0557E-03 -5.7607E-05
  6.8944E-04  1.0016E-03 -5.6136E-05
  6.7811E-04  9.3803E-04 -5.4680E-05
  6.6549E-04  8.6559E-04 -5.3412E-05
  6.5395E-04  7.8499E-04 -5.2387E-05
  6.3939E-04  6.9967E-04 -6.0926E-05
  6.2661E-04  5.9690E-04 -6.3746E-05
  6.0370E-04  1.0333E-04 -6.2270E-05
  6.0506E-04  2.2750E-04 -6.3411E-05
  6.4111E-04 -5.8012E-04 -5.4002E-05
  6.5336E-04 -6.8440E-04 -5.3091E-05
  6.6608E-04 -7.8182E-04 -5.2672E-05
  6.6079E-04 -8.8302E-04 -7.0606E-05
  5.9932E-04 -1.4356E-04 -5.9247E-05
  6.0078E-04 -2.0225E-04 -5.9782E-05
  6.0984E-04  1.9160E-04 -5.1912E-05
  6.0352E-04  6.2761E-05 -5.4846E-05
  6.6799E-04  8.0441E-04 -3.4276E-05
  6.7731E-04  8.8230E-04 -3.1913E-05
  6.8669E-04  9.5134E-04 -3.0061E-05
  6.2762E-04  8.9383E-04 -2.3005E-06
  6.5400E-04  9.5183E-04 -4.5126E-06
  6.7572E-04  1.0028E-03 -7.0051E-06
  6.9319E-04  1.0458E-03 -9.8491E-06
  7.0641E-04  1.0801E-03 -1.3023E-05
  7.1541E-04  1.1054E-03 -1.6498E-05
  7.2062E-04  1.1209E-03 -2.0234E-05
  7.2227E-04  1.1262E-03 -2.4160E-05
  7.2072E-04  1.1212E-03 -2.8313E-05
  7.1636E-04  1.1054E-03 -3.2587E-05
  7.0933E-04  1.0788E-03 -3.6945E-05
  7.0058E-04  1.0413E-03 -4.1315E-05
  6.8981E-04  9.9320E-04 -4.5656E-05
  6.7867E-04  9.3447E-04 -4.9775E-05
  6.0591E-04  9.3918E-04 -5.6627E-05
  6.3610E-04  9.9410E-04 -5.8369E-05
  6.6151E-04  1.0430E-03 -5.9544E-05
  6.8267E-04  1.0849E-03 -6.0311E-05
  6.9914E-04  1.1192E-03 -6.0707E-05
  7.1150E-04  1.1451E-03 -6.0765E-05
  7.2003E-04  1.1619E-03 -6.0498E-05
  7.2455E-04  1.1693E-03 -5.9899E-05
  7.2567E-04  1.1666E-03 -5.9004E-05
  7.2363E-04  1.1537E-03 -5.7810E-05
  7.1861E-04  1.1304E-03 -5.6374E-05
  7.1121E-04  1.0966E-03 -5.4736E-05
  7.0182E-04  1.0524E-03 -5.2976E-05
  6.9061E-04  9.9825E-04 -5.1210E-05
  7.1466E-04  1.1726E-03 -6.8315E-05
  6.2053E-04  5.0542E-04 -5.9314E-05
  6.6716E-04  9.3562E-04 -6.7996E-05
  6.1817E-04  4.9841E-04 -6.2856E-05
  6.1535E-04  4.7313E-04 -6.4814E-05
  6.0115E-04  5.5344E-05 -6.1849E-05
  6.2077E-04 -3.6844E-04 -5.6843E-05
  6.0773E-04 -1.3685E-04 -5.9654E-05
  6.0179E-04  1.1259E-04 -6.2424E-05
  6.0393E-04 -1.5653E-05 -6.1121E-05
  6.6436E-04 -9.0564E-04 -6.8430E-05
  6.0210E-04  1.8317E-04 -5.7003E-05
  5.9793E-04 -9.9878E-05 -5.8124E-05
  6.4383E-04  6.2726E-04 -4.0318E-05
  6.2346E-04  4.1972E-04 -4.6276E-05
  6.0342E-04  1.7063E-04 -5.2797E-05
  6.1242E-04  3.0023E-04 -4.9580E-05
  5.5998E-04  7.6644E-04 -9.3308E-08
  5.9544E-04  8.3535E-04 -1.6902E-06
  6.2676E-04  8.9925E-04 -3.7882E-06
  6.5366E-04  9.5725E-04 -6.2583E-06
  6.7596E-04  1.0085E-03 -9.0785E-06
  6.9404E-04  1.0520E-03 -1.2247E-05
  7.0785E-04  1.0870E-03 -1.5744E-05
  7.1729E-04  1.1127E-03 -1.9529E-05
  7.2285E-04  1.1286E-03 -2.3594E-05
  7.2468E-04  1.1342E-03 -2.7912E-05
  7.2313E-04  1.1291E-03 -3.2460E-05
  7.1861E-04  1.1130E-03 -3.7157E-05
  7.1136E-04  1.0859E-03 -4.1970E-05
  7.0218E-04  1.0476E-03 -4.6761E-05
  5.3488E-04  8.0101E-04 -5.0536E-05
  5.7355E-04  8.6586E-04 -5.2921E-05
  6.0812E-04  9.2670E-04 -5.4747E-05
  6.3781E-04  9.8276E-04 -5.6082E-05
  6.6327E-04  1.0328E-03 -5.6998E-05
  6.8463E-04  1.0758E-03 -5.7528E-05
  7.0129E-04  1.1113E-03 -5.7667E-05
  7.1390E-04  1.1383E-03 -5.7433E-05
  7.2249E-04  1.1560E-03 -5.6816E-05
  7.2701E-04  1.1641E-03 -5.5820E-05
  7.2796E-04  1.1619E-03 -5.4475E-05
  7.2561E-04  1.1493E-03 -5.2795E-05
  7.2023E-04  1.1260E-03 -5.0847E-05
  7.1230E-04  1.0920E-03 -4.8711E-05
  7.0870E-04  1.1449E-03 -6.7991E-05
  6.7194E-04  9.4036E-04 -6.4178E-05
  6.0748E-04  2.9157E-04 -5.8429E-05
  6.5651E-04  8.6025E-04 -6.6907E-05
  6.0912E-04  3.7038E-04 -6.3877E-05
  6.2999E-04 -4.8497E-04 -5.5790E-05
  6.1259E-04 -2.5790E-04 -5.8541E-05
  6.5489E-04 -7.1088E-04 -5.4700E-05
  6.4042E-04 -6.0046E-04 -5.5156E-05
  6.3700E-04 -5.8011E-04 -5.8241E-05
  6.4433E-04 -6.4329E-04 -5.6641E-05
  6.0555E-04 -1.7667E-04 -6.0966E-05
  6.1782E-04 -3.8080E-04 -5.9817E-05
  6.3078E-04 -5.1535E-04 -5.7079E-05
  6.2329E-04 -4.4853E-04 -5.8622E-05
  6.1670E-04 -4.7875E-04 -6.2505E-05
  6.0634E-04 -3.5088E-04 -6.1624E-05
  6.5235E-04  7.2151E-04 -3.7852E-05
  6.2946E-04  5.2404E-04 -4.3841E-05
  6.7388E-04  8.9302E-04 -3.3977E-05
  6.6177E-04  8.1116E-04 -3.5800E-05
  6.5096E-04  7.6459E-04 -4.1310E-05
  6.6108E-04  8.3039E-04 -3.7817E-05
  6.1328E-04  4.2313E-04 -4.9555E-05
  6.3006E-04  6.0062E-04 -4.5813E-05
  6.4859E-04  7.3373E-04 -3.9702E-05
  6.3779E-04  6.6729E-04 -4.2972E-05
  7.1336E-04  1.1373E-03 -6.3217E-05
  7.1789E-04  1.1905E-03 -6.8441E-05
  7.0160E-04  1.1074E-03 -6.7177E-05
  6.5041E-04  7.8725E-04 -6.1870E-05
  6.3546E-04  6.9013E-04 -6.4776E-05
  6.2277E-04  5.7422E-04 -6.5865E-05
  6.1883E-04 -3.8259E-04 -5.7769E-05
  6.1659E-04 -3.8808E-04 -6.1654E-05
  6.2566E-04 -4.9657E-04 -6.1700E-05
  6.3765E-04 -5.9964E-04 -6.1331E-05
  6.4971E-04 -6.9663E-04 -6.0651E-05
  6.6404E-04 -7.8645E-04 -5.9595E-05
  6.7792E-04 -8.6876E-04 -5.8241E-05
  6.9271E-04 -9.4192E-04 -5.6515E-05
  7.0605E-04 -1.0030E-03 -5.4546E-05
  7.1768E-04 -1.0496E-03 -5.2409E-05
  7.2671E-04 -1.0827E-03 -5.0250E-05
  7.3306E-04 -1.1033E-03 -4.8036E-05
  7.3614E-04 -1.1114E-03 -4.5840E-05
  7.3559E-04 -1.1076E-03 -4.3723E-05
  7.3109E-04 -1.0923E-03 -4.1674E-05
  7.2249E-04 -1.0660E-03 -3.9531E-05
  6.9357E-04 -1.0727E-03 -7.1520E-05
  6.0548E-04 -2.7021E-04 -6.0919E-05
  6.3855E-04 -7.2688E-04 -6.7897E-05
  6.0104E-04 -2.4852E-04 -6.0378E-05
  6.0524E-04 -3.0574E-04 -6.1638E-05
  6.3670E-04  6.2761E-04 -4.1765E-05
  7.1915E-04  1.1135E-03 -2.5158E-05
  6.7670E-04  9.4023E-04 -5.8478E-05
  6.3028E-04  6.0535E-04 -6.0035E-05
  6.0413E-04  1.7680E-04 -6.0898E-05
  6.0522E-04 -1.3757E-04 -6.0212E-05
  6.8810E-04 -1.1171E-03 -6.6581E-05
  7.0113E-04 -1.1413E-03 -6.7396E-05
  7.1005E-04 -1.1564E-03 -6.7937E-05
  7.1492E-04 -1.1623E-03 -6.8170E-05
  7.1640E-04 -1.1584E-03 -6.8105E-05
  7.1501E-04 -1.1448E-03 -6.7836E-05
  7.1074E-04 -1.1213E-03 -6.7397E-05
  7.0461E-04 -1.0877E-03 -6.6847E-05
  6.9644E-04 -1.0445E-03 -6.6187E-05
  6.8721E-04 -9.9155E-04 -6.5430E-05
  6.7713E-04 -9.2933E-04 -6.4656E-05
  6.6614E-04 -8.5825E-04 -6.3941E-05
  6.5582E-04 -7.7877E-04 -6.3287E-05
  6.4453E-04 -6.9166E-04 -6.2711E-05
  6.3566E-04 -5.9734E-04 -6.2073E-05
  6.8431E-04 -1.0258E-03 -7.0790E-05
  6.4370E-04 -7.5408E-04 -6.5893E-05
  6.0128E-04 -4.8170E-05 -5.9916E-05
  6.2911E-04 -6.3918E-04 -6.6239E-05
  6.1606E-04  4.0790E-04 -4.7474E-05
  6.9908E-04  1.0347E-03 -3.7295E-05
  6.5349E-04  7.8725E-04 -5.6132E-05
  6.6102E-04  8.6763E-04 -6.3051E-05
  6.1401E-04  4.0025E-04 -5.8758E-05
  6.1004E-04 -2.7891E-04 -6.1340E-05
  7.0030E-04 -1.1105E-03 -7.2010E-05
  6.7515E-04 -9.6980E-04 -6.9646E-05
  6.2532E-04 -5.7614E-04 -6.3465E-05
  6.1213E-04 -4.5032E-04 -6.3066E-05
  6.0043E-04  1.9940E-04 -5.4454E-05
  6.0602E-04  2.7308E-04 -5.1036E-05
  7.2507E-04  1.1030E-03 -1.3368E-05
  6.7758E-04  9.2966E-04 -4.5266E-05
  6.9776E-04  1.0580E-03 -6.1023E-05
  6.4109E-04  6.9940E-04 -5.5282E-05
  6.0647E-04  2.8782E-04 -6.1415E-05
  6.6002E-04 -7.8293E-04 -6.2193E-05
  6.7389E-04 -8.6543E-04 -6.1369E-05
  6.8908E-04 -9.3787E-04 -6.0175E-05
  7.0228E-04 -9.9970E-04 -5.8675E-05
  7.1517E-04 -1.0497E-03 -5.6846E-05
  7.2523E-04 -1.0879E-03 -5.4918E-05
  7.3355E-04 -1.1145E-03 -5.2839E-05
  7.3959E-04 -1.1326E-03 -5.0479E-05
  7.4171E-04 -1.1359E-03 -4.7757E-05
  7.3808E-04 -1.1228E-03 -4.5099E-05
  7.2934E-04 -1.0971E-03 -4.2570E-05
  7.1554E-04 -1.0608E-03 -4.0071E-05
  6.9710E-04 -1.0149E-03 -3.7587E-05
  6.7409E-04 -9.6055E-04 -3.5053E-05
  6.4649E-04 -8.9881E-04 -3.2280E-05
  6.4086E-04 -6.8608E-04 -6.3314E-05
  6.1123E-04 -3.7656E-04 -6.1650E-05
  5.9931E-04  7.3146E-05 -5.7569E-05
  6.0954E-04  3.5119E-04 -5.0177E-05
  6.2193E-04  5.1580E-04 -4.6990E-05
  7.1534E-04  1.0991E-03 -1.4109E-05
  7.0767E-04  1.0716E-03 -3.3319E-05
  6.6510E-04  8.6224E-04 -4.9020E-05
  4.7731E-04  6.2475E-04  1.0343E-06
  5.2074E-04  6.9942E-04 -3.7922E-08
  5.6026E-04  7.7173E-04 -1.6319E-06
  5.9574E-04  8.4059E-04 -3.6767E-06
  6.2745E-04  9.0486E-04 -6.1204E-06
  6.5499E-04  9.6353E-04 -8.9412E-06
  6.7783E-04  1.0156E-03 -1.2119E-05
  6.9631E-04  1.0596E-03 -1.5662E-05
  7.1044E-04  1.0949E-03 -1.9558E-05
  7.2004E-04  1.1208E-03 -2.3773E-05
  7.2557E-04  1.1368E-03 -2.8323E-05
  7.2724E-04  1.1423E-03 -3.3175E-05
  7.2539E-04  1.1368E-03 -3.8294E-05
  7.2039E-04  1.1202E-03 -4.3592E-05
  4.5009E-04  6.5008E-04 -4.3444E-05
  4.9588E-04  7.1989E-04 -4.6334E-05
  5.3749E-04  7.8860E-04 -4.8726E-05
  5.7549E-04  8.5455E-04 -5.0641E-05
  6.0990E-04  9.1644E-04 -5.2116E-05
  6.3950E-04  9.7356E-04 -5.3154E-05
  6.6513E-04  1.0245E-03 -5.3770E-05
  6.8658E-04  1.0684E-03 -5.3963E-05
  7.0337E-04  1.1047E-03 -5.3713E-05
  7.1603E-04  1.1322E-03 -5.3023E-05
  7.2448E-04  1.1504E-03 -5.1882E-05
  7.2878E-04  1.1587E-03 -5.0294E-05
  7.2937E-04  1.1565E-03 -4.8294E-05
  7.2654E-04  1.1437E-03 -4.5930E-05
  7.1569E-04  1.1772E-03 -6.5234E-05
  6.8765E-04  1.0038E-03 -5.9775E-05
  6.0188E-04 -4.9589E-07 -6.1581E-05
  6.3223E-04 -5.9270E-04 -6.2730E-05
  7.3316E-04 -1.0930E-03 -4.1880E-05
  6.3380E-04 -6.6810E-04 -6.4665E-05
  6.0304E-04 -1.6042E-04 -6.0338E-05
  6.2342E-04  5.1825E-04 -4.5837E-05
  7.2408E-04  1.1068E-03 -1.6311E-05
  7.2113E-04  1.1188E-03 -2.1384E-05
  7.2035E-04  1.1769E-03 -6.4701E-05
  7.0656E-04  1.1025E-03 -6.2190E-05
  6.6470E-04  8.6792E-04 -5.7263E-05
  6.0355E-04 -9.0978E-05 -6.1175E-05
  6.1113E-04 -2.7522E-04 -6.0095E-05
  7.2630E-04 -1.0865E-03 -5.2668E-05
  6.5170E-04 -7.7261E-04 -6.3962E-05
  6.2292E-04 -4.9336E-04 -6.2124E-05
  5.9765E-04 -3.6144E-05 -5.8341E-05
  7.2021E-04  1.1000E-03 -1.9695E-05
  6.9469E-04  1.0403E-03 -8.1169E-06
  6.8843E-04  9.8745E-04 -4.1336E-05
  7.1825E-04  1.1620E-03 -6.4056E-05
  6.0281E-04  1.6329E-04 -6.2359E-05
  6.1106E-04 -2.6859E-04 -5.9572E-05
  7.3454E-04 -1.1125E-03 -5.0439E-05
  7.2947E-04 -1.0761E-03 -4.3879E-05
  6.2092E-04  5.0534E-04 -5.4502E-05
  7.0710E-04  1.0744E-03 -1.0952E-05
  7.1466E-04  1.0978E-03 -2.9135E-05
  3.8449E-04  4.7810E-04  1.3843E-06
  4.3274E-04  5.5394E-04  7.0612E-07
  4.7857E-04  6.2976E-04 -4.3510E-07
  5.2144E-04  7.0388E-04 -2.0404E-06
  5.6102E-04  7.7625E-04 -4.0831E-06
  5.9727E-04  8.4631E-04 -6.5332E-06
  6.2980E-04  9.1199E-04 -9.3855E-06
  6.5793E-04  9.7146E-04 -1.2625E-05
  6.8099E-04  1.0238E-03 -1.6242E-05
  6.9950E-04  1.0680E-03 -2.0262E-05
  7.1359E-04  1.1033E-03 -2.4688E-05
  7.2297E-04  1.1292E-03 -2.9499E-05
  7.2813E-04  1.1449E-03 -3.4723E-05
  7.2930E-04  1.1499E-03 -4.0324E-05
  3.5664E-04  4.9601E-04 -3.5704E-05
  4.0581E-04  5.6638E-04 -3.8924E-05
  4.5315E-04  6.3792E-04 -4.1770E-05
  4.9815E-04  7.0910E-04 -4.4207E-05
  5.3938E-04  7.7912E-04 -4.6210E-05
  5.7734E-04  8.4598E-04 -4.7775E-05
  6.1160E-04  9.0851E-04 -4.8893E-05
  6.4124E-04  9.6613E-04 -4.9551E-05
  6.6693E-04  1.0175E-03 -4.9741E-05
  6.8828E-04  1.0619E-03 -4.9433E-05
  7.0503E-04  1.0984E-03 -4.8603E-05
  7.1756E-04  1.1261E-03 -4.7245E-05
  7.2566E-04  1.1442E-03 -4.5340E-05
  7.2952E-04  1.1523E-03 -4.2906E-05
  6.9612E-04  1.1398E-03 -6.4671E-05
  7.1962E-04  1.1819E-03 -6.5082E-05
  6.8273E-04  1.0047E-03 -6.5271E-05
  5.9919E-04 -9.2509E-04 -5.7869E-05
  6.3034E-04 -9.8064E-04 -5.9671E-05
  6.5677E-04 -1.0304E-03 -6.1199E-05
  6.7887E-04 -1.0733E-03 -6.2409E-05
  6.9622E-04 -1.1087E-03 -6.3338E-05
  7.0938E-04 -1.1358E-03 -6.4000E-05
  7.1869E-04 -1.1540E-03 -6.4416E-05
  7.2404E-04 -1.1628E-03 -6.4629E-05
  7.2603E-04 -1.1616E-03 -6.4638E-05
  7.2501E-04 -1.1502E-03 -6.4460E-05
  7.2112E-04 -1.1284E-03 -6.4085E-05
  7.1494E-04 -1.0960E-03 -6.3587E-05
  7.0685E-04 -1.0532E-03 -6.3004E-05
  6.9698E-04 -1.0003E-03 -6.2405E-05
  6.8653E-04 -9.3745E-04 -6.1782E-05
  6.7583E-04 -8.6615E-04 -5.9781E-05
  6.6189E-04 -8.5172E-04 -6.4792E-05
  7.3361E-04 -1.0974E-03 -4.3563E-05
  7.0788E-04  1.1631E-03 -6.5108E-05
  7.1179E-04 -1.0548E-03 -6.0938E-05
  7.2392E-04 -1.0975E-03 -5.9045E-05
  7.3384E-04 -1.1279E-03 -5.6800E-05
  7.4047E-04 -1.1461E-03 -5.4422E-05
  7.4383E-04 -1.1527E-03 -5.2002E-05
  7.4402E-04 -1.1496E-03 -4.9633E-05
  7.4219E-04 -1.1400E-03 -4.7322E-05
  7.3386E-04 -1.1137E-03 -4.4076E-05
  7.2018E-04 -1.0767E-03 -4.1254E-05
  7.0157E-04 -1.0304E-03 -3.8589E-05
  6.7819E-04 -9.7571E-04 -3.5987E-05
  6.4980E-04 -9.1389E-04 -3.3349E-05
  6.1710E-04 -8.4583E-04 -3.0638E-05
  5.8062E-04 -7.7265E-04 -2.7904E-05
  7.0356E-04 -9.9863E-04 -5.6674E-05
  7.3874E-04 -1.1243E-03 -4.8098E-05
  6.5414E-04 -8.3338E-04 -6.7171E-05
  6.7790E-04  9.9747E-04 -5.7054E-06
  7.1976E-04 -1.1474E-03 -6.6037E-05
  6.6227E-04 -7.8490E-04 -6.0782E-05
  7.1617E-04 -1.0481E-03 -5.4712E-05
  7.3870E-04 -1.1221E-03 -4.5712E-05
  7.0636E-04 -1.1177E-03 -6.9004E-05
  7.2354E-04 -1.0580E-03 -4.5609E-05
  5.9831E-04  9.8832E-05 -5.5478E-05
  2.8598E-04  3.3678E-04  1.2416E-06
  3.3646E-04  4.0837E-04  8.2047E-07
  3.8684E-04  4.8327E-04  1.8308E-08
  4.3395E-04  5.5778E-04 -1.1916E-06
  4.7832E-04  6.3142E-04 -2.8463E-06
  5.2214E-04  7.0708E-04 -4.9503E-06
  5.6387E-04  7.8302E-04 -7.4734E-06
  6.0118E-04  8.5511E-04 -1.0390E-05
  6.3391E-04  9.2124E-04 -1.3713E-05
  6.6197E-04  9.8054E-04 -1.7457E-05
  6.8473E-04  1.0326E-03 -2.1622E-05
  7.0287E-04  1.0765E-03 -2.6253E-05
  7.1652E-04  1.1116E-03 -3.1384E-05
  7.2535E-04  1.1371E-03 -3.7036E-05
  2.5947E-04  3.4938E-04 -2.7690E-05
  3.0944E-04  4.1463E-04 -3.1042E-05
  3.5950E-04  4.8407E-04 -3.4189E-05
  4.0829E-04  5.5652E-04 -3.7032E-05
  4.5565E-04  6.2983E-04 -3.9516E-05
  5.0057E-04  7.0230E-04 -4.1584E-05
  5.4164E-04  7.7275E-04 -4.3201E-05
  5.7927E-04  8.3951E-04 -4.4339E-05
  6.1315E-04  9.0187E-04 -4.4987E-05
  6.4268E-04  9.5940E-04 -4.5116E-05
  6.6833E-04  1.0109E-03 -4.4689E-05
  6.8951E-04  1.0553E-03 -4.3654E-05
  7.0603E-04  1.0918E-03 -4.1993E-05
  7.1815E-04  1.1192E-03 -3.9695E-05
  5.2932E-04 -7.9036E-04 -5.1802E-05
  5.6880E-04 -8.5569E-04 -5.4316E-05
  6.0425E-04 -9.1724E-04 -5.6376E-05
  6.3484E-04 -9.7421E-04 -5.8111E-05
  6.6115E-04 -1.0254E-03 -5.9543E-05
  6.8338E-04 -1.0697E-03 -6.0686E-05
  7.0090E-04 -1.1066E-03 -6.1568E-05
  7.1440E-04 -1.1350E-03 -6.2194E-05
  7.2398E-04 -1.1544E-03 -6.2583E-05
  7.2960E-04 -1.1641E-03 -6.2758E-05
  7.3177E-04 -1.1636E-03 -6.2706E-05
  7.3075E-04 -1.1526E-03 -6.2448E-05
  7.2683E-04 -1.1308E-03 -6.2004E-05
  7.2037E-04 -1.0981E-03 -6.1401E-05
  7.0164E-04 -1.0495E-03 -6.4568E-05
  6.8267E-04 -9.8519E-04 -6.6659E-05
  7.3063E-04 -1.0903E-03 -4.5492E-05
  7.1994E-04  1.1140E-03 -1.7592E-05
  1.8975E-04  2.0940E-04  8.6648E-07
  2.3766E-04  2.7123E-04  5.7173E-07
  2.8912E-04  3.4158E-04 -2.8691E-08
  3.4085E-04  4.1568E-04 -9.3889E-07
  3.8499E-04  4.8139E-04 -2.2267E-06
  4.2972E-04  5.5229E-04 -4.0020E-06
  4.8060E-04  6.3627E-04 -6.2512E-06
  5.2778E-04  7.1788E-04 -8.8909E-06
  5.7001E-04  7.9451E-04 -1.1920E-05
  6.0669E-04  8.6580E-04 -1.5350E-05
  6.3861E-04  9.3092E-04 -1.9228E-05
  6.6595E-04  9.8941E-04 -2.3579E-05
  6.8812E-04  1.0409E-03 -2.8410E-05
  7.0557E-04  1.0844E-03 -3.3822E-05
  1.2369E-05  9.4205E-06 -3.8530E-08
  6.3963E-05  6.2456E-05 -5.8510E-08
  1.4351E-04  1.5247E-04  2.1226E-07
  6.8997E-04  1.0483E-03 -3.6278E-05
  6.6883E-04  9.9719E-04 -3.0952E-05
  6.4256E-04  9.3942E-04 -2.5999E-05
  6.1189E-04  8.7563E-04 -2.1480E-05
  5.7664E-04  8.0644E-04 -1.7454E-05
  5.3608E-04  7.3229E-04 -1.3872E-05
  4.9065E-04  6.5298E-04 -1.0706E-05
  4.3990E-04  5.6853E-04 -7.9284E-06
  3.8284E-04  4.7851E-04 -5.5111E-06
  3.1522E-04  3.7836E-04 -3.3758E-06
  3.0158E-04  3.5905E-04 -1.9718E-06
  2.4616E-04  2.8244E-04 -1.0823E-06
  1.9026E-04  2.0990E-04 -2.7738E-07
  7.3172E-04 -1.1309E-03 -5.9136E-05
  7.3976E-04 -1.1514E-03 -5.6591E-05
  7.4424E-04 -1.1598E-03 -5.3882E-05
  7.4491E-04 -1.1570E-03 -5.1137E-05
  7.4186E-04 -1.1443E-03 -4.8402E-05
  7.3541E-04 -1.1234E-03 -4.5650E-05
  7.2394E-04 -1.0914E-03 -4.2782E-05
  7.0595E-04 -1.0455E-03 -3.9830E-05
  6.8263E-04 -9.9047E-04 -3.7026E-05
  6.5389E-04 -9.2820E-04 -3.4280E-05
  6.2072E-04 -8.5983E-04 -3.1578E-05
  5.8359E-04 -7.8655E-04 -2.8877E-05
  5.4255E-04 -7.0979E-04 -2.6156E-05
  4.9825E-04 -6.3071E-04 -2.3438E-05
  7.0511E-04 -1.1379E-03 -6.5606E-05
  6.8193E-04 -9.3449E-04 -6.3282E-05
  6.4766E-04 -6.9522E-04 -6.1641E-05
  7.1135E-04 -1.1632E-03 -6.9735E-05
  6.7244E-04 -9.2277E-04 -6.5775E-05
  2.1103E-05  1.7564E-05 -4.7637E-07
  6.6974E-05  6.5448E-05 -8.6846E-07
  1.4126E-04  1.4958E-04 -1.0745E-06
  1.6690E-04  2.1852E-04 -1.9742E-05
  2.1283E-04  2.7427E-04 -2.3025E-05
  2.6141E-04  3.3708E-04 -2.6293E-05
  3.1177E-04  4.0533E-04 -2.9419E-05
  3.6251E-04  4.7781E-04 -3.2291E-05
  4.1209E-04  5.5266E-04 -3.4829E-05
  4.5942E-04  6.2683E-04 -3.6924E-05
  5.0351E-04  6.9854E-04 -3.8521E-05
  5.4358E-04  7.6755E-04 -3.9603E-05
  5.8062E-04  8.3316E-04 -4.0177E-05
  6.1415E-04  8.9519E-04 -4.0208E-05
  6.4365E-04  9.5278E-04 -3.9622E-05
  6.6927E-04  1.0042E-03 -3.8273E-05
  7.1925E-04 -1.1620E-03 -6.6227E-05
  7.1566E-04 -1.1250E-03 -6.5788E-05
  6.7047E-04 -8.6315E-04 -6.2693E-05
  6.9064E-04 -9.3761E-04 -5.8334E-05
  7.1254E-04 -1.1578E-03 -6.9887E-05
  6.9188E-04 -1.0388E-03 -6.7429E-05
  7.1506E-04 -1.0290E-03 -4.7610E-05
  1.0280E-04  1.0536E-04  4.7548E-07
  7.9998E-06  1.1272E-05 -2.3832E-06
  5.1402E-05  6.4352E-05 -8.1564E-06
  1.2393E-04  1.5450E-04 -1.5254E-05
  4.4571E-04 -6.4243E-04 -4.4570E-05
  4.9224E-04 -7.1262E-04 -4.7628E-05
  5.3460E-04 -7.8196E-04 -5.0252E-05
  5.7342E-04 -8.4873E-04 -5.2505E-05
  6.0863E-04 -9.1163E-04 -5.4429E-05
  6.3910E-04 -9.6993E-04 -5.6059E-05
  6.6560E-04 -1.0223E-03 -5.7397E-05
  6.8799E-04 -1.0678E-03 -5.8458E-05
  7.0583E-04 -1.1057E-03 -5.9263E-05
  7.1967E-04 -1.1351E-03 -5.9812E-05
  7.2942E-04 -1.1551E-03 -6.0119E-05
  7.3517E-04 -1.1652E-03 -6.0183E-05
  7.3734E-04 -1.1647E-03 -5.9986E-05
  7.3617E-04 -1.1533E-03 -5.9538E-05
  6.7472E-04 -1.0784E-03 -6.3882E-05
  7.2098E-04 -1.1597E-03 -6.6208E-05
  7.0964E-04 -1.0923E-03 -6.5193E-05
  7.0648E-04 -1.1589E-03 -6.9262E-05
  7.1094E-04 -1.1426E-03 -6.9530E-05
  6.7553E-04  9.1826E-04 -3.8654E-05
  3.5273E-05  3.1337E-05  2.5789E-07
  1.0104E-04  1.0303E-04 -4.4486E-07
  8.5673E-05  1.1225E-04 -1.2183E-05
  7.4212E-04 -1.1637E-03 -5.6541E-05
  7.4398E-04 -1.1622E-03 -5.3429E-05
  7.4149E-04 -1.1496E-03 -5.0311E-05
  7.3469E-04 -1.1270E-03 -4.7245E-05
  7.2339E-04 -1.0954E-03 -4.4216E-05
  7.0751E-04 -1.0544E-03 -4.1237E-05
  6.8578E-04 -1.0026E-03 -3.8262E-05
  6.5758E-04 -9.4107E-04 -3.5327E-05
  6.2438E-04 -8.7238E-04 -3.2489E-05
  5.8690E-04 -7.9869E-04 -2.9733E-05
  5.4538E-04 -7.2190E-04 -2.7008E-05
  5.0058E-04 -6.4298E-04 -2.4303E-05
  4.5333E-04 -5.6284E-04 -2.1628E-05
  4.0439E-04 -4.8288E-04 -1.8983E-05
  6.9215E-04 -1.1123E-03 -6.4894E-05
  6.1808E-04 -3.9080E-04 -6.1412E-05
  6.4040E-04  6.9535E-04 -4.8896E-05
  1.6539E-05  1.3423E-05 -6.5783E-07
  6.1015E-05  5.8835E-05 -1.3585E-06
  1.3124E-04  1.3752E-04 -1.7736E-06
  2.2096E-04  2.4976E-04 -1.9928E-06
  8.7350E-06  9.8712E-06 -2.4601E-06
  5.2071E-05  5.9624E-05 -7.7034E-06
  1.2439E-04  1.4668E-04 -1.4255E-05
  2.1402E-04  2.6518E-04 -2.1639E-05
  6.5238E-04 -1.0369E-03 -6.2457E-05
  7.1420E-04 -1.1546E-03 -6.6032E-05
  6.9212E-04 -9.9685E-04 -6.3929E-05
  7.0599E-04  1.0557E-03 -2.7253E-05
  6.3069E-04  6.0383E-04 -5.1804E-05
  3.4757E-05  3.0632E-05 -4.4163E-07
  2.6436E-04  3.3173E-04 -2.4768E-05
  3.1733E-04  4.0490E-04 -2.7716E-05
  3.6955E-04  4.8035E-04 -3.0292E-05
  4.1799E-04  5.5424E-04 -3.2331E-05
  4.6298E-04  6.2501E-04 -3.3805E-05
  5.0497E-04  6.9342E-04 -3.4756E-05
  5.4412E-04  7.6076E-04 -3.5218E-05
  5.8118E-04  8.2643E-04 -3.5168E-05
  6.1481E-04  8.8901E-04 -3.4494E-05
  6.4411E-04  9.4649E-04 -3.3034E-05
  2.6021E-05  3.6127E-05 -5.3564E-06
  3.5343E-04 -4.9089E-04 -3.6617E-05
  4.0331E-04 -5.6166E-04 -4.0025E-05
  4.5135E-04 -6.3381E-04 -4.3099E-05
  4.9708E-04 -7.0574E-04 -4.5819E-05
  5.3902E-04 -7.7660E-04 -4.8215E-05
  5.7770E-04 -8.4444E-04 -5.0286E-05
  6.1280E-04 -9.0818E-04 -5.2049E-05
  6.4340E-04 -9.6732E-04 -5.3530E-05
  6.7019E-04 -1.0205E-03 -5.4734E-05
  6.9276E-04 -1.0668E-03 -5.5672E-05
  7.1088E-04 -1.1054E-03 -5.6355E-05
  7.2494E-04 -1.1351E-03 -5.6769E-05
  7.3474E-04 -1.1551E-03 -5.6908E-05
  7.4044E-04 -1.1649E-03 -5.6738E-05
  7.2481E-04 -1.0718E-03 -4.7550E-05
  6.8613E-04  9.7347E-04 -3.5035E-05
  1.6589E-05  1.6808E-05 -3.3945E-06
  5.5515E-05  6.0504E-05 -7.4310E-06
  1.2048E-04  1.3603E-04 -1.2785E-05
  2.1968E-04  2.6558E-04 -2.0390E-05
  7.3930E-04 -1.1534E-03 -5.3112E-05
  7.3334E-04 -1.1311E-03 -4.9550E-05
  7.2225E-04 -1.0990E-03 -4.6124E-05
  7.0660E-04 -1.0580E-03 -4.2841E-05
  6.8607E-04 -1.0085E-03 -3.9675E-05
  6.5961E-04 -9.5025E-04 -3.6576E-05
  6.2732E-04 -8.8302E-04 -3.3553E-05
  5.8974E-04 -8.0885E-04 -3.0625E-05
  5.4767E-04 -7.3124E-04 -2.7798E-05
  5.0256E-04 -6.5218E-04 -2.5060E-05
  4.5533E-04 -5.7272E-04 -2.2385E-05
  4.0609E-04 -4.9352E-04 -1.9746E-05
  3.5489E-04 -4.1548E-04 -1.7127E-05
  3.0374E-04 -3.4008E-04 -1.4576E-05
  7.3427E-04 -1.1074E-03 -4.3392E-05
  7.0019E-04 -1.0830E-03 -6.8312E-05
  6.5243E-04  7.7880E-04 -4.5717E-05
  2.7751E-05  2.9485E-05 -4.8261E-06
  2.4876E-05  2.9133E-05 -4.8332E-06
  2.5735E-04 -3.4625E-04 -2.8375E-05
  3.0803E-04 -4.1201E-04 -3.1914E-05
  3.5885E-04 -4.8217E-04 -3.5267E-05
  4.0838E-04 -5.5541E-04 -3.8363E-05
  4.5633E-04 -6.2945E-04 -4.1154E-05
  5.0171E-04 -7.0245E-04 -4.3613E-05
  5.4331E-04 -7.7355E-04 -4.5757E-05
  5.8178E-04 -8.4147E-04 -4.7594E-05
  6.1675E-04 -9.0560E-04 -4.9147E-05
  6.4760E-04 -9.6523E-04 -5.0446E-05
  6.7471E-04 -1.0189E-03 -5.1476E-05
  6.9748E-04 -1.0657E-03 -5.2242E-05
  7.1581E-04 -1.1044E-03 -5.2752E-05
  7.2995E-04 -1.1339E-03 -5.2966E-05
  7.2541E-04 -1.0814E-03 -4.1122E-05
  7.1417E-04  1.0828E-03 -2.3430E-05
  2.7641E-04  3.4188E-04 -2.3557E-05
  3.2918E-04  4.1591E-04 -2.6056E-05
  3.7713E-04  4.8526E-04 -2.7868E-05
  4.2052E-04  5.5174E-04 -2.9084E-05
  4.6253E-04  6.1745E-04 -2.9822E-05
  5.0411E-04  6.8537E-04 -3.0173E-05
  5.4459E-04  7.5492E-04 -3.0114E-05
  5.8208E-04  8.2169E-04 -2.9455E-05
  6.1478E-04  8.8338E-04 -2.8028E-05
  8.5474E-05  9.7003E-05 -1.0484E-05
  8.4391E-05  1.0093E-04 -1.1163E-05
  2.5382E-04 -2.7734E-04 -1.2744E-05
  1.5661E-04 -1.5743E-04 -8.6417E-06
  7.1818E-05 -6.4370E-05 -4.7711E-06
  1.4634E-05 -9.0379E-06 -1.3861E-06
  7.1186E-04 -1.0451E-03 -3.8795E-05
  7.0525E-04 -9.9001E-04 -4.9648E-05
  6.9688E-04  1.0191E-03 -3.1105E-05
  1.3441E-05  1.2491E-05 -2.8497E-06
  5.0308E-05  5.1879E-05 -6.5718E-06
  1.0821E-04  1.1896E-04 -1.1272E-05
  1.8598E-04  2.1731E-04 -1.6989E-05
  1.6709E-04  2.0569E-04 -1.8416E-05
  7.2002E-04 -1.1022E-03 -4.8848E-05
  7.0495E-04 -1.0611E-03 -4.5029E-05
  6.8491E-04 -1.0118E-03 -4.1454E-05
  6.5955E-04 -9.5539E-04 -3.8084E-05
  6.2924E-04 -8.9152E-04 -3.4866E-05
  5.9300E-04 -8.1938E-04 -3.1739E-05
  5.4996E-04 -7.3998E-04 -2.8673E-05
  5.0321E-04 -6.5797E-04 -2.5762E-05
  4.5533E-04 -5.7757E-04 -2.3032E-05
  4.0653E-04 -4.9941E-04 -2.0410E-05
  3.5659E-04 -4.2392E-04 -1.7849E-05
  3.0545E-04 -3.4958E-04 -1.5276E-05
  2.0438E-04 -2.1122E-04 -1.0364E-05
  7.0063E-04 -1.0013E-03 -6.0569E-05
  6.9382E-04 -9.9934E-04 -3.6420E-05
  6.6330E-04  8.5355E-04 -4.2248E-05
  1.5034E-05  1.2048E-05 -1.0248E-06
  5.1524E-05  4.8475E-05 -1.9848E-06
  1.0623E-04  1.0890E-04 -2.8109E-06
  1.8271E-04  2.0062E-04 -3.8001E-06
  2.7780E-04  3.2676E-04 -4.6359E-06
  5.8110E-04  8.1589E-04 -2.3291E-05
  5.4279E-04  7.4460E-04 -1.9135E-05
  5.0019E-04  6.6897E-04 -1.5455E-05
  4.5292E-04  5.8909E-04 -1.2189E-05
  4.0005E-04  5.0555E-04 -9.2919E-06
  3.4192E-04  4.1810E-04 -6.7483E-06
  5.4298E-05  5.7685E-05 -7.1895E-06
  7.0196E-04 -1.0637E-03 -4.8173E-05
  6.8266E-04 -1.0144E-03 -4.3919E-05
  6.5777E-04 -9.5782E-04 -4.0019E-05
  6.2850E-04 -8.9532E-04 -3.6427E-05
  5.9508E-04 -8.2806E-04 -3.3105E-05
  5.5562E-04 -7.5456E-04 -2.9932E-05
  5.0844E-04 -6.7099E-04 -2.6758E-05
  4.5370E-04 -5.7924E-04 -2.3588E-05
  4.0321E-04 -4.9840E-04 -2.0878E-05
  3.5342E-04 -4.2345E-04 -1.8346E-05
  3.0466E-04 -3.5276E-04 -1.5921E-05
  2.5824E-04 -2.8785E-04 -1.3635E-05
  2.0634E-04 -2.1979E-04 -1.1104E-05
  7.1652E-04 -1.0424E-03 -4.9699E-05
  1.5657E-05  1.2659E-05 -1.2612E-06
  5.2981E-05  5.0116E-05 -2.3782E-06
  1.1860E-04  1.2287E-04 -4.2646E-06
  2.0931E-04  2.3534E-04 -6.1404E-06
  3.0381E-04  3.6298E-04 -7.7071E-06
  5.4593E-04  7.5233E-04 -2.4557E-05
  5.0649E-04  6.8068E-04 -2.0342E-05
  4.6263E-04  6.0578E-04 -1.6621E-05
  4.1387E-04  5.2737E-04 -1.3286E-05
  3.6074E-04  4.4592E-04 -1.0283E-05
  1.6799E-04  1.9934E-04 -1.7216E-05
  1.6492E-04 -1.7114E-04 -9.7186E-06
  8.1693E-05 -7.7273E-05 -6.0236E-06
  2.2714E-05 -1.7142E-05 -2.5506E-06
  1.1320E-04 -1.0554E-04 -6.3125E-06
  5.0665E-04  6.8406E-04 -2.5194E-05
  4.6714E-04  6.1532E-04 -2.1023E-05
  4.2374E-04  5.4403E-04 -1.7355E-05
  3.7533E-04  4.6802E-04 -1.4034E-05
  3.2260E-04  3.8976E-04 -1.1031E-05
  2.6675E-04  3.1161E-04 -8.3676E-06
  1.4321E-05  1.3882E-05 -3.0815E-06
  1.6566E-04 -2.1682E-04 -2.0211E-05
  2.1231E-04 -2.7312E-04 -2.3668E-05
  2.6176E-04 -3.3682E-04 -2.7136E-05
  3.1301E-04 -4.0618E-04 -3.0467E-05
  3.6448E-04 -4.7949E-04 -3.3565E-05
  4.1416E-04 -5.5443E-04 -3.6366E-05
  4.6128E-04 -6.2800E-04 -3.8799E-05
  5.0553E-04 -6.9973E-04 -4.0894E-05
  5.4664E-04 -7.7015E-04 -4.2723E-05
  5.8518E-04 -8.3809E-04 -4.4297E-05
  6.2029E-04 -9.0267E-04 -4.5634E-05
  6.5153E-04 -9.6278E-04 -4.6733E-05
  6.7908E-04 -1.0168E-03 -4.7519E-05
  1.1453E-04 -1.1147E-04 -7.1609E-06
  7.1416E-04 -1.0534E-03 -5.8864E-05
  6.3894E-04 -6.0241E-04 -6.0411E-05
  6.5941E-05  6.4194E-05 -1.0597E-06
  1.5638E-04  1.6835E-04 -4.2665E-06
  1.6091E-05  1.3208E-05 -1.6371E-06
  6.6120E-05  6.4799E-05 -3.8355E-06
  1.0996E-04  1.1330E-04 -4.6531E-06
  1.7800E-04  1.9496E-04 -6.3921E-06
  1.3139E-05  1.1747E-05 -2.6383E-06
  1.3476E-05  1.1714E-05 -2.4755E-06
  1.4358E-05  1.2276E-05 -2.3644E-06
  1.5330E-05  1.2969E-05 -2.2716E-06
  1.4294E-05  1.1670E-05 -2.0341E-06
  1.3762E-05  1.1020E-05 -1.6663E-06
  2.8525E-04  3.3784E-04 -1.1401E-05
  1.9727E-04  2.2025E-04 -8.8507E-06
  1.1575E-04  1.2019E-04 -6.1905E-06
  5.1561E-05  4.8998E-05 -3.7805E-06
  6.5510E-04 -9.6006E-04 -4.2792E-05
  6.2607E-04 -8.9672E-04 -3.8521E-05
  5.9262E-04 -8.2869E-04 -3.4636E-05
  5.5537E-04 -7.5867E-04 -3.1149E-05
  5.1686E-04 -6.8919E-04 -2.8100E-05
  4.7038E-04 -6.0951E-04 -2.5062E-05
  4.0878E-04 -5.1116E-04 -2.1690E-05
  3.3148E-04 -3.9514E-04 -1.7898E-05
  3.0992E-04 -3.6327E-04 -1.6711E-05
  2.3748E-04 -2.6447E-04 -1.3350E-05
  2.1737E-04 -2.3695E-04 -1.2225E-05
  4.0366E-05 -3.0163E-05 -2.6184E-06
  6.9418E-04 -9.4326E-04 -5.1763E-05
  5.5444E-05  5.2737E-05 -1.6850E-06
  2.4394E-04  2.8024E-04 -5.5741E-06
  4.6127E-04  6.0928E-04 -2.5120E-05
  4.2315E-04  5.4561E-04 -2.1080E-05
  3.8565E-04  4.8499E-04 -1.7702E-05
  3.3774E-04  4.1320E-04 -1.4426E-05
  1.3200E-04 -1.3317E-04 -8.6352E-06
  6.3894E-05 -5.9563E-05 -5.4566E-06
  1.8167E-05 -1.4141E-05 -2.4464E-06
  4.0125E-05 -3.2709E-05 -3.4766E-06
  6.2721E-04 -4.9916E-04 -6.1083E-05
  2.0497E-04  2.2921E-04 -2.9857E-06
  9.3663E-05  9.4833E-05 -3.0954E-06
  4.1554E-04  5.3790E-04 -2.4734E-05
  3.6018E-04  4.4984E-04 -1.9822E-05
  2.8187E-04  3.3563E-04 -1.5198E-05
  2.2153E-04  2.5308E-04 -1.1775E-05
  1.6639E-04  1.8178E-04 -8.7800E-06
  1.4605E-04  1.5623E-04 -6.4139E-06
  5.7701E-05 -5.2085E-05 -5.0415E-06
  1.8128E-05  1.4855E-05 -5.3151E-07
  5.7028E-05  5.4599E-05 -2.9256E-06
  9.1033E-05  9.2834E-05 -5.8385E-06
  4.1899E-05  3.8515E-05 -3.5632E-06
  2.5108E-04  2.9126E-04 -1.1612E-05
  1.2392E-04 -1.5415E-04 -1.5689E-05
  5.1467E-05 -6.4166E-05 -8.3915E-06
  8.0354E-06 -1.1200E-05 -2.4563E-06
  2.2494E-04 -2.5030E-04 -1.3072E-05
  1.3350E-04 -1.3784E-04 -9.0852E-06
  6.1857E-05 -5.8875E-05 -5.5798E-06
  1.6680E-05 -1.3395E-05 -2.4428E-06
  1.8341E-05 -1.3791E-05 -2.3846E-06
  7.0675E-04 -1.0029E-03 -5.1830E-05
  1.5242E-05  1.2198E-05 -8.1474E-07
  2.1618E-04 -2.6716E-04 -2.2470E-05
  1.2634E-04 -1.4842E-04 -1.4895E-05
  5.3122E-05 -6.0427E-05 -8.1114E-06
  8.9623E-06 -9.9629E-06 -2.6187E-06
  6.2348E-04 -8.9931E-04 -4.1636E-05
  5.8798E-04 -8.3388E-04 -4.0405E-05
  5.4891E-04 -7.6539E-04 -3.9043E-05
  5.0757E-04 -6.9484E-04 -3.7499E-05
  4.6369E-04 -6.2353E-04 -3.5742E-05
  4.1835E-04 -5.5285E-04 -3.3778E-05
  3.7179E-04 -4.8219E-04 -3.1547E-05
  3.2098E-04 -4.0898E-04 -2.8855E-05
  2.6760E-04 -3.3521E-04 -2.5756E-05
  1.7657E-05 -1.7836E-05 -3.8121E-06
  5.8273E-05 -6.3408E-05 -8.1721E-06
  1.2617E-04 -1.4272E-04 -1.3909E-05
  2.2528E-04 -2.7221E-04 -2.1581E-05
  6.4460E-05 -6.1030E-05 -5.6063E-06
  6.8405E-04 -8.9246E-04 -5.3753E-05
  2.3096E-04  2.6371E-04 -8.7457E-06
  1.7185E-04 -2.0341E-04 -1.8122E-05
  1.7685E-05 -1.4053E-05 -2.4707E-06
  7.3382E-04 -1.1213E-03 -5.4664E-05
  6.9553E-04 -9.5409E-04 -5.3953E-05
  1.1915E-04  1.2321E-04 -2.3438E-06
  1.3844E-04  1.4816E-04 -8.5052E-06
  6.0090E-05  5.9014E-05 -4.9817E-06
  2.5190E-05 -2.9246E-05 -5.0355E-06
  5.9020E-04 -8.3023E-04 -3.7029E-05
  5.5035E-04 -7.6043E-04 -3.5623E-05
  5.0810E-04 -6.8860E-04 -3.4203E-05
  4.6400E-04 -6.1670E-04 -3.2674E-05
  4.1842E-04 -5.4608E-04 -3.0995E-05
  3.7140E-04 -4.7515E-04 -2.9044E-05
  3.2749E-04 -4.1209E-04 -2.7147E-05
  2.8144E-04 -3.4805E-04 -2.4888E-05
  1.5092E-05 -1.4304E-05 -3.4831E-06
  5.6231E-05 -5.8733E-05 -7.8494E-06
  1.1887E-04 -1.3126E-04 -1.2942E-05
  1.9580E-04 -2.2995E-04 -1.8687E-05
  7.3943E-04 -1.1370E-03 -5.2644E-05
  6.6611E-04 -7.9552E-04 -5.7915E-05
  1.6768E-05  1.3766E-05 -1.5258E-06
  8.5072E-05 -1.1144E-04 -1.2467E-05
  3.0008E-04 -3.5394E-04 -1.6728E-05
  1.9759E-04 -2.1811E-04 -1.2396E-05
  1.1231E-04 -1.1556E-04 -8.4816E-06
  5.1467E-05 -4.8473E-05 -5.2272E-06
  1.4913E-05 -1.2017E-05 -2.4166E-06
  5.8500E-05 -6.2413E-05 -8.1864E-06
  2.8829E-05 -3.0399E-05 -5.2281E-06
  6.8192E-04 -8.8501E-04 -5.6135E-05
  3.5127E-04  4.3504E-04 -1.7719E-05
  3.0465E-04  3.6625E-04 -1.4732E-05
  3.7644E-04 -4.6507E-04 -2.0381E-05
  4.3994E-04 -5.6353E-04 -2.3723E-05
  4.6883E-04 -6.1073E-04 -2.5715E-05
  5.1036E-04 -6.8261E-04 -2.8926E-05
  5.5183E-04 -7.5745E-04 -3.2771E-05
  2.7403E-04 -3.1972E-04 -1.5941E-05
  3.6082E-04 -4.4400E-04 -2.0218E-05
  4.1369E-04 -5.2546E-04 -2.3562E-05
  4.6293E-04 -6.0490E-04 -2.7148E-05
  5.0844E-04 -6.8370E-04 -3.1197E-05
  1.9683E-05 -1.6571E-05 -3.1448E-06
  7.1717E-05 -7.1523E-05 -6.9194E-06
  1.4540E-04 -1.5553E-04 -1.0768E-05
  2.4207E-04 -2.7783E-04 -1.5110E-05
  4.6322E-04 -6.0951E-04 -2.9801E-05
  4.1465E-04 -5.3012E-04 -2.5798E-05
  3.6312E-04 -4.5013E-04 -2.2129E-05
  3.0686E-04 -3.6741E-04 -1.8623E-05
  8.8177E-05 -9.9634E-05 -1.1196E-05
  7.2502E-04 -1.0935E-03 -5.6794E-05
  6.5155E-04 -7.0150E-04 -5.9375E-05
  2.5821E-05 -3.5850E-05 -5.4737E-06
  4.1595E-04 -5.3652E-04 -2.8258E-05
  3.6592E-04 -4.5736E-04 -2.4258E-05
  3.1541E-04 -3.8143E-04 -2.0675E-05
  2.6180E-04 -3.0576E-04 -1.7319E-05
  2.0263E-04 -2.2717E-04 -1.3941E-05
  5.7052E-05 -5.4186E-05 -5.4599E-06
  1.5717E-05 -1.5352E-05 -3.6045E-06
  1.9734E-04  2.2238E-04 -1.1746E-05
  1.1780E-04  1.2399E-04 -8.3174E-06
  5.4007E-05  5.2820E-05 -5.2152E-06
  8.5143E-05 -1.0137E-04 -1.1577E-05
  1.7460E-04 -1.9038E-04 -1.1730E-05
  1.5317E-05 -1.2983E-05 -2.9994E-06
  5.2497E-05 -5.0555E-05 -6.1464E-06
  1.0797E-04 -1.1204E-04 -9.3038E-06
  1.4715E-05 -1.3532E-05 -3.3534E-06
  1.4231E-05 -1.2680E-05 -3.1987E-06
  1.3469E-05 -1.1554E-05 -2.9986E-06
  1.4366E-05 -1.2175E-05 -2.9123E-06
  2.2044E-04 -2.5190E-04 -1.5948E-05
  1.3710E-04 -1.4686E-04 -1.1648E-05
  6.0248E-05 -5.9571E-05 -6.9716E-06
  1.5360E-05 -1.2345E-05 -2.3934E-06
  1.3732E-04 -1.4116E-04 -9.0944E-06
  7.4192E-04 -1.1426E-03 -5.0700E-05
  6.7503E-04 -8.4701E-04 -5.5566E-05
  1.6905E-04 -1.8534E-04 -1.2855E-05
  9.5788E-05 -9.7642E-05 -7.9031E-06
  3.6970E-04 -4.6721E-04 -2.6631E-05
  3.1590E-04 -3.8519E-04 -2.2478E-05
  2.6665E-04 -3.1472E-04 -1.8955E-05
  1.6794E-04 -2.0622E-04 -1.9037E-05
  4.8416E-05 -4.5806E-05 -5.7725E-06
  3.2509E-04 -4.0305E-04 -2.4918E-05
  2.7361E-04 -3.2790E-04 -2.0980E-05
  2.0364E-04 -2.3213E-04 -1.6282E-05
  1.8492E-04 -2.0621E-04 -1.4665E-05
  1.0164E-04 -1.0532E-04 -9.2609E-06
  2.1562E-04 -2.3998E-04 -1.2919E-05
  4.6429E-05 -4.3210E-05 -4.9294E-06
  1.2472E-04 -1.2865E-04 -8.8629E-06
  1.5099E-05 -1.2516E-05 -2.8627E-06
  3.7504E-04  4.7665E-04 -2.4291E-05
  3.2290E-04  3.9662E-04 -1.9784E-05
  2.6149E-04  3.0854E-04 -1.5525E-05
  1.7738E-04  1.9753E-04 -1.1780E-05
  1.0534E-04  1.1074E-04 -8.4019E-06
  4.9663E-05  4.8596E-05 -5.3834E-06
  1.0753E-04 -1.1307E-04 -1.0472E-05
  5.1152E-05 -5.0512E-05 -6.7497E-06
  5.4680E-05 -5.6069E-05 -7.5278E-06
  5.3659E-05 -5.4104E-05 -7.1979E-06
  1.1452E-04 -1.2484E-04 -1.2248E-05
  1.1332E-04 -1.2221E-04 -1.1719E-05
  1.1401E-04 -1.2177E-04 -1.1285E-05
  1.8661E-04 -2.1180E-04 -1.5995E-05
  4.7648E-05  4.7861E-05 -6.0304E-06
  4.7404E-05  4.6772E-05 -5.6372E-06
  2.3621E-04  2.7550E-04 -1.5467E-05
  1.6101E-04  1.7838E-04 -1.1854E-05
  9.7572E-05  1.0284E-04 -8.6433E-06
  4.4010E-05 -4.1882E-05 -6.0000E-06
  9.8979E-05  1.0672E-04 -1.0035E-05
  9.5146E-05  1.0111E-04 -9.1581E-06
  3.3503E-04  4.1913E-04 -2.3488E-05
  2.8927E-04  3.5055E-04 -1.9389E-05
  2.1361E-04  2.4710E-04 -1.5325E-05
  1.5059E-04  1.6661E-04 -1.2095E-05
  2.9233E-04  3.5892E-04 -2.2131E-05
  2.5655E-04  3.0632E-04 -1.8687E-05
  1.8639E-04 -2.1535E-04 -1.7342E-05
  1.8361E-04 -2.0976E-04 -1.6511E-05
  2.4679E-04 -2.9225E-04 -2.0036E-05
  2.4311E-04  2.9161E-04 -2.0016E-05
  2.6909E-04 -3.2582E-04 -2.2278E-05
  1.6489E-04  1.8759E-04 -1.4638E-05
  2.1620E-04  2.5323E-04 -1.7206E-05
  1.9675E-04  2.2598E-04 -1.5182E-05
  1.5173E-04  1.6932E-04 -1.2958E-05
  2.5128E-04 -3.0306E-04 -2.1963E-05
