Vector MODE under Modal for nodeset
1218
   5.4737E+02
  1.4423E-05 -3.0352E-05 -4.9430E-06
  7.0568E-05 -1.0459E-04 -1.3185E-05
  1.5884E-04 -2.2046E-04 -2.2634E-05
  2.6906E-04 -3.7175E-04 -3.2995E-05
  3.9034E-04 -5.4966E-04 -4.3812E-05
  5.1318E-04 -7.4253E-04 -5.4626E-05
  6.2874E-04 -9.3763E-04 -6.4816E-05
  7.2924E-04 -1.1220E-03 -7.3822E-05
  8.1051E-04 -1.2822E-03 -8.1006E-05
  8.6856E-04 -1.4068E-03 -8.6936E-05
  9.0410E-04 -1.4853E-03 -9.1534E-05
  9.1801E-04 -1.5102E-03 -9.4855E-05
  9.1446E-04 -1.4766E-03 -9.6798E-05
  8.9725E-04 -1.3832E-03 -9.7375E-05
  8.7225E-04 -1.2320E-03 -9.6582E-05
  8.4434E-04 -1.0283E-03 -9.4447E-05
  8.1926E-04 -7.8048E-04 -9.1070E-05
  8.0058E-04 -4.9946E-04 -8.6498E-05
  7.9180E-04 -1.9801E-04 -8.1040E-05
  7.9422E-04  1.0986E-04 -7.4638E-05
  8.0763E-04  4.1001E-04 -6.7500E-05
  8.3034E-04  6.8926E-04 -5.9916E-05
  8.5959E-04  9.3583E-04 -5.2078E-05
  8.9104E-04  1.1398E-03 -4.4298E-05
  9.2007E-04  1.2934E-03 -3.6922E-05
  9.4150E-04  1.3914E-03 -2.9848E-05
  9.4965E-04  1.4315E-03 -2.3280E-05
  9.4007E-04  1.4147E-03 -1.7292E-05
  9.0894E-04  1.3452E-03 -1.2043E-05
  8.5475E-04  1.2298E-03 -7.3466E-06
  7.7638E-04  1.0785E-03 -3.4323E-06
  6.7738E-04  9.0220E-04 -1.0826E-06
  5.6157E-04  7.1389E-04  1.2421E-07
  4.3624E-04  5.2640E-04  5.4798E-07
  3.1002E-04  3.5249E-04  5.8098E-07
  1.9235E-04  2.0424E-04  4.9415E-07
  9.4404E-05  9.1314E-05  5.1110E-07
  2.6832E-05  2.1563E-05  3.4005E-07
  0.0000E+00  0.0000E+00  0.0000E+00
  0.0000E+00  0.0000E+00  0.0000E+00
  0.0000E+00  0.0000E+00  0.0000E+00
  0.0000E+00  0.0000E+00  0.0000E+00
  0.0000E+00  0.0000E+00  0.0000E+00
  0.0000E+00  0.0000E+00  0.0000E+00
  0.0000E+00  0.0000E+00  0.0000E+00
  0.0000E+00  0.0000E+00  0.0000E+00
  0.0000E+00  0.0000E+00  0.0000E+00
  0.0000E+00  0.0000E+00  0.0000E+00
  0.0000E+00  0.0000E+00  0.0000E+00
  0.0000E+00  0.0000E+00  0.0000E+00
  0.0000E+00  0.0000E+00  0.0000E+00
  0.0000E+00  0.0000E+00  0.0000E+00
  0.0000E+00  0.0000E+00  0.0000E+00
  0.0000E+00  0.0000E+00  0.0000E+00
  0.0000E+00  0.0000E+00  0.0000E+00
  0.0000E+00  0.0000E+00  0.0000E+00
  0.0000E+00  0.0000E+00  0.0000E+00
  0.0000E+00  0.0000E+00  0.0000E+00
  0.0000E+00  0.0000E+00  0.0000E+00
  0.0000E+00  0.0000E+00  0.0000E+00
  0.0000E+00  0.0000E+00  0.0000E+00
  0.0000E+00  0.0000E+00  0.0000E+00
  0.0000E+00  0.0000E+00  0.0000E+00
  0.0000E+00  0.0000E+00  0.0000E+00
  0.0000E+00  0.0000E+00  0.0000E+00
  0.0000E+00  0.0000E+00  0.0000E+00
  0.0000E+00  0.0000E+00  0.0000E+00
  0.0000E+00  0.0000E+00  0.0000E+00
  0.0000E+00  0.0000E+00  0.0000E+00
  0.0000E+00  0.0000E+00  0.0000E+00
  0.0000E+00  0.0000E+00  0.0000E+00
  0.0000E+00  0.0000E+00  0.0000E+00
  0.0000E+00  0.0000E+00  0.0000E+00
  0.0000E+00  0.0000E+00  0.0000E+00
  0.0000E+00  0.0000E+00  0.0000E+00
  0.0000E+00  0.0000E+00  0.0000E+00
  0.0000E+00  0.0000E+00  0.0000E+00
  0.0000E+00  0.0000E+00  0.0000E+00
  0.0000E+00  0.0000E+00  0.0000E+00
  0.0000E+00  0.0000E+00  0.0000E+00
  0.0000E+00  0.0000E+00  0.0000E+00
  0.0000E+00  0.0000E+00  0.0000E+00
  0.0000E+00  0.0000E+00  0.0000E+00
  0.0000E+00  0.0000E+00  0.0000E+00
  0.0000E+00  0.0000E+00  0.0000E+00
  0.0000E+00  0.0000E+00  0.0000E+00
  3.2480E-05 -1.7873E-05 -1.8427E-06
  1.0607E-04 -8.6687E-05 -5.7851E-06
  2.0979E-04 -2.0055E-04 -1.0891E-05
  3.3244E-04 -3.5065E-04 -1.6429E-05
  4.6223E-04 -5.2663E-04 -2.2299E-05
  5.8919E-04 -7.1576E-04 -2.8399E-05
  7.0460E-04 -9.0462E-04 -3.4572E-05
  8.0100E-04 -1.0800E-03 -4.0603E-05
  8.7514E-04 -1.2285E-03 -4.6562E-05
  9.2405E-04 -1.3389E-03 -5.1623E-05
  9.4929E-04 -1.4013E-03 -5.5362E-05
  9.5368E-04 -1.4091E-03 -5.8421E-05
  9.4156E-04 -1.3583E-03 -6.1557E-05
  9.1675E-04 -1.2490E-03 -6.4993E-05
  8.8500E-04 -1.0840E-03 -6.8361E-05
  8.5238E-04 -8.6940E-04 -7.1788E-05
  8.2344E-04 -6.1393E-04 -7.5580E-05
  8.0195E-04 -3.2830E-04 -7.9439E-05
  7.9078E-04 -2.4631E-05 -8.3103E-05
  7.9111E-04  2.8396E-04 -8.6344E-05
  8.0323E-04  5.8385E-04 -8.9116E-05
  8.2498E-04  8.6148E-04 -9.1326E-05
  8.5338E-04  1.1043E-03 -9.3106E-05
  8.8362E-04  1.3020E-03 -9.4162E-05
  9.1087E-04  1.4464E-03 -9.4441E-05
  9.2925E-04  1.5326E-03 -9.3827E-05
  9.3394E-04  1.5587E-03 -9.2306E-05
  9.1966E-04  1.5268E-03 -8.9819E-05
  8.8361E-04  1.4414E-03 -8.5920E-05
  8.2397E-04  1.3105E-03 -8.0518E-05
  7.4106E-04  1.1445E-03 -7.3199E-05
  6.3864E-04  9.5491E-04 -6.4226E-05
  5.2103E-04  7.5530E-04 -5.4123E-05
  3.9621E-04  5.5866E-04 -4.3448E-05
  2.7310E-04  3.7770E-04 -3.2679E-05
  1.6134E-04  2.2397E-04 -2.2349E-05
  7.1814E-05  1.0629E-04 -1.2950E-05
  1.4806E-05  3.0835E-05 -4.8457E-06
  0.0000E+00  0.0000E+00  0.0000E+00
  0.0000E+00  0.0000E+00  0.0000E+00
  0.0000E+00  0.0000E+00  0.0000E+00
  0.0000E+00  0.0000E+00  0.0000E+00
  9.4266E-04  1.4224E-03 -2.6809E-05
  9.3253E-04  1.3990E-03 -3.1138E-05
  9.1983E-04  1.3620E-03 -3.5796E-05
  9.0611E-04  1.3121E-03 -4.0714E-05
  8.9084E-04  1.2513E-03 -4.5798E-05
  8.7665E-04  1.1806E-03 -5.0734E-05
  8.6099E-04  1.1001E-03 -5.5458E-05
  8.4706E-04  1.0069E-03 -5.9865E-05
  8.3170E-04  9.0103E-04 -6.4054E-05
  8.1874E-04  7.8336E-04 -6.7912E-05
  8.0606E-04  6.5623E-04 -7.1501E-05
  7.9660E-04  5.2095E-04 -7.4689E-05
  7.8871E-04  3.7940E-04 -7.7450E-05
  7.8429E-04  2.3291E-04 -7.9653E-05
  7.8235E-04  8.3427E-05 -8.1366E-05
  7.8356E-04 -6.7611E-05 -8.2544E-05
  7.8774E-04 -2.1831E-04 -8.3201E-05
  7.9473E-04 -3.6740E-04 -8.3342E-05
  8.0493E-04 -5.1326E-04 -8.2967E-05
  8.1739E-04 -6.5540E-04 -8.2162E-05
  8.3270E-04 -7.9395E-04 -8.0787E-05
  8.5217E-04 -9.3703E-04 -7.8521E-05
  8.5974E-04 -9.8466E-04 -7.6628E-05
  8.7093E-04 -1.0563E-03 -7.4307E-05
  8.8642E-04 -1.1329E-03 -7.1628E-05
  9.0142E-04 -1.2059E-03 -6.9010E-05
  9.1682E-04 -1.2695E-03 -6.6373E-05
  9.3018E-04 -1.3208E-03 -6.3721E-05
  8.1028E-04  7.3266E-04 -9.0337E-05
  8.0059E-04  5.9688E-04 -8.8931E-05
  7.9119E-04  4.5671E-04 -8.7606E-05
  7.8597E-04  3.1538E-04 -8.6307E-05
  7.8307E-04  1.8009E-04 -8.5239E-05
  7.8156E-04  5.0704E-05 -8.4485E-05
  7.8459E-04 -8.3577E-05 -8.3810E-05
  7.8818E-04 -2.2642E-04 -8.3370E-05
  7.9566E-04 -3.7176E-04 -8.3089E-05
  7.8982E-04 -3.6565E-04 -8.4078E-05
  7.8415E-04 -2.2823E-04 -8.1403E-05
  7.7914E-04 -8.9777E-05 -7.8774E-05
  7.7798E-04  4.6023E-05 -7.6356E-05
  7.7930E-04  1.7219E-04 -7.4384E-05
  7.8109E-04  2.8951E-04 -7.2904E-05
  7.8807E-04  4.0851E-04 -7.1560E-05
  7.9563E-04  5.3341E-04 -7.0246E-05
  8.0584E-04  6.5972E-04 -6.9042E-05
  8.6722E-04  1.2118E-03 -9.3612E-05
  8.5252E-04  1.1114E-03 -9.2439E-05
  8.3693E-04  1.0021E-03 -9.1217E-05
  8.2426E-04  8.8454E-04 -8.9837E-05
  8.1209E-04  7.6109E-04 -8.8493E-05
  8.0199E-04  6.3300E-04 -8.7195E-05
  7.9459E-04  5.0088E-04 -8.6011E-05
  7.8727E-04  3.6412E-04 -8.5062E-05
  7.8500E-04  2.2252E-04 -8.4211E-05
  7.8269E-04  7.6978E-05 -8.3644E-05
  7.8438E-04 -7.0963E-05 -8.3289E-05
  8.2902E-04 -9.2100E-04 -9.2868E-05
  8.1665E-04 -8.0595E-04 -9.0756E-05
  8.0364E-04 -6.8448E-04 -8.8545E-05
  7.9410E-04 -5.5764E-04 -8.6270E-05
  7.8584E-04 -4.2781E-04 -8.4078E-05
  7.7981E-04 -2.9641E-04 -8.2053E-05
  7.7728E-04 -1.6408E-04 -8.0242E-05
  7.7485E-04 -3.0012E-05 -7.8700E-05
  7.7772E-04  1.0655E-04 -7.7360E-05
  7.8110E-04  2.4484E-04 -7.6233E-05
  7.8758E-04  3.8364E-04 -7.5343E-05
  9.2094E-04  1.4942E-03 -9.3979E-05
  9.1054E-04  1.4431E-03 -9.3350E-05
  8.9753E-04  1.3800E-03 -9.2537E-05
  8.8482E-04  1.3049E-03 -9.1386E-05
  8.7025E-04  1.2192E-03 -9.0106E-05
  8.5642E-04  1.1230E-03 -8.8701E-05
  8.4247E-04  1.0177E-03 -8.7289E-05
  8.2900E-04  9.0366E-04 -8.5908E-05
  8.1747E-04  7.8165E-04 -8.4625E-05
  8.0540E-04  6.5235E-04 -8.3559E-05
  7.9770E-04  5.1648E-04 -8.2601E-05
  7.8955E-04  3.7543E-04 -8.1942E-05
  7.8536E-04  2.3028E-04 -8.1490E-05
  9.0043E-04 -1.1838E-03 -6.7149E-05
  9.2647E-04  1.3536E-03 -3.3757E-05
  8.2347E-04  8.7250E-04 -9.0810E-05
  8.0534E-04 -5.1740E-04 -8.2403E-05
  7.9557E-04 -5.2851E-04 -8.6482E-05
  8.1862E-04  7.8478E-04 -6.5559E-05
  8.8324E-04  1.3037E-03 -9.3134E-05
  7.8639E-04  3.4575E-04 -8.5854E-05
  7.9236E-04  4.4172E-04 -8.7865E-05
  8.6691E-04 -9.9363E-04 -7.0343E-05
  8.8431E-04 -1.1064E-03 -6.9457E-05
  8.8579E-04 -1.3204E-03 -9.6910E-05
  8.7350E-04 -1.2461E-03 -9.5679E-05
  8.5892E-04 -1.1615E-03 -9.4214E-05
  8.4599E-04 -1.0664E-03 -9.2517E-05
  8.3193E-04 -9.6261E-04 -9.0710E-05
  8.1960E-04 -8.5054E-04 -8.8871E-05
  8.0832E-04 -7.3157E-04 -8.7093E-05
  7.9794E-04 -6.0641E-04 -8.5421E-05
  7.9087E-04 -4.7575E-04 -8.3903E-05
  7.8350E-04 -3.4036E-04 -8.2624E-05
  7.8124E-04 -2.0053E-04 -8.1514E-05
  7.7917E-04 -5.7641E-05 -8.0637E-05
  7.8068E-04  8.7350E-05 -7.9999E-05
  7.7500E-04  5.2088E-07 -7.7627E-05
  7.8519E-04 -5.8165E-05 -7.8216E-05
  9.0005E-04  1.2274E-03 -4.0830E-05
  9.1035E-04  1.3017E-03 -3.8080E-05
  9.2933E-04  1.5434E-03 -9.0789E-05
  9.3375E-04  1.5474E-03 -9.0837E-05
  9.3402E-04  1.5386E-03 -9.0666E-05
  9.3078E-04  1.5170E-03 -9.0122E-05
  9.2398E-04  1.4827E-03 -8.9307E-05
  9.1513E-04  1.4356E-03 -8.8212E-05
  9.0354E-04  1.3762E-03 -8.6936E-05
  8.9081E-04  1.3046E-03 -8.5493E-05
  8.7685E-04  1.2214E-03 -8.3970E-05
  8.6199E-04  1.1271E-03 -8.2455E-05
  8.4781E-04  1.0224E-03 -8.1022E-05
  8.3258E-04  9.0820E-04 -7.9771E-05
  8.2040E-04  7.8530E-04 -7.8691E-05
  8.0731E-04  6.5533E-04 -7.7978E-05
  7.9782E-04  5.1930E-04 -7.7515E-05
  8.3930E-04  1.0106E-03 -8.9432E-05
  8.3656E-04  9.9260E-04 -9.2067E-05
  7.8816E-04 -2.2262E-04 -8.3429E-05
  8.1767E-04 -6.5328E-04 -8.1127E-05
  7.9578E-04 -3.7228E-04 -8.2681E-05
  8.0502E-04 -6.5717E-04 -8.8862E-05
  7.9557E-04  5.2519E-04 -7.2389E-05
  8.3151E-04  8.9721E-04 -6.1738E-05
  8.0657E-04  6.6548E-04 -6.7026E-05
  8.9705E-04  1.3809E-03 -9.3942E-05
  7.9635E-04  5.1145E-04 -8.4478E-05
  8.4404E-04 -1.0482E-03 -9.3691E-05
  9.0024E-04  1.3782E-03 -8.9897E-05
  7.8286E-04  8.0251E-05 -8.2631E-05
  7.8460E-04 -7.6173E-05 -8.3704E-05
  9.2031E-04 -1.5014E-03 -9.5652E-05
  9.1816E-04 -1.4800E-03 -9.5587E-05
  9.1204E-04 -1.4459E-03 -9.5150E-05
  9.0401E-04 -1.3993E-03 -9.4352E-05
  8.9290E-04 -1.3406E-03 -9.3289E-05
  8.8128E-04 -1.2700E-03 -9.2052E-05
  8.6795E-04 -1.1882E-03 -9.0757E-05
  8.5463E-04 -1.0957E-03 -8.9420E-05
  8.4148E-04 -9.9332E-04 -8.8063E-05
  8.2822E-04 -8.8169E-04 -8.6788E-05
  8.1722E-04 -7.6155E-04 -8.5684E-05
  8.0537E-04 -6.3413E-04 -8.4759E-05
  7.9811E-04 -4.9968E-04 -8.3910E-05
  7.9045E-04 -3.5974E-04 -8.3256E-05
  7.8639E-04 -2.1520E-04 -8.2759E-05
  8.0502E-04 -7.0958E-04 -8.7751E-05
  7.8709E-04  3.9215E-04 -7.3471E-05
  9.2387E-04  1.3895E-03 -1.4939E-05
  9.3301E-04  1.4214E-03 -1.8708E-05
  9.3751E-04  1.4401E-03 -2.2855E-05
  9.3767E-04  1.4456E-03 -2.7423E-05
  9.3408E-04  1.4376E-03 -3.2354E-05
  9.2747E-04  1.4164E-03 -3.7405E-05
  9.1782E-04  1.3822E-03 -4.2580E-05
  9.0659E-04  1.3347E-03 -4.7739E-05
  8.9280E-04  1.2742E-03 -5.2818E-05
  8.7895E-04  1.2003E-03 -5.7741E-05
  8.6283E-04  1.1137E-03 -6.2545E-05
  8.4868E-04  1.0148E-03 -6.6997E-05
  8.3304E-04  9.0500E-04 -7.1160E-05
  8.2065E-04  7.8454E-04 -7.4852E-05
  8.5764E-04  1.3727E-03 -8.2912E-05
  8.8507E-04  1.4254E-03 -8.4264E-05
  9.0636E-04  1.4680E-03 -8.5096E-05
  9.2200E-04  1.4996E-03 -8.5479E-05
  9.3273E-04  1.5194E-03 -8.5467E-05
  9.3831E-04  1.5271E-03 -8.5077E-05
  9.3963E-04  1.5220E-03 -8.4368E-05
  9.3706E-04  1.5039E-03 -8.3294E-05
  9.3073E-04  1.4726E-03 -8.1951E-05
  9.2158E-04  1.4281E-03 -8.0340E-05
  9.0979E-04  1.3705E-03 -7.8551E-05
  8.9598E-04  1.3001E-03 -7.6680E-05
  8.8127E-04  1.2174E-03 -7.4812E-05
  8.6486E-04  1.1233E-03 -7.3175E-05
  8.4984E-04  1.0187E-03 -7.1856E-05
  8.3118E-04  9.0731E-04 -8.3012E-05
  8.1483E-04  7.7388E-04 -8.6727E-05
  7.8552E-04  1.3299E-04 -8.4973E-05
  7.8721E-04  2.9432E-04 -8.6430E-05
  8.3456E-04 -7.5645E-04 -7.3938E-05
  8.5051E-04 -8.9243E-04 -7.2684E-05
  8.6707E-04 -1.0194E-03 -7.2076E-05
  8.5746E-04 -1.1450E-03 -9.5283E-05
  7.7882E-04 -1.8658E-04 -8.0840E-05
  7.8040E-04 -2.6161E-04 -8.1657E-05
  7.9231E-04  2.5075E-04 -7.1496E-05
  7.8400E-04  8.3154E-05 -7.5316E-05
  8.6842E-04  1.0464E-03 -4.8445E-05
  8.8051E-04  1.1473E-03 -4.5336E-05
  8.9264E-04  1.2368E-03 -4.2865E-05
  8.1676E-04  1.1617E-03 -5.5708E-06
  8.5080E-04  1.2370E-03 -8.5706E-06
  8.7876E-04  1.3032E-03 -1.1954E-05
  9.0127E-04  1.3589E-03 -1.5786E-05
  9.1828E-04  1.4035E-03 -2.0027E-05
  9.2982E-04  1.4361E-03 -2.4665E-05
  9.3648E-04  1.4561E-03 -2.9648E-05
  9.3853E-04  1.4629E-03 -3.4867E-05
  9.3647E-04  1.4561E-03 -4.0357E-05
  9.3079E-04  1.4355E-03 -4.5979E-05
  9.2167E-04  1.4008E-03 -5.1676E-05
  9.1032E-04  1.3520E-03 -5.7381E-05
  8.9635E-04  1.2893E-03 -6.3044E-05
  8.8191E-04  1.2129E-03 -6.8421E-05
  7.8747E-04  1.2221E-03 -7.6497E-05
  8.2683E-04  1.2932E-03 -7.8850E-05
  8.5993E-04  1.3566E-03 -8.0462E-05
  8.8748E-04  1.4107E-03 -8.1539E-05
  9.0890E-04  1.4550E-03 -8.2117E-05
  9.2493E-04  1.4883E-03 -8.2240E-05
  9.3598E-04  1.5098E-03 -8.1951E-05
  9.4181E-04  1.5190E-03 -8.1238E-05
  9.4320E-04  1.5153E-03 -8.0137E-05
  9.4048E-04  1.4982E-03 -7.8646E-05
  9.3389E-04  1.4676E-03 -7.6837E-05
  9.2423E-04  1.4235E-03 -7.4756E-05
  9.1202E-04  1.3661E-03 -7.2516E-05
  8.9745E-04  1.2957E-03 -7.0260E-05
  9.2917E-04  1.5247E-03 -9.2394E-05
  8.0663E-04  6.5478E-04 -8.0920E-05
  8.6760E-04  1.2158E-03 -9.2207E-05
  8.0382E-04  6.4554E-04 -8.5565E-05
  8.0043E-04  6.1348E-04 -8.8189E-05
  7.8190E-04  6.8988E-05 -8.4246E-05
  8.0798E-04 -4.8107E-04 -7.7782E-05
  7.9090E-04 -1.7966E-04 -8.1543E-05
  7.8298E-04  1.4441E-04 -8.5117E-05
  7.8585E-04 -2.2229E-05 -8.3450E-05
  8.6279E-04 -1.1757E-03 -9.2400E-05
  7.8254E-04  2.3709E-04 -7.7900E-05
  7.7680E-04 -1.2886E-04 -7.9498E-05
  8.3686E-04  8.1644E-04 -5.6350E-05
  8.1022E-04  5.4698E-04 -6.4127E-05
  7.8398E-04  2.2302E-04 -7.2638E-05
  7.9574E-04  3.9157E-04 -6.8452E-05
  7.2899E-04  9.9629E-04 -2.4590E-06
  7.7483E-04  1.0858E-03 -4.6564E-06
  8.1528E-04  1.1687E-03 -7.5184E-06
  8.5002E-04  1.2440E-03 -1.0868E-05
  8.7879E-04  1.3105E-03 -1.4670E-05
  9.0212E-04  1.3669E-03 -1.8915E-05
  9.1993E-04  1.4120E-03 -2.3592E-05
  9.3208E-04  1.4453E-03 -2.8641E-05
  9.3923E-04  1.4657E-03 -3.4048E-05
  9.4157E-04  1.4728E-03 -3.9753E-05
  9.3954E-04  1.4660E-03 -4.5724E-05
  9.3369E-04  1.4451E-03 -5.1874E-05
  9.2429E-04  1.4098E-03 -5.8171E-05
  9.1241E-04  1.3599E-03 -6.4435E-05
  6.9503E-04  1.0424E-03 -6.8282E-05
  7.4546E-04  1.1265E-03 -7.1492E-05
  7.9050E-04  1.2054E-03 -7.3971E-05
  8.2915E-04  1.2780E-03 -7.5799E-05
  8.6226E-04  1.3428E-03 -7.7074E-05
  8.9000E-04  1.3984E-03 -7.7832E-05
  9.1162E-04  1.4442E-03 -7.8079E-05
  9.2795E-04  1.4789E-03 -7.7844E-05
  9.3905E-04  1.5016E-03 -7.7128E-05
  9.4485E-04  1.5118E-03 -7.5910E-05
  9.4601E-04  1.5087E-03 -7.4229E-05
  9.4290E-04  1.4921E-03 -7.2110E-05
  9.3589E-04  1.4617E-03 -6.9635E-05
  9.2557E-04  1.4176E-03 -6.6913E-05
  9.2145E-04  1.4884E-03 -9.2019E-05
  8.7361E-04  1.2210E-03 -8.7207E-05
  7.8963E-04  3.7715E-04 -7.9742E-05
  8.5376E-04  1.1174E-03 -9.0803E-05
  7.9232E-04  4.7946E-04 -8.6952E-05
  8.1999E-04 -6.3304E-04 -7.6327E-05
  7.9723E-04 -3.3756E-04 -8.0022E-05
  8.5243E-04 -9.2745E-04 -7.4755E-05
  8.3359E-04 -7.8359E-04 -7.5426E-05
  8.2898E-04 -7.5766E-04 -7.9402E-05
  8.3861E-04 -8.3974E-04 -7.7306E-05
  7.8787E-04 -2.3278E-04 -8.3100E-05
  8.0393E-04 -4.9838E-04 -8.1538E-05
  8.2095E-04 -6.7314E-04 -7.7965E-05
  8.1113E-04 -5.8640E-04 -7.9984E-05
  8.0149E-04 -6.2244E-04 -8.4937E-05
  7.8781E-04 -4.5547E-04 -8.3936E-05
  8.4795E-04  9.3860E-04 -5.3123E-05
  8.1806E-04  6.8221E-04 -6.0958E-05
  8.7587E-04  1.1609E-03 -4.8001E-05
  8.6018E-04  1.0548E-03 -5.0420E-05
  8.4595E-04  9.9385E-04 -5.7575E-05
  8.5915E-04  1.0795E-03 -5.3024E-05
  7.9694E-04  5.5036E-04 -6.8356E-05
  8.1877E-04  7.8090E-04 -6.3467E-05
  8.4294E-04  9.5413E-04 -5.5514E-05
  8.2884E-04  8.6768E-04 -5.9777E-05
  9.2735E-04  1.4775E-03 -8.5803E-05
  9.3334E-04  1.5483E-03 -9.2519E-05
  9.1223E-04  1.4393E-03 -9.1004E-05
  8.4554E-04  1.0213E-03 -8.4228E-05
  8.2637E-04  8.9545E-04 -8.8068E-05
  8.1006E-04  7.4537E-04 -8.9550E-05
  8.0537E-04 -5.0015E-04 -7.8947E-05
  8.0164E-04 -5.0636E-04 -8.3762E-05
  8.1355E-04 -6.4775E-04 -8.3785E-05
  8.2928E-04 -7.8209E-04 -8.3263E-05
  8.4511E-04 -9.0851E-04 -8.2331E-05
  8.6388E-04 -1.0256E-03 -8.0931E-05
  8.8207E-04 -1.1328E-03 -7.9133E-05
  9.0145E-04 -1.2281E-03 -7.6839E-05
  9.1890E-04 -1.3076E-03 -7.4231E-05
  9.3413E-04 -1.3681E-03 -7.1406E-05
  9.4594E-04 -1.4110E-03 -6.8554E-05
  9.5427E-04 -1.4375E-03 -6.5613E-05
  9.5835E-04 -1.4477E-03 -6.2693E-05
  9.5769E-04 -1.4422E-03 -5.9855E-05
  9.5189E-04 -1.4217E-03 -5.7072E-05
  9.4076E-04 -1.3870E-03 -5.4148E-05
  9.0003E-04 -1.3916E-03 -9.6132E-05
  7.8700E-04 -3.5207E-04 -8.2887E-05
  8.2908E-04 -9.4285E-04 -9.1923E-05
  7.8100E-04 -3.2271E-04 -8.2311E-05
  7.8606E-04 -3.9579E-04 -8.4065E-05
  8.2749E-04  8.1651E-04 -5.8231E-05
  9.3454E-04  1.4466E-03 -3.6243E-05
  8.7951E-04  1.2202E-03 -7.9761E-05
  8.1930E-04  7.8463E-04 -8.1863E-05
  7.8548E-04  2.2725E-04 -8.2984E-05
  7.8755E-04 -1.8126E-04 -8.2211E-05
  8.9235E-04 -1.4492E-03 -8.8993E-05
  9.0955E-04 -1.4808E-03 -9.0131E-05
  9.2141E-04 -1.5008E-03 -9.0936E-05
  9.2802E-04 -1.5087E-03 -9.1364E-05
  9.3019E-04 -1.5041E-03 -9.1393E-05
  9.2861E-04 -1.4867E-03 -9.1163E-05
  9.2327E-04 -1.4565E-03 -9.0694E-05
  9.1550E-04 -1.4133E-03 -9.0070E-05
  9.0504E-04 -1.3574E-03 -8.9295E-05
  8.9319E-04 -1.2889E-03 -8.8388E-05
  8.8018E-04 -1.2084E-03 -8.7432E-05
  8.6597E-04 -1.1164E-03 -8.6552E-05
  8.5262E-04 -1.0135E-03 -8.5747E-05
  8.3798E-04 -9.0063E-04 -8.5025E-05
  8.2649E-04 -7.7840E-04 -8.4223E-05
  8.8829E-04 -1.3311E-03 -9.5276E-05
  8.3628E-04 -9.7939E-04 -8.9255E-05
  7.8158E-04 -6.4163E-05 -8.1606E-05
  8.1701E-04 -8.2924E-04 -8.9834E-05
  8.0054E-04  5.3118E-04 -6.5704E-05
  9.0838E-04  1.3437E-03 -5.2185E-05
  8.4933E-04  1.0214E-03 -7.6745E-05
  8.5936E-04  1.1261E-03 -8.5758E-05
  7.9815E-04  5.1820E-04 -8.0193E-05
  7.9317E-04 -3.6478E-04 -8.3403E-05
  9.0849E-04 -1.4404E-03 -9.6665E-05
  8.7662E-04 -1.2587E-03 -9.3892E-05
  8.1261E-04 -7.4872E-04 -8.6175E-05
  7.9522E-04 -5.8443E-04 -8.5784E-05
  7.8027E-04  2.5929E-04 -7.4700E-05
  7.8743E-04  3.5586E-04 -7.0339E-05
  9.4304E-04  1.4335E-03 -2.0688E-05
  8.8047E-04  1.2069E-03 -6.2579E-05
  9.0698E-04  1.3737E-03 -8.3015E-05
  8.3320E-04  9.0728E-04 -7.5649E-05
  7.8856E-04  3.7151E-04 -8.3676E-05
  8.5824E-04 -1.0197E-03 -8.4294E-05
  8.7643E-04 -1.1273E-03 -8.3164E-05
  8.9633E-04 -1.2219E-03 -8.1577E-05
  9.1363E-04 -1.3026E-03 -7.9586E-05
  9.3055E-04 -1.3680E-03 -7.7153E-05
  9.4375E-04 -1.4177E-03 -7.4574E-05
  9.5467E-04 -1.4524E-03 -7.1802E-05
  9.6261E-04 -1.4759E-03 -6.8646E-05
  9.6543E-04 -1.4801E-03 -6.5008E-05
  9.6077E-04 -1.4627E-03 -6.1453E-05
  9.4944E-04 -1.4289E-03 -5.8053E-05
  9.3153E-04 -1.3812E-03 -5.4672E-05
  9.0759E-04 -1.3211E-03 -5.1295E-05
  8.7773E-04 -1.2499E-03 -4.7837E-05
  8.4191E-04 -1.1691E-03 -4.4073E-05
  8.3307E-04 -8.9259E-04 -8.5847E-05
  7.9443E-04 -4.8995E-04 -8.3832E-05
  7.7890E-04  9.4432E-05 -7.8649E-05
  7.9205E-04  4.5712E-04 -6.9199E-05
  8.0820E-04  6.7090E-04 -6.5027E-05
  9.2996E-04  1.4282E-03 -2.1534E-05
  9.1955E-04  1.3918E-03 -4.6996E-05
  8.6429E-04  1.1192E-03 -6.7464E-05
  6.2164E-04  8.1225E-04 -7.2149E-07
  6.7785E-04  9.0927E-04 -2.2466E-06
  7.2899E-04  1.0032E-03 -4.4458E-06
  7.7486E-04  1.0925E-03 -7.2449E-06
  8.1585E-04  1.1759E-03 -1.0560E-05
  8.5145E-04  1.2519E-03 -1.4366E-05
  8.8096E-04  1.3193E-03 -1.8635E-05
  9.0484E-04  1.3763E-03 -2.3384E-05
  9.2309E-04  1.4219E-03 -2.8586E-05
  9.3549E-04  1.4555E-03 -3.4185E-05
  9.4265E-04  1.4760E-03 -4.0189E-05
  9.4483E-04  1.4830E-03 -4.6565E-05
  9.4247E-04  1.4759E-03 -5.3267E-05
  9.3603E-04  1.4542E-03 -6.0203E-05
  5.8469E-04  8.4611E-04 -5.8679E-05
  6.4442E-04  9.3672E-04 -6.2591E-05
  6.9865E-04  1.0259E-03 -6.5828E-05
  7.4814E-04  1.1114E-03 -6.8435E-05
  7.9289E-04  1.1916E-03 -7.0456E-05
  8.3137E-04  1.2655E-03 -7.1899E-05
  8.6463E-04  1.3315E-03 -7.2780E-05
  8.9244E-04  1.3882E-03 -7.3117E-05
  9.1418E-04  1.4350E-03 -7.2881E-05
  9.3056E-04  1.4705E-03 -7.2100E-05
  9.4145E-04  1.4938E-03 -7.0701E-05
  9.4698E-04  1.5044E-03 -6.8704E-05
  9.4772E-04  1.5014E-03 -6.6174E-05
  9.4402E-04  1.4847E-03 -6.3173E-05
  9.3044E-04  1.5307E-03 -8.8218E-05
  8.9379E-04  1.3030E-03 -8.1419E-05
  7.8311E-04 -3.1005E-06 -8.3978E-05
  8.2190E-04 -7.7159E-04 -8.5108E-05
  9.5462E-04 -1.4224E-03 -5.7457E-05
  8.2355E-04 -8.6794E-04 -8.7711E-05
  7.8385E-04 -2.0972E-04 -8.2145E-05
  8.1014E-04  6.7428E-04 -6.3543E-05
  9.4154E-04  1.4384E-03 -2.4620E-05
  9.3720E-04  1.4537E-03 -3.1232E-05
  9.3649E-04  1.5297E-03 -8.7619E-05
  9.1847E-04  1.4319E-03 -8.4503E-05
  8.6389E-04  1.1262E-03 -7.8204E-05
  7.8530E-04 -1.2111E-04 -8.3415E-05
  7.9523E-04 -3.6092E-04 -8.1956E-05
  9.4529E-04 -1.4161E-03 -7.1651E-05
  8.4709E-04 -1.0047E-03 -8.6664E-05
  8.0982E-04 -6.4284E-04 -8.4335E-05
  7.7672E-04 -4.7280E-05 -7.9663E-05
  9.3633E-04  1.4296E-03 -2.9107E-05
  9.0353E-04  1.3520E-03 -1.3503E-05
  8.9455E-04  1.2822E-03 -5.7459E-05
  9.3374E-04  1.5100E-03 -8.6838E-05
  7.8408E-04  2.0952E-04 -8.4932E-05
  7.9517E-04 -3.5210E-04 -8.1312E-05
  9.5608E-04 -1.4498E-03 -6.8690E-05
  9.4978E-04 -1.4008E-03 -6.0265E-05
  8.0695E-04  6.5545E-04 -7.4662E-05
  9.1943E-04  1.3961E-03 -1.7316E-05
  9.2864E-04  1.4260E-03 -4.1500E-05
  5.0105E-04  6.2169E-04  5.4399E-08
  5.6353E-04  7.2028E-04 -9.8660E-07
  6.2289E-04  8.1878E-04 -2.6043E-06
  6.7840E-04  9.1498E-04 -4.8284E-06
  7.2962E-04  1.0089E-03 -7.6342E-06
  7.7652E-04  1.0997E-03 -1.0961E-05
  8.1860E-04  1.1848E-03 -1.4813E-05
  8.5499E-04  1.2618E-03 -1.9171E-05
  8.8482E-04  1.3296E-03 -2.4020E-05
  9.0878E-04  1.3868E-03 -2.9393E-05
  9.2703E-04  1.4325E-03 -3.5276E-05
  9.3921E-04  1.4660E-03 -4.1623E-05
  9.4596E-04  1.4863E-03 -4.8486E-05
  9.4754E-04  1.4928E-03 -5.5825E-05
  4.6311E-04  6.4568E-04 -4.8201E-05
  5.2726E-04  7.3705E-04 -5.2563E-05
  5.8897E-04  8.2992E-04 -5.6422E-05
  6.4758E-04  9.2229E-04 -5.9737E-05
  7.0123E-04  1.0131E-03 -6.2475E-05
  7.5058E-04  1.0998E-03 -6.4621E-05
  7.9508E-04  1.1808E-03 -6.6182E-05
  8.3353E-04  1.2554E-03 -6.7141E-05
  8.6683E-04  1.3218E-03 -6.7496E-05
  8.9447E-04  1.3792E-03 -6.7206E-05
  9.1616E-04  1.4264E-03 -6.6244E-05
  9.3236E-04  1.4621E-03 -6.4572E-05
  9.4283E-04  1.4855E-03 -6.2176E-05
  9.4783E-04  1.4959E-03 -5.9097E-05
  9.0491E-04  1.4827E-03 -8.7392E-05
  9.3554E-04  1.5365E-03 -8.8055E-05
  8.8767E-04  1.3051E-03 -8.8605E-05
  7.7684E-04 -1.2002E-03 -7.7161E-05
  8.1756E-04 -1.2724E-03 -7.9647E-05
  8.5214E-04 -1.3372E-03 -8.1759E-05
  8.8110E-04 -1.3932E-03 -8.3439E-05
  9.0388E-04 -1.4395E-03 -8.4760E-05
  9.2124E-04 -1.4751E-03 -8.5746E-05
  9.3356E-04 -1.4991E-03 -8.6410E-05
  9.4073E-04 -1.5108E-03 -8.6804E-05
  9.4349E-04 -1.5097E-03 -8.6910E-05
  9.4233E-04 -1.4952E-03 -8.6764E-05
  9.3741E-04 -1.4672E-03 -8.6360E-05
  9.2950E-04 -1.4255E-03 -8.5792E-05
  9.1907E-04 -1.3703E-03 -8.5107E-05
  9.0632E-04 -1.3019E-03 -8.4397E-05
  8.9279E-04 -1.2206E-03 -8.3659E-05
  8.7915E-04 -1.1289E-03 -8.1110E-05
  8.6026E-04 -1.1072E-03 -8.7707E-05
  9.5516E-04 -1.4287E-03 -5.9762E-05
  9.2024E-04  1.5127E-03 -8.8013E-05
  9.2572E-04 -1.3732E-03 -8.2429E-05
  9.4164E-04 -1.4292E-03 -7.9912E-05
  9.5468E-04 -1.4690E-03 -7.6934E-05
  9.6346E-04 -1.4930E-03 -7.3760E-05
  9.6795E-04 -1.5018E-03 -7.0535E-05
  9.6829E-04 -1.4978E-03 -6.7383E-05
  9.6599E-04 -1.4854E-03 -6.4324E-05
  9.5522E-04 -1.4510E-03 -5.9970E-05
  9.3747E-04 -1.4026E-03 -5.6170E-05
  9.1329E-04 -1.3419E-03 -5.2563E-05
  8.8291E-04 -1.2704E-03 -4.9023E-05
  8.4604E-04 -1.1895E-03 -4.5438E-05
  8.0358E-04 -1.1006E-03 -4.1752E-05
  7.5625E-04 -1.0050E-03 -3.8024E-05
  9.1550E-04 -1.3017E-03 -7.6987E-05
  9.6161E-04 -1.4650E-03 -6.5577E-05
  8.4968E-04 -1.0821E-03 -9.0849E-05
  8.8197E-04  1.2963E-03 -1.0229E-05
  9.3517E-04 -1.4908E-03 -8.8833E-05
  8.6137E-04 -1.0230E-03 -8.2444E-05
  9.3202E-04 -1.3661E-03 -7.4374E-05
  9.6162E-04 -1.4617E-03 -6.2398E-05
  9.1720E-04 -1.4512E-03 -9.2771E-05
  9.4203E-04 -1.3778E-03 -6.2583E-05
  7.7745E-04  1.2886E-04 -7.6038E-05
  3.7295E-04  4.3797E-04  2.3803E-07
  4.3837E-04  5.3111E-04 -4.8992E-07
  5.0367E-04  6.2845E-04 -1.6932E-06
  5.6473E-04  7.2520E-04 -3.4037E-06
  6.2221E-04  8.2075E-04 -5.7051E-06
  6.7895E-04  9.1888E-04 -8.6065E-06
  7.3298E-04  1.0173E-03 -1.2051E-05
  7.8128E-04  1.1107E-03 -1.6003E-05
  8.2365E-04  1.1964E-03 -2.0474E-05
  8.5999E-04  1.2732E-03 -2.5492E-05
  8.8949E-04  1.3406E-03 -3.1051E-05
  9.1303E-04  1.3976E-03 -3.7207E-05
  9.3080E-04  1.4430E-03 -4.3973E-05
  9.4234E-04  1.4761E-03 -5.1395E-05
  3.3673E-04  4.5490E-04 -3.7350E-05
  4.0193E-04  5.3964E-04 -4.1899E-05
  4.6719E-04  6.2982E-04 -4.6174E-05
  5.3073E-04  7.2388E-04 -5.0047E-05
  5.9239E-04  8.1902E-04 -5.3433E-05
  6.5081E-04  9.1302E-04 -5.6264E-05
  7.0416E-04  1.0044E-03 -5.8493E-05
  7.5300E-04  1.0909E-03 -6.0106E-05
  7.9693E-04  1.1716E-03 -6.1075E-05
  8.3520E-04  1.2461E-03 -6.1354E-05
  8.6843E-04  1.3127E-03 -6.0921E-05
  8.9586E-04  1.3702E-03 -5.9698E-05
  9.1727E-04  1.4174E-03 -5.7645E-05
  9.3298E-04  1.4528E-03 -5.4750E-05
  6.8614E-04 -1.0255E-03 -6.8991E-05
  7.3766E-04 -1.1104E-03 -7.2402E-05
  7.8393E-04 -1.1904E-03 -7.5231E-05
  8.2390E-04 -1.2646E-03 -7.7618E-05
  8.5831E-04 -1.3314E-03 -7.9607E-05
  8.8743E-04 -1.3892E-03 -8.1220E-05
  9.1044E-04 -1.4375E-03 -8.2490E-05
  9.2818E-04 -1.4748E-03 -8.3427E-05
  9.4082E-04 -1.5003E-03 -8.4052E-05
  9.4830E-04 -1.5133E-03 -8.4377E-05
  9.5127E-04 -1.5130E-03 -8.4398E-05
  9.5010E-04 -1.4991E-03 -8.4147E-05
  9.4510E-04 -1.4711E-03 -8.3652E-05
  9.3680E-04 -1.4291E-03 -8.2950E-05
  9.1207E-04 -1.3647E-03 -8.7167E-05
  8.8701E-04 -1.2800E-03 -9.0011E-05
  9.5123E-04 -1.4200E-03 -6.2350E-05
  9.3579E-04  1.4474E-03 -2.6183E-05
  2.4767E-04  2.7231E-04  1.6833E-07
  3.0982E-04  3.5279E-04 -4.1321E-07
  3.7658E-04  4.4428E-04 -1.3837E-06
  4.4370E-04  5.4055E-04 -2.7471E-06
  5.0093E-04  6.2585E-04 -4.5639E-06
  5.5889E-04  7.1780E-04 -7.0365E-06
  6.2481E-04  8.2670E-04 -1.0147E-05
  6.8593E-04  9.3249E-04 -1.3760E-05
  7.4063E-04  1.0318E-03 -1.7868E-05
  7.8816E-04  1.1241E-03 -2.2488E-05
  8.2954E-04  1.2085E-03 -2.7682E-05
  8.6501E-04  1.2844E-03 -3.3484E-05
  8.9383E-04  1.3512E-03 -3.9900E-05
  9.1656E-04  1.4077E-03 -4.7039E-05
  1.6209E-05  1.2206E-05 -1.6339E-07
  8.3553E-05  8.1211E-05 -4.6990E-07
  1.8723E-04  1.9834E-04 -4.7090E-07
  8.9631E-04  1.3609E-03 -5.0111E-05
  8.6877E-04  1.2944E-03 -4.3078E-05
  8.3459E-04  1.2193E-03 -3.6508E-05
  7.9475E-04  1.1366E-03 -3.0488E-05
  7.4900E-04  1.0468E-03 -2.5103E-05
  6.9640E-04  9.5074E-04 -2.0282E-05
  6.3751E-04  8.4795E-04 -1.5988E-05
  5.7174E-04  7.3847E-04 -1.2181E-05
  4.9777E-04  6.2175E-04 -8.8254E-06
  4.1007E-04  4.9182E-04 -5.7951E-06
  3.9250E-04  4.6687E-04 -3.9333E-06
  3.2054E-04  3.6734E-04 -2.5709E-06
  2.4793E-04  2.7306E-04 -1.3074E-06
  9.5170E-04 -1.4722E-03 -7.9936E-05
  9.6230E-04 -1.4992E-03 -7.6558E-05
  9.6828E-04 -1.5106E-03 -7.2952E-05
  9.6929E-04 -1.5071E-03 -6.9293E-05
  9.6544E-04 -1.4907E-03 -6.5649E-05
  9.5713E-04 -1.4636E-03 -6.1978E-05
  9.4226E-04 -1.4219E-03 -5.8132E-05
  9.1890E-04 -1.3620E-03 -5.4157E-05
  8.8858E-04 -1.2901E-03 -5.0361E-05
  8.5122E-04 -1.2087E-03 -4.6626E-05
  8.0811E-04 -1.1194E-03 -4.2954E-05
  7.5987E-04 -1.0237E-03 -3.9280E-05
  7.0659E-04 -9.2355E-04 -3.5574E-05
  6.4910E-04 -8.2039E-04 -3.1868E-05
  9.1521E-04 -1.4771E-03 -8.7808E-05
  8.8662E-04 -1.2159E-03 -8.5612E-05
  8.4224E-04 -9.0603E-04 -8.3612E-05
  9.2290E-04 -1.5092E-03 -9.3365E-05
  8.7386E-04 -1.1992E-03 -8.8937E-05
  2.7530E-05  2.2836E-05 -8.0850E-07
  8.7316E-05  8.5139E-05 -1.5483E-06
  1.8401E-04  1.9458E-04 -2.1437E-06
  2.1640E-04  2.8462E-04 -2.6579E-05
  2.7632E-04  3.5702E-04 -3.1040E-05
  3.3965E-04  4.3862E-04 -3.5488E-05
  4.0524E-04  5.2726E-04 -3.9745E-05
  4.7131E-04  6.2136E-04 -4.3668E-05
  5.3580E-04  7.1850E-04 -4.7143E-05
  5.9732E-04  8.1473E-04 -5.0027E-05
  6.5455E-04  9.0772E-04 -5.2245E-05
  7.0653E-04  9.9715E-04 -5.3800E-05
  7.5455E-04  1.0821E-03 -5.4676E-05
  7.9800E-04  1.1625E-03 -5.4827E-05
  8.3623E-04  1.2371E-03 -5.4191E-05
  8.6945E-04  1.3036E-03 -5.2576E-05
  9.3409E-04 -1.5091E-03 -8.8860E-05
  9.3002E-04 -1.4620E-03 -8.8592E-05
  8.7177E-04 -1.1236E-03 -8.4903E-05
  8.9856E-04 -1.2221E-03 -7.9195E-05
  9.2473E-04 -1.5026E-03 -9.3694E-05
  8.9880E-04 -1.3493E-03 -9.0925E-05
  9.3094E-04 -1.3405E-03 -6.5242E-05
  1.3435E-04  1.3697E-04  5.0344E-08
  1.0298E-05  1.4748E-05 -3.1986E-06
  6.6589E-05  8.3876E-05 -1.0969E-05
  1.6079E-04  2.0119E-04 -2.0538E-05
  5.7765E-04 -8.3356E-04 -5.9309E-05
  6.3829E-04 -9.2475E-04 -6.3425E-05
  6.9351E-04 -1.0149E-03 -6.6980E-05
  7.4413E-04 -1.1017E-03 -7.0064E-05
  7.9009E-04 -1.1837E-03 -7.2702E-05
  8.2990E-04 -1.2597E-03 -7.4965E-05
  8.6456E-04 -1.3280E-03 -7.6845E-05
  8.9386E-04 -1.3875E-03 -7.8358E-05
  9.1724E-04 -1.4371E-03 -7.9524E-05
  9.3541E-04 -1.4756E-03 -8.0351E-05
  9.4824E-04 -1.5020E-03 -8.0845E-05
  9.5587E-04 -1.5156E-03 -8.1028E-05
  9.5881E-04 -1.5154E-03 -8.0863E-05
  9.5741E-04 -1.5010E-03 -8.0372E-05
  8.7520E-04 -1.3993E-03 -8.5369E-05
  9.3656E-04 -1.5065E-03 -8.8954E-05
  9.2235E-04 -1.4199E-03 -8.7899E-05
  9.1628E-04 -1.5034E-03 -9.2643E-05
  9.2291E-04 -1.4831E-03 -9.3348E-05
  8.7783E-04  1.1930E-03 -5.4049E-05
  4.6223E-05  4.0665E-05  1.0132E-07
  1.3175E-04  1.3405E-04 -1.1519E-06
  1.1091E-04  1.4631E-04 -1.6368E-05
  9.6529E-04 -1.5149E-03 -7.6392E-05
  9.6786E-04 -1.5133E-03 -7.2251E-05
  9.6476E-04 -1.4972E-03 -6.8093E-05
  9.5603E-04 -1.4680E-03 -6.3999E-05
  9.4142E-04 -1.4270E-03 -5.9952E-05
  9.2083E-04 -1.3737E-03 -5.5955E-05
  8.9260E-04 -1.3061E-03 -5.1958E-05
  8.5593E-04 -1.2258E-03 -4.8000E-05
  8.1276E-04 -1.1362E-03 -4.4145E-05
  7.6402E-04 -1.0400E-03 -4.0397E-05
  7.1005E-04 -9.3982E-04 -3.6685E-05
  6.5184E-04 -8.3689E-04 -3.2992E-05
  5.9050E-04 -7.3238E-04 -2.9337E-05
  5.2697E-04 -6.2813E-04 -2.5722E-05
  8.9811E-04 -1.4436E-03 -8.6777E-05
  8.0374E-04 -5.1057E-04 -8.3462E-05
  8.3222E-04  9.0279E-04 -6.7368E-05
  2.1551E-05  1.7434E-05 -1.0386E-06
  7.9453E-05  7.6490E-05 -2.1752E-06
  1.7086E-04  1.7882E-04 -3.0136E-06
  2.8761E-04  3.2477E-04 -3.6557E-06
  1.1335E-05  1.2868E-05 -3.3259E-06
  6.7656E-05  7.7618E-05 -1.0425E-05
  1.6166E-04  1.9087E-04 -1.9268E-05
  2.7817E-04  3.4498E-04 -2.9225E-05
  8.4591E-04 -1.3452E-03 -8.3412E-05
  9.2728E-04 -1.4991E-03 -8.8483E-05
  8.9979E-04 -1.2966E-03 -8.6395E-05
  9.1757E-04  1.3719E-03 -3.9094E-05
  8.1963E-04  7.8365E-04 -7.1152E-05
  4.5377E-05  3.9826E-05 -8.2874E-07
  3.4370E-04  4.3143E-04 -3.3494E-05
  4.1262E-04  5.2643E-04 -3.7531E-05
  4.8052E-04  6.2437E-04 -4.1076E-05
  5.4342E-04  7.2022E-04 -4.3894E-05
  6.0180E-04  8.1199E-04 -4.5960E-05
  6.5625E-04  9.0065E-04 -4.7347E-05
  7.0700E-04  9.8788E-04 -4.8071E-05
  7.5502E-04  1.0730E-03 -4.8129E-05
  7.9863E-04  1.1541E-03 -4.7389E-05
  8.3665E-04  1.2286E-03 -4.5647E-05
  3.3544E-05  4.7194E-05 -7.1707E-06
  4.5793E-04 -6.3698E-04 -4.8698E-05
  5.2288E-04 -7.2889E-04 -5.3263E-05
  5.8546E-04 -8.2264E-04 -5.7398E-05
  6.4503E-04 -9.1617E-04 -6.1086E-05
  6.9970E-04 -1.0084E-03 -6.4357E-05
  7.5014E-04 -1.0967E-03 -6.7194E-05
  7.9595E-04 -1.1798E-03 -6.9637E-05
  8.3591E-04 -1.2569E-03 -7.1713E-05
  8.7093E-04 -1.3263E-03 -7.3410E-05
  9.0045E-04 -1.3869E-03 -7.4742E-05
  9.2417E-04 -1.4374E-03 -7.5745E-05
  9.4260E-04 -1.4764E-03 -7.6379E-05
  9.5549E-04 -1.5029E-03 -7.6662E-05
  9.6302E-04 -1.5160E-03 -7.6540E-05
  9.4358E-04 -1.3964E-03 -6.5079E-05
  8.9163E-04  1.2649E-03 -4.9322E-05
  2.1579E-05  2.1861E-05 -4.6349E-06
  7.2207E-05  7.8699E-05 -1.0128E-05
  1.5669E-04  1.7690E-04 -1.7382E-05
  2.8567E-04  3.4533E-04 -2.7644E-05
  9.6170E-04 -1.5015E-03 -7.1726E-05
  9.5408E-04 -1.4728E-03 -6.6980E-05
  9.3978E-04 -1.4313E-03 -6.2400E-05
  9.1952E-04 -1.3780E-03 -5.8013E-05
  8.9288E-04 -1.3137E-03 -5.3773E-05
  8.5850E-04 -1.2379E-03 -4.9614E-05
  8.1651E-04 -1.1502E-03 -4.5541E-05
  7.6763E-04 -1.0535E-03 -4.1572E-05
  7.1290E-04 -9.5230E-04 -3.7728E-05
  6.5424E-04 -8.4921E-04 -3.3998E-05
  5.9285E-04 -7.4561E-04 -3.0339E-05
  5.2888E-04 -6.4237E-04 -2.6728E-05
  4.6239E-04 -5.4066E-04 -2.3150E-05
  3.9597E-04 -4.4240E-04 -1.9668E-05
  9.5592E-04 -1.4422E-03 -5.9280E-05
  9.0938E-04 -1.4064E-03 -9.1979E-05
  8.4784E-04  1.0114E-03 -6.3241E-05
  3.6084E-05  3.8371E-05 -6.5572E-06
  3.2252E-05  3.7979E-05 -6.5153E-06
  3.3329E-04 -4.4933E-04 -3.7753E-05
  3.9925E-04 -5.3471E-04 -4.2455E-05
  4.6540E-04 -6.2585E-04 -4.6953E-05
  5.2989E-04 -7.2105E-04 -5.1118E-05
  5.9232E-04 -8.1733E-04 -5.4895E-05
  6.5145E-04 -9.1232E-04 -5.8242E-05
  7.0567E-04 -1.0049E-03 -6.1185E-05
  7.5584E-04 -1.0934E-03 -6.3723E-05
  8.0148E-04 -1.1771E-03 -6.5887E-05
  8.4175E-04 -1.2549E-03 -6.7707E-05
  8.7716E-04 -1.3250E-03 -6.9157E-05
  9.0693E-04 -1.3862E-03 -7.0267E-05
  9.3092E-04 -1.4369E-03 -7.1040E-05
  9.4943E-04 -1.4756E-03 -7.1422E-05
  9.4444E-04 -1.4079E-03 -5.6211E-05
  9.2832E-04  1.4072E-03 -3.4050E-05
  3.5943E-04  4.4440E-04 -3.1989E-05
  4.2800E-04  5.4049E-04 -3.5434E-05
  4.9024E-04  6.3045E-04 -3.7950E-05
  5.4652E-04  7.1664E-04 -3.9676E-05
  6.0098E-04  8.0177E-04 -4.0778E-05
  6.5488E-04  8.8977E-04 -4.1361E-05
  7.0735E-04  9.7991E-04 -4.1420E-05
  7.5601E-04  1.0665E-03 -4.0708E-05
  7.9848E-04  1.1465E-03 -3.9005E-05
  1.1114E-04  1.2620E-04 -1.4219E-05
  1.0956E-04  1.3142E-04 -1.5063E-05
  3.3083E-04 -3.6092E-04 -1.7165E-05
  2.0422E-04 -2.0486E-04 -1.1593E-05
  9.3714E-05 -8.3736E-05 -6.3628E-06
  1.9128E-05 -1.1728E-05 -1.8415E-06
  9.2687E-04 -1.3601E-03 -5.3045E-05
  9.1810E-04 -1.2902E-03 -6.7949E-05
  9.0565E-04  1.3242E-03 -4.4166E-05
  1.7486E-05  1.6223E-05 -3.9422E-06
  6.5436E-05  6.7419E-05 -9.0326E-06
  1.4074E-04  1.5463E-04 -1.5395E-05
  2.4186E-04  2.8248E-04 -2.3124E-05
  2.1703E-04  2.6770E-04 -2.4840E-05
  9.3665E-04 -1.4348E-03 -6.5945E-05
  9.1718E-04 -1.3817E-03 -6.0847E-05
  8.9122E-04 -1.3177E-03 -5.6069E-05
  8.5830E-04 -1.2444E-03 -5.1567E-05
  8.1892E-04 -1.1613E-03 -4.7248E-05
  7.7179E-04 -1.0673E-03 -4.3030E-05
  7.1581E-04 -9.6385E-04 -3.8882E-05
  6.5499E-04 -8.5695E-04 -3.4927E-05
  5.9271E-04 -7.5214E-04 -3.1208E-05
  5.2925E-04 -6.5029E-04 -2.7626E-05
  4.6435E-04 -5.5192E-04 -2.4125E-05
  3.9791E-04 -4.5504E-04 -2.0611E-05
  2.6656E-04 -2.7475E-04 -1.3939E-05
  9.1129E-04 -1.3040E-03 -8.2028E-05
  9.0348E-04 -1.3000E-03 -4.9791E-05
  8.6196E-04  1.1087E-03 -5.8732E-05
  1.9569E-05  1.5616E-05 -1.5171E-06
  6.7014E-05  6.2937E-05 -2.9690E-06
  1.3816E-04  1.4146E-04 -4.2894E-06
  2.3759E-04  2.6064E-04 -5.8730E-06
  3.6123E-04  4.2456E-04 -7.3093E-06
  7.5469E-04  1.0589E-03 -3.2700E-05
  7.0493E-04  9.6639E-04 -2.7150E-05
  6.4966E-04  8.6830E-04 -2.2204E-05
  5.8835E-04  7.6474E-04 -1.7774E-05
  5.1979E-04  6.5644E-04 -1.3821E-05
  4.4440E-04  5.4305E-04 -1.0303E-05
  7.0630E-05  7.5005E-05 -9.8294E-06
  9.1306E-04 -1.3844E-03 -6.4954E-05
  8.8809E-04 -1.3205E-03 -5.9285E-05
  8.5582E-04 -1.2472E-03 -5.4072E-05
  8.1783E-04 -1.1660E-03 -4.9272E-05
  7.7439E-04 -1.0785E-03 -4.4811E-05
  7.2308E-04 -9.8284E-04 -4.0534E-05
  6.6170E-04 -8.7399E-04 -3.6242E-05
  5.9049E-04 -7.5445E-04 -3.1937E-05
  5.2482E-04 -6.4910E-04 -2.8248E-05
  4.6006E-04 -5.5144E-04 -2.4792E-05
  3.9667E-04 -4.5934E-04 -2.1480E-05
  3.3635E-04 -3.7477E-04 -1.8362E-05
  2.6888E-04 -2.8611E-04 -1.4925E-05
  9.3273E-04 -1.3585E-03 -6.7930E-05
  2.0361E-05  1.6393E-05 -1.8448E-06
  6.8868E-05  6.5013E-05 -3.5200E-06
  1.5409E-04  1.5942E-04 -6.2753E-06
  2.7194E-04  3.0547E-04 -9.0668E-06
  3.9472E-04  4.7125E-04 -1.1439E-05
  7.0899E-04  9.7634E-04 -3.4199E-05
  6.5772E-04  8.8332E-04 -2.8577E-05
  6.0077E-04  7.8612E-04 -2.3578E-05
  5.3750E-04  6.8441E-04 -1.9064E-05
  4.6856E-04  5.7880E-04 -1.4983E-05
  2.1842E-04  2.5929E-04 -2.3306E-05
  2.1486E-04 -2.2284E-04 -1.3037E-05
  1.0646E-04 -1.0061E-04 -8.0409E-06
  2.9617E-05 -2.2311E-05 -3.3879E-06
  1.4774E-04 -1.3724E-04 -8.4474E-06
  6.5797E-04  8.8776E-04 -3.4882E-05
  6.0661E-04  7.9845E-04 -2.9318E-05
  5.5020E-04  7.0589E-04 -2.4405E-05
  4.8734E-04  6.0724E-04 -1.9920E-05
  4.1891E-04  5.0572E-04 -1.5837E-05
  3.4645E-04  4.0438E-04 -1.2188E-05
  1.8630E-05  1.8045E-05 -4.2354E-06
  2.1440E-04 -2.8140E-04 -2.6945E-05
  2.7508E-04 -3.5447E-04 -3.1520E-05
  3.3940E-04 -4.3722E-04 -3.6129E-05
  4.0608E-04 -5.2734E-04 -4.0595E-05
  4.7307E-04 -6.2266E-04 -4.4768E-05
  5.3774E-04 -7.2012E-04 -4.8563E-05
  5.9911E-04 -8.1585E-04 -5.1872E-05
  6.5677E-04 -9.0926E-04 -5.4739E-05
  7.1035E-04 -1.0010E-03 -5.7260E-05
  7.6061E-04 -1.0896E-03 -5.9444E-05
  8.0641E-04 -1.1739E-03 -6.1312E-05
  8.4718E-04 -1.2524E-03 -6.2855E-05
  8.8317E-04 -1.3230E-03 -6.3992E-05
  1.4930E-04 -1.4510E-04 -9.5830E-06
  9.2902E-04 -1.3722E-03 -7.9765E-05
  8.3116E-04 -7.8626E-04 -8.2082E-05
  8.5913E-05  8.3495E-05 -1.8048E-06
  2.0326E-04  2.1860E-04 -6.4014E-06
  2.0901E-05  1.7077E-05 -2.3519E-06
  8.5831E-05  8.3967E-05 -5.5175E-06
  1.4279E-04  1.4692E-04 -6.7677E-06
  2.3116E-04  2.5292E-04 -9.2984E-06
  1.7084E-05  1.5245E-05 -3.6642E-06
  1.7519E-05  1.5182E-05 -3.4499E-06
  1.8657E-05  1.5893E-05 -3.3161E-06
  1.9902E-05  1.6785E-05 -3.1984E-06
  1.8551E-05  1.5098E-05 -2.8693E-06
  1.7868E-05  1.4245E-05 -2.3702E-06
  3.7032E-04  4.3823E-04 -1.6204E-05
  2.5605E-04  2.8561E-04 -1.2583E-05
  1.5021E-04  1.5578E-04 -8.8193E-06
  6.6914E-05  6.3451E-05 -5.3930E-06
  8.5213E-04 -1.2495E-03 -5.7702E-05
  8.1449E-04 -1.1674E-03 -5.1998E-05
  7.7105E-04 -1.0790E-03 -4.6813E-05
  7.2265E-04 -9.8802E-04 -4.2133E-05
  6.7259E-04 -8.9762E-04 -3.8034E-05
  6.1211E-04 -7.9388E-04 -3.3927E-05
  5.3197E-04 -6.6578E-04 -2.9343E-05
  4.3139E-04 -5.1464E-04 -2.4174E-05
  4.0339E-04 -4.7310E-04 -2.2544E-05
  3.0915E-04 -3.4443E-04 -1.7963E-05
  2.8305E-04 -3.0856E-04 -1.6430E-05
  5.2742E-05 -3.9166E-05 -3.4776E-06
  9.0362E-04 -1.2297E-03 -7.0741E-05
  7.2159E-05  6.8518E-05 -2.5847E-06
  3.1707E-04  3.6395E-04 -8.4299E-06
  5.9908E-04  7.9080E-04 -3.4635E-05
  5.4948E-04  7.0801E-04 -2.9244E-05
  5.0072E-04  6.2924E-04 -2.4727E-05
  4.3847E-04  5.3604E-04 -2.0319E-05
  1.7190E-04 -1.7343E-04 -1.1564E-05
  8.3191E-05 -7.7583E-05 -7.2859E-06
  2.3644E-05 -1.8427E-05 -3.2545E-06
  5.2351E-05 -4.2558E-05 -4.6241E-06
  8.1576E-04 -6.5175E-04 -8.2986E-05
  2.6667E-04  2.9793E-04 -4.8851E-06
  1.2175E-04  1.2311E-04 -4.6219E-06
  5.3979E-04  6.9829E-04 -3.4000E-05
  4.6775E-04  5.8378E-04 -2.7414E-05
  3.6595E-04  4.3544E-04 -2.1144E-05
  2.8754E-04  3.2824E-04 -1.6491E-05
  2.1594E-04  2.3569E-04 -1.2395E-05
  1.8959E-04  2.0259E-04 -9.2173E-06
  7.5167E-05 -6.7830E-05 -6.7138E-06
  2.3634E-05  1.9307E-05 -8.7070E-07
  7.4078E-05  7.0779E-05 -4.2683E-06
  1.1812E-04  1.2030E-04 -8.2695E-06
  5.4368E-05  4.9872E-05 -5.0534E-06
  3.2591E-04  3.7776E-04 -1.6367E-05
  1.6047E-04 -2.0009E-04 -2.0937E-05
  6.6576E-05 -8.3315E-05 -1.1225E-05
  1.0357E-05 -1.4570E-05 -3.2929E-06
  2.9276E-04 -3.2600E-04 -1.7601E-05
  1.7372E-04 -1.7953E-04 -1.2198E-05
  8.0471E-05 -7.6698E-05 -7.4732E-06
  2.1688E-05 -1.7459E-05 -3.2717E-06
  2.3893E-05 -1.7959E-05 -3.1691E-06
  9.1994E-04 -1.3074E-03 -7.0741E-05
  1.9851E-05  1.5829E-05 -1.2365E-06
  2.8040E-04 -3.4688E-04 -2.9955E-05
  1.6382E-04 -1.9272E-04 -1.9885E-05
  6.8844E-05 -7.8476E-05 -1.0853E-05
  1.1595E-05 -1.2957E-05 -3.5072E-06
  8.1086E-04 -1.1702E-03 -5.6082E-05
  7.6454E-04 -1.0847E-03 -5.4361E-05
  7.1360E-04 -9.9539E-04 -5.2469E-05
  6.5970E-04 -9.0339E-04 -5.0336E-05
  6.0253E-04 -8.1046E-04 -4.7917E-05
  5.4349E-04 -7.1842E-04 -4.5228E-05
  4.8286E-04 -6.2646E-04 -4.2189E-05
  4.1673E-04 -5.3124E-04 -3.8535E-05
  3.4729E-04 -4.3533E-04 -3.4359E-05
  2.2893E-05 -2.3186E-05 -5.1042E-06
  7.5590E-05 -8.2384E-05 -1.0951E-05
  1.6376E-04 -1.8542E-04 -1.8604E-05
  2.9246E-04 -3.5362E-04 -2.8832E-05
  8.3890E-05 -7.9498E-05 -7.4947E-06
  8.9036E-04 -1.1638E-03 -7.3353E-05
  2.9987E-04  3.4208E-04 -1.2565E-05
  2.2297E-04 -2.6418E-04 -2.4191E-05
  2.3006E-05 -1.8314E-05 -3.2969E-06
  9.5488E-04 -1.4610E-03 -7.4171E-05
  9.0526E-04 -1.2440E-03 -7.3533E-05
  1.5503E-04  1.6014E-04 -3.7145E-06
  1.7966E-04  1.9210E-04 -1.1946E-05
  7.7978E-05  7.6466E-05 -7.0113E-06
  3.2601E-05 -3.7989E-05 -6.7413E-06
  7.6771E-04 -1.0806E-03 -4.9937E-05
  7.1575E-04 -9.8947E-04 -4.7987E-05
  6.6067E-04 -8.9578E-04 -4.6019E-05
  6.0320E-04 -8.0203E-04 -4.3918E-05
  5.4381E-04 -7.1000E-04 -4.1612E-05
  4.8259E-04 -6.1762E-04 -3.8948E-05
  4.2543E-04 -5.3554E-04 -3.6358E-05
  3.6549E-04 -4.5223E-04 -3.3278E-05
  1.9584E-05 -1.8602E-05 -4.6759E-06
  7.3007E-05 -7.6344E-05 -1.0539E-05
  1.5434E-04 -1.7058E-04 -1.7339E-05
  2.5426E-04 -2.9880E-04 -2.4999E-05
  9.6228E-04 -1.4816E-03 -7.1471E-05
  8.6678E-04 -1.0377E-03 -7.8777E-05
  2.1787E-05  1.7811E-05 -2.2064E-06
  1.0997E-04 -1.4468E-04 -1.6664E-05
  3.9047E-04 -4.6098E-04 -2.2597E-05
  2.5706E-04 -2.8408E-04 -1.6704E-05
  1.4608E-04 -1.5051E-04 -1.1423E-05
  6.6917E-05 -6.3149E-05 -7.0470E-06
  1.9374E-05 -1.5668E-05 -3.2659E-06
  7.5922E-05 -8.1104E-05 -1.0973E-05
  3.7370E-05 -3.9498E-05 -6.9981E-06
  8.8746E-04 -1.1542E-03 -7.6412E-05
  4.5609E-04  5.6445E-04 -2.4637E-05
  3.9549E-04  4.7511E-04 -2.0609E-05
  4.8983E-04 -6.0572E-04 -2.7568E-05
  5.7246E-04 -7.3393E-04 -3.2110E-05
  6.1004E-04 -7.9534E-04 -3.4799E-05
  6.6403E-04 -8.8882E-04 -3.9116E-05
  7.1790E-04 -9.8606E-04 -4.4263E-05
  3.5652E-04 -4.1639E-04 -2.1527E-05
  4.6946E-04 -5.7822E-04 -2.7344E-05
  5.3823E-04 -6.8421E-04 -3.1860E-05
  6.0224E-04 -7.8749E-04 -3.6677E-05
  6.6135E-04 -8.8987E-04 -4.2084E-05
  2.5574E-05 -2.1597E-05 -4.2507E-06
  9.3247E-05 -9.3157E-05 -9.3290E-06
  1.8911E-04 -2.0255E-04 -1.4505E-05
  3.1492E-04 -3.6181E-04 -2.0389E-05
  6.0242E-04 -7.9313E-04 -4.0142E-05
  5.3934E-04 -6.9001E-04 -3.4802E-05
  4.7237E-04 -5.8603E-04 -2.9875E-05
  3.9921E-04 -4.7841E-04 -2.5148E-05
  1.1437E-04 -1.2941E-04 -1.4969E-05
  9.4329E-04 -1.4246E-03 -7.7015E-05
  8.4770E-04 -9.1532E-04 -8.0710E-05
  3.3290E-05 -4.6601E-05 -7.3257E-06
  5.4084E-04 -6.9797E-04 -3.8020E-05
  4.7587E-04 -5.9517E-04 -3.2680E-05
  4.1025E-04 -4.9650E-04 -2.7878E-05
  3.4055E-04 -3.9808E-04 -2.3357E-05
  2.6358E-04 -2.9581E-04 -1.8787E-05
  7.4199E-05 -7.0588E-05 -7.3369E-06
  2.0387E-05 -1.9960E-05 -4.8245E-06
  2.5619E-04  2.8847E-04 -1.6382E-05
  1.5292E-04  1.6079E-04 -1.1616E-05
  7.0119E-05  6.8464E-05 -7.2954E-06
  1.1030E-04 -1.3160E-04 -1.5465E-05
  2.2712E-04 -2.4795E-04 -1.5800E-05
  1.9900E-05 -1.6913E-05 -4.0391E-06
  6.8255E-05 -6.5832E-05 -8.2887E-06
  1.4042E-04 -1.4589E-04 -1.2534E-05
  1.9101E-05 -1.7604E-05 -4.5132E-06
  1.8475E-05 -1.6504E-05 -4.3004E-06
  1.7490E-05 -1.5046E-05 -4.0304E-06
  1.8658E-05 -1.5859E-05 -3.9191E-06
  2.8670E-04 -3.2790E-04 -2.1485E-05
  1.7830E-04 -1.9116E-04 -1.5677E-05
  7.8329E-05 -7.7548E-05 -9.3875E-06
  1.9963E-05 -1.6091E-05 -3.2223E-06
  1.7875E-04 -1.8385E-04 -1.2197E-05
  9.6559E-04 -1.4888E-03 -6.8878E-05
  8.7855E-04 -1.1048E-03 -7.5725E-05
  2.1987E-04 -2.4130E-04 -1.7309E-05
  1.2457E-04 -1.2718E-04 -1.0655E-05
  4.8058E-04 -6.0764E-04 -3.5791E-05
  4.1072E-04 -5.0113E-04 -3.0249E-05
  3.4675E-04 -4.0957E-04 -2.5535E-05
  2.1768E-04 -2.6770E-04 -2.5384E-05
  6.2942E-05 -5.9662E-05 -7.7851E-06
  4.2249E-04 -5.2406E-04 -3.3454E-05
  3.5564E-04 -4.2648E-04 -2.8200E-05
  2.6473E-04 -3.0202E-04 -2.1905E-05
  2.4045E-04 -2.6837E-04 -1.9747E-05
  1.3219E-04 -1.3711E-04 -1.2477E-05
  2.8057E-04 -3.1256E-04 -1.7402E-05
  6.0357E-05 -5.6293E-05 -6.6618E-06
  1.6226E-04 -1.6757E-04 -1.1916E-05
  1.9618E-05 -1.6311E-05 -3.8654E-06
  4.8730E-04  6.1893E-04 -3.3299E-05
  4.1944E-04  5.1485E-04 -2.7263E-05
  3.3958E-04  4.0038E-04 -2.1509E-05
  2.3035E-04  2.5631E-04 -1.6353E-05
  1.3681E-04  1.4366E-04 -1.1685E-05
  6.4515E-05  6.3023E-05 -7.5004E-06
  1.3978E-04 -1.4715E-04 -1.4079E-05
  6.6457E-05 -6.5731E-05 -9.0799E-06
  7.1017E-05 -7.2900E-05 -1.0122E-05
  6.9699E-05 -7.0383E-05 -9.6859E-06
  1.4876E-04 -1.6228E-04 -1.6434E-05
  1.4723E-04 -1.5893E-04 -1.5744E-05
  1.4816E-04 -1.5841E-04 -1.5177E-05
  2.4251E-04 -2.7546E-04 -2.1483E-05
  6.1950E-05  6.2164E-05 -8.3340E-06
  6.1604E-05  6.0708E-05 -7.8239E-06
  3.0683E-04  3.5763E-04 -2.1350E-05
  2.0916E-04  2.3155E-04 -1.6394E-05
  1.2677E-04  1.3349E-04 -1.1975E-05
  5.7189E-05 -5.4520E-05 -8.0665E-06
  1.2871E-04  1.3866E-04 -1.3771E-05
  1.2368E-04  1.3131E-04 -1.2632E-05
  4.3543E-04  5.4440E-04 -3.2119E-05
  3.7586E-04  4.5520E-04 -2.6639E-05
  2.7756E-04  3.2087E-04 -2.1098E-05
  1.9570E-04  2.1635E-04 -1.6668E-05
  3.8002E-04  4.6632E-04 -3.0218E-05
  3.3343E-04  3.9788E-04 -2.5616E-05
  2.4211E-04 -2.7991E-04 -2.3230E-05
  2.3855E-04 -2.7271E-04 -2.2143E-05
  3.2071E-04 -3.8002E-04 -2.6894E-05
  3.1611E-04  3.7897E-04 -2.7287E-05
  3.4963E-04 -4.2353E-04 -2.9868E-05
  2.1440E-04  2.4377E-04 -2.0013E-05
  2.8107E-04  3.2902E-04 -2.3548E-05
  2.5572E-04  2.9352E-04 -2.0854E-05
  1.9724E-04  2.1994E-04 -1.7790E-05
  3.2639E-04 -3.9386E-04 -2.9403E-05
