Vector MODE under Modal for nodeset
1218
   5.4746E+02
  7.3655E-06 -1.5129E-05 -2.4039E-06
  3.5627E-05 -5.2320E-05 -6.4086E-06
  7.9941E-05 -1.1042E-04 -1.1023E-05
  1.3523E-04 -1.8627E-04 -1.6111E-05
  1.9605E-04 -2.7544E-04 -2.1421E-05
  2.5763E-04 -3.7211E-04 -2.6703E-05
  3.1556E-04 -4.6991E-04 -3.1663E-05
  3.6591E-04 -5.6237E-04 -3.6026E-05
  4.0662E-04 -6.4270E-04 -3.9471E-05
  4.3565E-04 -7.0523E-04 -4.2304E-05
  4.5338E-04 -7.4461E-04 -4.4513E-05
  4.6032E-04 -7.5713E-04 -4.6093E-05
  4.5851E-04 -7.4030E-04 -4.6950E-05
  4.4980E-04 -6.9357E-04 -4.7110E-05
  4.3720E-04 -6.1785E-04 -4.6600E-05
  4.2315E-04 -5.1589E-04 -4.5424E-05
  4.1047E-04 -3.9182E-04 -4.3647E-05
  4.0099E-04 -2.5113E-04 -4.1293E-05
  3.9644E-04 -1.0022E-04 -3.8526E-05
  3.9751E-04  5.3906E-05 -3.5306E-05
  4.0408E-04  2.0420E-04 -3.1771E-05
  4.1538E-04  3.4404E-04 -2.7993E-05
  4.2991E-04  4.6755E-04 -2.4088E-05
  4.4557E-04  5.6976E-04 -2.0231E-05
  4.6001E-04  6.4675E-04 -1.6588E-05
  4.7066E-04  6.9592E-04 -1.3106E-05
  4.7465E-04  7.1614E-04 -9.9208E-06
  4.6982E-04  7.0781E-04 -7.0558E-06
  4.5418E-04  6.7304E-04 -4.5644E-06
  4.2702E-04  6.1526E-04 -2.3315E-06
  3.8775E-04  5.3951E-04 -4.8284E-07
  3.3814E-04  4.5125E-04  5.6170E-07
  2.8015E-04  3.5702E-04  1.0216E-06
  2.1743E-04  2.6325E-04  1.0622E-06
  1.5436E-04  1.7629E-04  8.8332E-07
  9.5621E-05  1.0219E-04  6.3657E-07
  4.6819E-05  4.5747E-05  4.6504E-07
  1.3225E-05  1.0873E-05  2.4588E-07
  0.0000E+00  0.0000E+00  0.0000E+00
  0.0000E+00  0.0000E+00  0.0000E+00
  0.0000E+00  0.0000E+00  0.0000E+00
  0.0000E+00  0.0000E+00  0.0000E+00
  0.0000E+00  0.0000E+00  0.0000E+00
  0.0000E+00  0.0000E+00  0.0000E+00
  0.0000E+00  0.0000E+00  0.0000E+00
  0.0000E+00  0.0000E+00  0.0000E+00
  0.0000E+00  0.0000E+00  0.0000E+00
  0.0000E+00  0.0000E+00  0.0000E+00
  0.0000E+00  0.0000E+00  0.0000E+00
  0.0000E+00  0.0000E+00  0.0000E+00
  0.0000E+00  0.0000E+00  0.0000E+00
  0.0000E+00  0.0000E+00  0.0000E+00
  0.0000E+00  0.0000E+00  0.0000E+00
  0.0000E+00  0.0000E+00  0.0000E+00
  0.0000E+00  0.0000E+00  0.0000E+00
  0.0000E+00  0.0000E+00  0.0000E+00
  0.0000E+00  0.0000E+00  0.0000E+00
  0.0000E+00  0.0000E+00  0.0000E+00
  0.0000E+00  0.0000E+00  0.0000E+00
  0.0000E+00  0.0000E+00  0.0000E+00
  0.0000E+00  0.0000E+00  0.0000E+00
  0.0000E+00  0.0000E+00  0.0000E+00
  0.0000E+00  0.0000E+00  0.0000E+00
  0.0000E+00  0.0000E+00  0.0000E+00
  0.0000E+00  0.0000E+00  0.0000E+00
  0.0000E+00  0.0000E+00  0.0000E+00
  0.0000E+00  0.0000E+00  0.0000E+00
  0.0000E+00  0.0000E+00  0.0000E+00
  0.0000E+00  0.0000E+00  0.0000E+00
  0.0000E+00  0.0000E+00  0.0000E+00
  0.0000E+00  0.0000E+00  0.0000E+00
  0.0000E+00  0.0000E+00  0.0000E+00
  0.0000E+00  0.0000E+00  0.0000E+00
  0.0000E+00  0.0000E+00  0.0000E+00
  0.0000E+00  0.0000E+00  0.0000E+00
  0.0000E+00  0.0000E+00  0.0000E+00
  0.0000E+00  0.0000E+00  0.0000E+00
  0.0000E+00  0.0000E+00  0.0000E+00
  0.0000E+00  0.0000E+00  0.0000E+00
  0.0000E+00  0.0000E+00  0.0000E+00
  0.0000E+00  0.0000E+00  0.0000E+00
  0.0000E+00  0.0000E+00  0.0000E+00
  0.0000E+00  0.0000E+00  0.0000E+00
  0.0000E+00  0.0000E+00  0.0000E+00
  0.0000E+00  0.0000E+00  0.0000E+00
  0.0000E+00  0.0000E+00  0.0000E+00
  1.6141E-05 -8.9843E-06 -9.0813E-07
  5.2768E-05 -4.3425E-05 -2.8165E-06
  1.0449E-04 -1.0033E-04 -5.2713E-06
  1.6569E-04 -1.7535E-04 -7.9298E-06
  2.3049E-04 -2.6333E-04 -1.0721E-05
  2.9393E-04 -3.5791E-04 -1.3594E-05
  3.5162E-04 -4.5235E-04 -1.6501E-05
  3.9983E-04 -5.4007E-04 -1.9344E-05
  4.3690E-04 -6.1424E-04 -2.2145E-05
  4.6136E-04 -6.6935E-04 -2.4516E-05
  4.7400E-04 -7.0043E-04 -2.6250E-05
  4.7621E-04 -7.0412E-04 -2.7660E-05
  4.7019E-04 -6.7856E-04 -2.9140E-05
  4.5783E-04 -6.2375E-04 -3.0798E-05
  4.4199E-04 -5.4118E-04 -3.2428E-05
  4.2571E-04 -4.3384E-04 -3.4078E-05
  4.1127E-04 -3.0613E-04 -3.5891E-05
  4.0060E-04 -1.6341E-04 -3.7752E-05
  3.9511E-04 -1.1711E-05 -3.9550E-05
  3.9535E-04  1.4243E-04 -4.1172E-05
  4.0148E-04  2.9223E-04 -4.2581E-05
  4.1241E-04  4.3093E-04 -4.3721E-05
  4.2666E-04  5.5227E-04 -4.4630E-05
  4.4183E-04  6.5100E-04 -4.5196E-05
  4.5552E-04  7.2309E-04 -4.5388E-05
  4.6472E-04  7.6610E-04 -4.5129E-05
  4.6707E-04  7.7911E-04 -4.4404E-05
  4.5999E-04  7.6304E-04 -4.3206E-05
  4.4202E-04  7.2028E-04 -4.1353E-05
  4.1223E-04  6.5481E-04 -3.8760E-05
  3.7083E-04  5.7177E-04 -3.5220E-05
  3.1971E-04  4.7695E-04 -3.0905E-05
  2.6096E-04  3.7719E-04 -2.6064E-05
  1.9860E-04  2.7891E-04 -2.0930E-05
  1.3703E-04  1.8850E-04 -1.5769E-05
  8.1094E-05  1.1170E-04 -1.0804E-05
  3.6237E-05  5.2926E-05 -6.2935E-06
  7.5709E-06  1.5292E-05 -2.3644E-06
  0.0000E+00  0.0000E+00  0.0000E+00
  0.0000E+00  0.0000E+00  0.0000E+00
  0.0000E+00  0.0000E+00  0.0000E+00
  0.0000E+00  0.0000E+00  0.0000E+00
  4.7129E-04  7.1152E-04 -1.1641E-05
  4.6632E-04  6.9984E-04 -1.3772E-05
  4.6005E-04  6.8132E-04 -1.6069E-05
  4.5326E-04  6.5637E-04 -1.8498E-05
  4.4567E-04  6.2595E-04 -2.1014E-05
  4.3861E-04  5.9067E-04 -2.3461E-05
  4.3078E-04  5.5043E-04 -2.5818E-05
  4.2381E-04  5.0385E-04 -2.8017E-05
  4.1612E-04  4.5099E-04 -3.0112E-05
  4.0963E-04  3.9221E-04 -3.2046E-05
  4.0328E-04  3.2871E-04 -3.3846E-05
  3.9854E-04  2.6114E-04 -3.5446E-05
  3.9457E-04  1.9044E-04 -3.6836E-05
  3.9233E-04  1.1730E-04 -3.7956E-05
  3.9131E-04  4.2665E-05 -3.8824E-05
  3.9187E-04 -3.2731E-05 -3.9420E-05
  3.9391E-04 -1.0795E-04 -3.9756E-05
  3.9734E-04 -1.8236E-04 -3.9839E-05
  4.0236E-04 -2.5518E-04 -3.9666E-05
  4.0852E-04 -3.2616E-04 -3.9274E-05
  4.1610E-04 -3.9536E-04 -3.8600E-05
  4.2577E-04 -4.6685E-04 -3.7485E-05
  4.2950E-04 -4.9068E-04 -3.6539E-05
  4.3505E-04 -5.2655E-04 -3.5384E-05
  4.4275E-04 -5.6499E-04 -3.4060E-05
  4.5020E-04 -6.0165E-04 -3.2777E-05
  4.5787E-04 -6.3364E-04 -3.1489E-05
  4.6452E-04 -6.5955E-04 -3.0190E-05
  4.0502E-04  3.6672E-04 -4.3208E-05
  4.0015E-04  2.9904E-04 -4.2498E-05
  3.9543E-04  2.2918E-04 -4.1836E-05
  3.9281E-04  1.5874E-04 -4.1197E-05
  3.9136E-04  9.1294E-05 -4.0679E-05
  3.9061E-04  2.6759E-05 -4.0316E-05
  3.9214E-04 -4.0274E-05 -3.9996E-05
  3.9395E-04 -1.1165E-04 -3.9798E-05
  3.9770E-04 -1.8435E-04 -3.9687E-05
  3.9549E-04 -1.8399E-04 -4.0065E-05
  3.9257E-04 -1.1506E-04 -3.8718E-05
  3.8999E-04 -4.5626E-05 -3.7406E-05
  3.8936E-04  2.2468E-05 -3.6201E-05
  3.8998E-04  8.5728E-05 -3.5219E-05
  3.9084E-04  1.4455E-04 -3.4488E-05
  3.9431E-04  2.0421E-04 -3.3825E-05
  3.9808E-04  2.6684E-04 -3.3184E-05
  4.0318E-04  3.3019E-04 -3.2598E-05
  4.3360E-04  6.0609E-04 -4.4901E-05
  4.2622E-04  5.5606E-04 -4.4304E-05
  4.1840E-04  5.0156E-04 -4.3684E-05
  4.1206E-04  4.4301E-04 -4.2987E-05
  4.0598E-04  3.8148E-04 -4.2311E-05
  4.0093E-04  3.1763E-04 -4.1668E-05
  3.9725E-04  2.5173E-04 -4.1085E-05
  3.9361E-04  1.8346E-04 -4.0613E-05
  3.9248E-04  1.1270E-04 -4.0197E-05
  3.9133E-04  3.9912E-05 -3.9930E-05
  3.9220E-04 -3.4143E-05 -3.9772E-05
  4.1532E-04 -4.6200E-04 -4.4596E-05
  4.0900E-04 -4.0424E-04 -4.3508E-05
  4.0239E-04 -3.4328E-04 -4.2377E-05
  3.9753E-04 -2.7966E-04 -4.1220E-05
  3.9333E-04 -2.1455E-04 -4.0113E-05
  3.9026E-04 -1.4867E-04 -3.9096E-05
  3.8895E-04 -8.2337E-05 -3.8194E-05
  3.8770E-04 -1.5127E-05 -3.7427E-05
  3.8911E-04  5.3341E-05 -3.6753E-05
  3.9079E-04  1.2268E-04 -3.6198E-05
  3.9403E-04  1.9228E-04 -3.5765E-05
  4.6054E-04  7.4707E-04 -4.5184E-05
  4.5532E-04  7.2168E-04 -4.4844E-05
  4.4879E-04  6.9030E-04 -4.4416E-05
  4.4243E-04  6.5294E-04 -4.3827E-05
  4.3515E-04  6.1025E-04 -4.3173E-05
  4.2824E-04  5.6237E-04 -4.2460E-05
  4.2129E-04  5.0987E-04 -4.1744E-05
  4.1457E-04  4.5302E-04 -4.1052E-05
  4.0882E-04  3.9211E-04 -4.0409E-05
  4.0279E-04  3.2750E-04 -3.9875E-05
  3.9896E-04  2.5954E-04 -3.9401E-05
  3.9488E-04  1.8895E-04 -3.9078E-05
  3.9279E-04  1.1625E-04 -3.8866E-05
  4.4969E-04 -5.9094E-04 -3.1848E-05
  4.6324E-04  6.7701E-04 -1.5035E-05
  4.1164E-04  4.3672E-04 -4.3462E-05
  4.0247E-04 -2.5710E-04 -3.9354E-05
  3.9837E-04 -2.6537E-04 -4.1300E-05
  4.0958E-04  3.9267E-04 -3.0855E-05
  4.4163E-04  6.5212E-04 -4.4687E-05
  3.9308E-04  1.7415E-04 -4.0995E-05
  3.9601E-04  2.2139E-04 -4.1946E-05
  4.3297E-04 -4.9578E-04 -3.3385E-05
  4.4166E-04 -5.5201E-04 -3.2971E-05
  4.4390E-04 -6.6195E-04 -4.6829E-05
  4.3760E-04 -6.2461E-04 -4.6170E-05
  4.3018E-04 -5.8206E-04 -4.5393E-05
  4.2360E-04 -5.3431E-04 -4.4501E-05
  4.1647E-04 -4.8219E-04 -4.3557E-05
  4.1023E-04 -4.2596E-04 -4.2607E-05
  4.0452E-04 -3.6629E-04 -4.1696E-05
  3.9928E-04 -3.0354E-04 -4.0848E-05
  3.9570E-04 -2.3803E-04 -4.0089E-05
  3.9198E-04 -1.7015E-04 -3.9449E-05
  3.9083E-04 -1.0003E-04 -3.8889E-05
  3.8978E-04 -2.8381E-05 -3.8452E-05
  3.9053E-04  4.4321E-05 -3.8135E-05
  3.8782E-04 -7.8613E-08 -3.6859E-05
  3.9306E-04 -3.0072E-05 -3.7105E-05
  4.5008E-04  6.1370E-04 -1.8519E-05
  4.5527E-04  6.5103E-04 -1.7175E-05
  4.6479E-04  7.7149E-04 -4.3672E-05
  4.6699E-04  7.7366E-04 -4.3686E-05
  4.6711E-04  7.6943E-04 -4.3583E-05
  4.6548E-04  7.5879E-04 -4.3286E-05
  4.6209E-04  7.4183E-04 -4.2850E-05
  4.5767E-04  7.1845E-04 -4.2275E-05
  4.5189E-04  6.8894E-04 -4.1624E-05
  4.4555E-04  6.5329E-04 -4.0891E-05
  4.3858E-04  6.1183E-04 -4.0121E-05
  4.3117E-04  5.6478E-04 -3.9358E-05
  4.2410E-04  5.1244E-04 -3.8635E-05
  4.1648E-04  4.5533E-04 -3.8006E-05
  4.1039E-04  3.9381E-04 -3.7460E-05
  4.0385E-04  3.2872E-04 -3.7099E-05
  3.9912E-04  2.6056E-04 -3.6866E-05
  4.1963E-04  5.0609E-04 -4.2806E-05
  4.1822E-04  4.9658E-04 -4.4101E-05
  3.9402E-04 -1.0986E-04 -3.9849E-05
  4.0857E-04 -3.2500E-04 -3.8726E-05
  3.9769E-04 -1.8455E-04 -3.9458E-05
  4.0321E-04 -3.2992E-04 -4.2515E-05
  3.9803E-04  2.6299E-04 -3.4275E-05
  4.1603E-04  4.4884E-04 -2.8941E-05
  4.0356E-04  3.3284E-04 -3.1574E-05
  4.4856E-04  6.9054E-04 -4.5111E-05
  3.9821E-04  2.5709E-04 -4.0326E-05
  4.2279E-04 -5.2554E-04 -4.5066E-05
  4.5018E-04  6.8967E-04 -4.3102E-05
  3.9150E-04  4.1348E-05 -3.9437E-05
  3.9222E-04 -3.6584E-05 -3.9963E-05
  4.6132E-04 -7.5260E-04 -4.6437E-05
  4.6009E-04 -7.4169E-04 -4.6337E-05
  4.5689E-04 -7.2447E-04 -4.6067E-05
  4.5274E-04 -7.0093E-04 -4.5616E-05
  4.4707E-04 -6.7141E-04 -4.5031E-05
  4.4116E-04 -6.3587E-04 -4.4362E-05
  4.3440E-04 -5.9480E-04 -4.3669E-05
  4.2766E-04 -5.4836E-04 -4.2963E-05
  4.2102E-04 -4.9698E-04 -4.2260E-05
  4.1434E-04 -4.4098E-04 -4.1612E-05
  4.0881E-04 -3.8071E-04 -4.1050E-05
  4.0285E-04 -3.1680E-04 -4.0581E-05
  3.9921E-04 -2.4936E-04 -4.0146E-05
  3.9536E-04 -1.7918E-04 -3.9811E-05
  3.9331E-04 -1.0671E-04 -3.9548E-05
  4.0297E-04 -3.5556E-04 -4.2006E-05
  3.9380E-04  1.9627E-04 -3.4802E-05
  4.6180E-04  6.9522E-04 -5.9413E-06
  4.6649E-04  7.1116E-04 -7.7614E-06
  4.6884E-04  7.2054E-04 -9.7814E-06
  4.6900E-04  7.2328E-04 -1.2014E-05
  4.6728E-04  7.1935E-04 -1.4426E-05
  4.6402E-04  7.0879E-04 -1.6903E-05
  4.5923E-04  6.9172E-04 -1.9455E-05
  4.5363E-04  6.6805E-04 -2.2010E-05
  4.4673E-04  6.3784E-04 -2.4541E-05
  4.3979E-04  6.0094E-04 -2.6995E-05
  4.3172E-04  5.5771E-04 -2.9397E-05
  4.2463E-04  5.0831E-04 -3.1624E-05
  4.1679E-04  4.5344E-04 -3.3703E-05
  4.1057E-04  3.9326E-04 -3.5539E-05
  4.2901E-04  6.8599E-04 -3.9911E-05
  4.4269E-04  7.1250E-04 -4.0544E-05
  4.5331E-04  7.3394E-04 -4.0928E-05
  4.6112E-04  7.4990E-04 -4.1092E-05
  4.6650E-04  7.5996E-04 -4.1066E-05
  4.6930E-04  7.6400E-04 -4.0845E-05
  4.6998E-04  7.6165E-04 -4.0461E-05
  4.6871E-04  7.5278E-04 -3.9898E-05
  4.6557E-04  7.3730E-04 -3.9199E-05
  4.6103E-04  7.1514E-04 -3.8371E-05
  4.5516E-04  6.8642E-04 -3.7455E-05
  4.4827E-04  6.5125E-04 -3.6499E-05
  4.4091E-04  6.0990E-04 -3.5552E-05
  4.3270E-04  5.6280E-04 -3.4728E-05
  4.2520E-04  5.1040E-04 -3.4062E-05
  4.1573E-04  4.5492E-04 -3.9613E-05
  4.0742E-04  3.8810E-04 -4.1447E-05
  3.9252E-04  6.7185E-05 -4.0487E-05
  3.9341E-04  1.4792E-04 -4.1230E-05
  4.1684E-04 -3.7719E-04 -3.5112E-05
  4.2481E-04 -4.4499E-04 -3.4519E-05
  4.3308E-04 -5.0834E-04 -3.4247E-05
  4.2964E-04 -5.7414E-04 -4.5908E-05
  3.8967E-04 -9.3342E-05 -3.8522E-05
  3.9062E-04 -1.3150E-04 -3.8870E-05
  3.9651E-04  1.2458E-04 -3.3752E-05
  3.9241E-04  4.0807E-05 -3.5661E-05
  4.3433E-04  5.2302E-04 -2.2286E-05
  4.4038E-04  5.7367E-04 -2.0750E-05
  4.4648E-04  6.1856E-04 -1.9545E-05
  4.0808E-04  5.8117E-04 -1.4956E-06
  4.2523E-04  6.1887E-04 -2.9339E-06
  4.3935E-04  6.5201E-04 -4.5545E-06
  4.5071E-04  6.7996E-04 -6.4036E-06
  4.5930E-04  7.0230E-04 -8.4671E-06
  4.6515E-04  7.1870E-04 -1.0727E-05
  4.6854E-04  7.2877E-04 -1.3156E-05
  4.6962E-04  7.3227E-04 -1.5709E-05
  4.6861E-04  7.2898E-04 -1.8409E-05
  4.6577E-04  7.1872E-04 -2.1188E-05
  4.6120E-04  7.0144E-04 -2.4021E-05
  4.5552E-04  6.7708E-04 -2.6863E-05
  4.4851E-04  6.4577E-04 -2.9685E-05
  4.4127E-04  6.0759E-04 -3.2363E-05
  3.9396E-04  6.1065E-04 -3.6818E-05
  4.1359E-04  6.4636E-04 -3.7951E-05
  4.3011E-04  6.7817E-04 -3.8715E-05
  4.4387E-04  7.0540E-04 -3.9214E-05
  4.5458E-04  7.2769E-04 -3.9471E-05
  4.6261E-04  7.4452E-04 -3.9509E-05
  4.6816E-04  7.5545E-04 -3.9336E-05
  4.7110E-04  7.6024E-04 -3.8945E-05
  4.7182E-04  7.5853E-04 -3.8364E-05
  4.7050E-04  7.5014E-04 -3.7588E-05
  4.6724E-04  7.3497E-04 -3.6654E-05
  4.6243E-04  7.1298E-04 -3.5589E-05
  4.5632E-04  6.8427E-04 -3.4445E-05
  4.4903E-04  6.4906E-04 -3.3296E-05
  4.6467E-04  7.6240E-04 -4.4418E-05
  4.0347E-04  3.2862E-04 -3.8566E-05
  4.3378E-04  6.0834E-04 -4.4211E-05
  4.0193E-04  3.2406E-04 -4.0869E-05
  4.0009E-04  3.0762E-04 -4.2142E-05
  3.9086E-04  3.5984E-05 -4.0214E-05
  4.0362E-04 -2.3956E-04 -3.6959E-05
  3.9514E-04 -8.8980E-05 -3.8787E-05
  3.9128E-04  7.3204E-05 -4.0588E-05
  3.9267E-04 -1.0178E-05 -3.9740E-05
  4.3196E-04 -5.8884E-04 -4.4493E-05
  3.9148E-04  1.1910E-04 -3.7063E-05
  3.8877E-04 -6.4940E-05 -3.7791E-05
  4.1861E-04  4.0784E-04 -2.6214E-05
  4.0537E-04  2.7290E-04 -3.0088E-05
  3.9234E-04  1.1094E-04 -3.4328E-05
  3.9819E-04  1.9521E-04 -3.2237E-05
  3.6410E-04  4.9833E-04 -6.0478E-08
  3.8715E-04  5.4314E-04 -1.0988E-06
  4.0752E-04  5.8469E-04 -2.4629E-06
  4.2501E-04  6.2240E-04 -4.0689E-06
  4.3950E-04  6.5575E-04 -5.9026E-06
  4.5126E-04  6.8403E-04 -7.9629E-06
  4.6024E-04  7.0673E-04 -1.0236E-05
  4.6638E-04  7.2347E-04 -1.2697E-05
  4.7000E-04  7.3379E-04 -1.5340E-05
  4.7118E-04  7.3743E-04 -1.8148E-05
  4.7018E-04  7.3412E-04 -2.1105E-05
  4.6724E-04  7.2369E-04 -2.4159E-05
  4.6252E-04  7.0606E-04 -2.7288E-05
  4.5655E-04  6.8116E-04 -3.0403E-05
  3.4777E-04  5.2081E-04 -3.2858E-05
  3.7292E-04  5.6298E-04 -3.4408E-05
  3.9540E-04  6.0253E-04 -3.5596E-05
  4.1470E-04  6.3898E-04 -3.6464E-05
  4.3125E-04  6.7152E-04 -3.7059E-05
  4.4514E-04  6.9950E-04 -3.7404E-05
  4.5597E-04  7.2258E-04 -3.7495E-05
  4.6418E-04  7.4009E-04 -3.7342E-05
  4.6976E-04  7.5163E-04 -3.6941E-05
  4.7270E-04  7.5688E-04 -3.6294E-05
  4.7332E-04  7.5548E-04 -3.5419E-05
  4.7179E-04  7.4725E-04 -3.4327E-05
  4.6829E-04  7.3211E-04 -3.3060E-05
  4.6313E-04  7.1003E-04 -3.1672E-05
  4.6079E-04  7.4439E-04 -4.4207E-05
  4.3689E-04  6.1142E-04 -4.1728E-05
  3.9498E-04  1.8958E-04 -3.7990E-05
  4.2686E-04  5.5933E-04 -4.3502E-05
  3.9604E-04  2.4082E-04 -4.1532E-05
  4.0961E-04 -3.1533E-04 -3.6274E-05
  3.9830E-04 -1.6769E-04 -3.8063E-05
  4.2580E-04 -4.6221E-04 -3.5566E-05
  4.1640E-04 -3.9041E-04 -3.5862E-05
  4.1417E-04 -3.7719E-04 -3.7868E-05
  4.1894E-04 -4.1827E-04 -3.6828E-05
  3.9372E-04 -1.1487E-04 -3.9639E-05
  4.0170E-04 -2.4759E-04 -3.8892E-05
  4.1013E-04 -3.3508E-04 -3.7112E-05
  4.0526E-04 -2.9163E-04 -3.8116E-05
  4.0098E-04 -3.1128E-04 -4.0641E-05
  3.9424E-04 -2.2814E-04 -4.0068E-05
  4.2416E-04  4.6912E-04 -2.4611E-05
  4.0927E-04  3.4073E-04 -2.8505E-05
  4.3815E-04  5.8064E-04 -2.2092E-05
  4.3028E-04  5.2741E-04 -2.3277E-05
  4.2325E-04  4.9713E-04 -2.6859E-05
  4.2983E-04  5.3991E-04 -2.4588E-05
  3.9875E-04  2.7512E-04 -3.2220E-05
  4.0966E-04  3.9052E-04 -2.9787E-05
  4.2171E-04  4.7707E-04 -2.5814E-05
  4.1469E-04  4.3387E-04 -2.7940E-05
  4.6382E-04  7.3947E-04 -4.1103E-05
  4.6677E-04  7.7403E-04 -4.4500E-05
  4.5618E-04  7.2001E-04 -4.3678E-05
  4.2289E-04  5.1187E-04 -4.0227E-05
  4.1317E-04  4.4872E-04 -4.2117E-05
  4.0492E-04  3.7335E-04 -4.2825E-05
  4.0236E-04 -2.4876E-04 -3.7561E-05
  4.0090E-04 -2.5233E-04 -4.0087E-05
  4.0680E-04 -3.2287E-04 -4.0117E-05
  4.1460E-04 -3.8988E-04 -3.9877E-05
  4.2244E-04 -4.5294E-04 -3.9435E-05
  4.3176E-04 -5.1135E-04 -3.8748E-05
  4.4078E-04 -5.6486E-04 -3.7868E-05
  4.5040E-04 -6.1243E-04 -3.6746E-05
  4.5907E-04 -6.5217E-04 -3.5466E-05
  4.6663E-04 -6.8243E-04 -3.4076E-05
  4.7250E-04 -7.0398E-04 -3.2672E-05
  4.7663E-04 -7.1734E-04 -3.1233E-05
  4.7863E-04 -7.2265E-04 -2.9805E-05
  4.7828E-04 -7.2016E-04 -2.8429E-05
  4.7535E-04 -7.1021E-04 -2.7096E-05
  4.6976E-04 -6.9313E-04 -2.5703E-05
  4.5095E-04 -6.9746E-04 -4.6502E-05
  3.9368E-04 -1.7569E-04 -3.9609E-05
  4.1518E-04 -4.7261E-04 -4.4146E-05
  3.9079E-04 -1.6159E-04 -3.9257E-05
  3.9353E-04 -1.9879E-04 -4.0077E-05
  4.1398E-04  4.0807E-04 -2.7155E-05
  4.6759E-04  7.2399E-04 -1.6358E-05
  4.3999E-04  6.1133E-04 -3.8022E-05
  4.0981E-04  3.9359E-04 -3.9034E-05
  3.9280E-04  1.1495E-04 -3.9595E-05
  3.9351E-04 -8.9451E-05 -3.9149E-05
  4.4740E-04 -7.2634E-04 -4.3291E-05
  4.5587E-04 -7.4206E-04 -4.3821E-05
  4.6167E-04 -7.5190E-04 -4.4173E-05
  4.6484E-04 -7.5569E-04 -4.4324E-05
  4.6580E-04 -7.5321E-04 -4.4282E-05
  4.6490E-04 -7.4433E-04 -4.4106E-05
  4.6212E-04 -7.2905E-04 -4.3821E-05
  4.5813E-04 -7.0724E-04 -4.3463E-05
  4.5282E-04 -6.7912E-04 -4.3035E-05
  4.4682E-04 -6.4470E-04 -4.2542E-05
  4.4026E-04 -6.0425E-04 -4.2039E-05
  4.3312E-04 -5.5803E-04 -4.1574E-05
  4.2641E-04 -5.0635E-04 -4.1149E-05
  4.1907E-04 -4.4971E-04 -4.0775E-05
  4.1330E-04 -3.8839E-04 -4.0359E-05
  4.4494E-04 -6.6699E-04 -4.6027E-05
  4.1853E-04 -4.9030E-04 -4.2843E-05
  3.9095E-04 -3.1320E-05 -3.8957E-05
  4.0904E-04 -4.1559E-04 -4.3068E-05
  4.0056E-04  2.6521E-04 -3.0867E-05
  4.5454E-04  6.7274E-04 -2.4249E-05
  4.2490E-04  5.1187E-04 -3.6496E-05
  4.2979E-04  5.6413E-04 -4.0995E-05
  3.9923E-04  2.6024E-04 -3.8204E-05
  3.9665E-04 -1.8135E-04 -3.9883E-05
  4.5533E-04 -7.2202E-04 -4.6821E-05
  4.3898E-04 -6.3056E-04 -4.5283E-05
  4.0658E-04 -3.7460E-04 -4.1264E-05
  3.9800E-04 -2.9280E-04 -4.1005E-05
  3.9040E-04  1.2965E-04 -3.5406E-05
  3.9403E-04  1.7756E-04 -3.3183E-05
  4.7144E-04  7.1717E-04 -8.6916E-06
  4.4056E-04  6.0446E-04 -2.9432E-05
  4.5368E-04  6.8790E-04 -3.9676E-05
  4.1684E-04  4.5475E-04 -3.5944E-05
  3.9432E-04  1.8714E-04 -3.9931E-05
  4.2914E-04 -5.0905E-04 -4.0437E-05
  4.3816E-04 -5.6270E-04 -3.9901E-05
  4.4804E-04 -6.0980E-04 -3.9125E-05
  4.5662E-04 -6.5000E-04 -3.8150E-05
  4.6500E-04 -6.8254E-04 -3.6961E-05
  4.7154E-04 -7.0733E-04 -3.5707E-05
  4.7695E-04 -7.2461E-04 -3.4355E-05
  4.8088E-04 -7.3641E-04 -3.2822E-05
  4.8225E-04 -7.3858E-04 -3.1051E-05
  4.7990E-04 -7.3002E-04 -2.9323E-05
  4.7421E-04 -7.1330E-04 -2.7679E-05
  4.6524E-04 -6.8970E-04 -2.6054E-05
  4.5325E-04 -6.5990E-04 -2.4439E-05
  4.3829E-04 -6.2455E-04 -2.2791E-05
  4.2034E-04 -5.8440E-04 -2.0988E-05
  4.1669E-04 -4.4609E-04 -4.1167E-05
  3.9742E-04 -2.4484E-04 -4.0084E-05
  3.8967E-04  4.7559E-05 -3.7431E-05
  3.9632E-04  2.2835E-04 -3.2624E-05
  4.0438E-04  3.3537E-04 -3.0552E-05
  4.6511E-04  7.1461E-04 -9.1732E-06
  4.6013E-04  6.9672E-04 -2.1663E-05
  4.3245E-04  5.6062E-04 -3.1872E-05
  3.1034E-04  4.0621E-04  6.7265E-07
  3.3859E-04  4.5476E-04 -2.4480E-08
  3.6428E-04  5.0178E-04 -1.0609E-06
  3.8735E-04  5.4655E-04 -2.3904E-06
  4.0796E-04  5.8834E-04 -3.9793E-06
  4.2587E-04  6.2648E-04 -5.8133E-06
  4.4072E-04  6.6031E-04 -7.8794E-06
  4.5274E-04  6.8894E-04 -1.0183E-05
  4.6193E-04  7.1188E-04 -1.2716E-05
  4.6817E-04  7.2877E-04 -1.5457E-05
  4.7176E-04  7.3915E-04 -1.8415E-05
  4.7285E-04  7.4271E-04 -2.1570E-05
  4.7164E-04  7.3916E-04 -2.4898E-05
  4.6840E-04  7.2832E-04 -2.8343E-05
  2.9264E-04  4.2268E-04 -2.8247E-05
  3.2242E-04  4.6807E-04 -3.0126E-05
  3.4947E-04  5.1274E-04 -3.1681E-05
  3.7418E-04  5.5563E-04 -3.2926E-05
  3.9655E-04  5.9586E-04 -3.3885E-05
  4.1580E-04  6.3300E-04 -3.4560E-05
  4.3247E-04  6.6614E-04 -3.4961E-05
  4.4641E-04  6.9469E-04 -3.5086E-05
  4.5732E-04  7.1825E-04 -3.4923E-05
  4.6556E-04  7.3615E-04 -3.4475E-05
  4.7105E-04  7.4797E-04 -3.3733E-05
  4.7385E-04  7.5336E-04 -3.2701E-05
  4.7423E-04  7.5197E-04 -3.1400E-05
  4.7239E-04  7.4363E-04 -2.9863E-05
  4.6534E-04  7.6538E-04 -4.2414E-05
  4.4711E-04  6.5265E-04 -3.8865E-05
  3.9134E-04 -3.2299E-07 -4.0040E-05
  4.1108E-04 -3.8537E-04 -4.0787E-05
  4.7670E-04 -7.1066E-04 -2.7231E-05
  4.1210E-04 -4.3439E-04 -4.2045E-05
  3.9209E-04 -1.0431E-04 -3.9231E-05
  4.0535E-04  3.3697E-04 -2.9802E-05
  4.7079E-04  7.1964E-04 -1.0605E-05
  4.6887E-04  7.2747E-04 -1.3903E-05
  4.6837E-04  7.6521E-04 -4.2068E-05
  4.5940E-04  7.1687E-04 -4.0435E-05
  4.3218E-04  5.6432E-04 -3.7232E-05
  3.9243E-04 -5.9154E-05 -3.9776E-05
  3.9735E-04 -1.7895E-04 -3.9073E-05
  4.7224E-04 -7.0643E-04 -3.4244E-05
  4.2373E-04 -5.0235E-04 -4.1587E-05
  4.0502E-04 -3.2078E-04 -4.0392E-05
  3.8859E-04 -2.3501E-05 -3.7933E-05
  4.6828E-04  7.1522E-04 -1.2806E-05
  4.5168E-04  6.7643E-04 -5.2773E-06
  4.4761E-04  6.4203E-04 -2.6876E-05
  4.6700E-04  7.5555E-04 -4.1649E-05
  3.9194E-04  1.0617E-04 -4.0545E-05
  3.9731E-04 -1.7464E-04 -3.8734E-05
  4.7759E-04 -7.2333E-04 -3.2795E-05
  4.7430E-04 -6.9970E-04 -2.8530E-05
  4.0372E-04  3.2857E-04 -3.5437E-05
  4.5975E-04  6.9855E-04 -7.1205E-06
  4.6467E-04  7.1377E-04 -1.8943E-05
  2.4999E-04  3.1086E-04  9.0021E-07
  2.8136E-04  3.6017E-04  4.5926E-07
  3.1116E-04  4.0947E-04 -2.8274E-07
  3.3904E-04  4.5766E-04 -1.3265E-06
  3.6478E-04  5.0471E-04 -2.6546E-06
  3.8834E-04  5.5027E-04 -4.2477E-06
  4.0949E-04  5.9297E-04 -6.1022E-06
  4.2778E-04  6.3164E-04 -8.2087E-06
  4.4278E-04  6.6570E-04 -1.0560E-05
  4.5481E-04  6.9442E-04 -1.3174E-05
  4.6398E-04  7.1736E-04 -1.6052E-05
  4.7007E-04  7.3420E-04 -1.9180E-05
  4.7343E-04  7.4442E-04 -2.2577E-05
  4.7419E-04  7.4766E-04 -2.6218E-05
  2.3189E-04  3.2250E-04 -2.3215E-05
  2.6385E-04  3.6826E-04 -2.5308E-05
  2.9464E-04  4.1477E-04 -2.7159E-05
  3.2389E-04  4.6105E-04 -2.8743E-05
  3.5070E-04  5.0658E-04 -3.0045E-05
  3.7538E-04  5.5005E-04 -3.1063E-05
  3.9766E-04  5.9071E-04 -3.1790E-05
  4.1693E-04  6.2818E-04 -3.2217E-05
  4.3364E-04  6.6158E-04 -3.2341E-05
  4.4752E-04  6.9041E-04 -3.2141E-05
  4.5841E-04  7.1417E-04 -3.1601E-05
  4.6655E-04  7.3216E-04 -3.0718E-05
  4.7182E-04  7.4396E-04 -2.9479E-05
  4.7433E-04  7.4921E-04 -2.7897E-05
  4.5261E-04  7.4107E-04 -4.2048E-05
  4.6789E-04  7.6845E-04 -4.2316E-05
  4.4390E-04  6.5328E-04 -4.2439E-05
  3.8959E-04 -6.0149E-04 -3.7626E-05
  4.0984E-04 -6.3761E-04 -3.8798E-05
  4.2703E-04 -6.6995E-04 -3.9791E-05
  4.4140E-04 -6.9783E-04 -4.0578E-05
  4.5268E-04 -7.2087E-04 -4.1182E-05
  4.6124E-04 -7.3852E-04 -4.1613E-05
  4.6729E-04 -7.5033E-04 -4.1883E-05
  4.7077E-04 -7.5604E-04 -4.2022E-05
  4.7206E-04 -7.5529E-04 -4.2027E-05
  4.7140E-04 -7.4787E-04 -4.1911E-05
  4.6887E-04 -7.3368E-04 -4.1668E-05
  4.6485E-04 -7.1263E-04 -4.1344E-05
  4.5959E-04 -6.8481E-04 -4.0965E-05
  4.5317E-04 -6.5037E-04 -4.0576E-05
  4.4638E-04 -6.0953E-04 -4.0171E-05
  4.3942E-04 -5.6317E-04 -3.8869E-05
  4.3036E-04 -5.5378E-04 -4.2127E-05
  4.7699E-04 -7.1351E-04 -2.8325E-05
  4.6026E-04  7.5622E-04 -4.2332E-05
  4.6281E-04 -6.8582E-04 -3.9622E-05
  4.7069E-04 -7.1359E-04 -3.8391E-05
  4.7714E-04 -7.3335E-04 -3.6931E-05
  4.8145E-04 -7.4517E-04 -3.5385E-05
  4.8363E-04 -7.4947E-04 -3.3811E-05
  4.8376E-04 -7.4744E-04 -3.2271E-05
  4.8257E-04 -7.4122E-04 -3.0768E-05
  4.7715E-04 -7.2412E-04 -2.8658E-05
  4.6826E-04 -7.0009E-04 -2.6823E-05
  4.5616E-04 -6.6997E-04 -2.5091E-05
  4.4095E-04 -6.3440E-04 -2.3399E-05
  4.2250E-04 -5.9421E-04 -2.1683E-05
  4.0123E-04 -5.4995E-04 -1.9920E-05
  3.7752E-04 -5.0237E-04 -1.8143E-05
  4.5745E-04 -6.4930E-04 -3.6849E-05
  4.8032E-04 -7.3104E-04 -3.1273E-05
  4.2532E-04 -5.4186E-04 -4.3674E-05
  4.4077E-04  6.4855E-04 -3.7094E-06
  4.6798E-04 -7.4602E-04 -4.2937E-05
  4.3060E-04 -5.1034E-04 -3.9520E-05
  4.6565E-04 -6.8147E-04 -3.5573E-05
  4.8030E-04 -7.2959E-04 -2.9722E-05
  4.5927E-04 -7.2673E-04 -4.4866E-05
  4.7044E-04 -6.8791E-04 -2.9655E-05
  3.8902E-04  6.4260E-05 -3.6071E-05
  1.8594E-04  2.1897E-04  8.0741E-07
  2.1877E-04  2.6552E-04  5.3358E-07
  2.5152E-04  3.1422E-04  1.2035E-08
  2.8215E-04  3.6267E-04 -7.7464E-07
  3.1100E-04  4.1055E-04 -1.8505E-06
  3.3949E-04  4.5974E-04 -3.2185E-06
  3.6662E-04  5.0911E-04 -4.8590E-06
  3.9089E-04  5.5599E-04 -6.7551E-06
  4.1217E-04  5.9898E-04 -8.9157E-06
  4.3041E-04  6.3754E-04 -1.1351E-05
  4.4521E-04  6.7140E-04 -1.4058E-05
  4.5700E-04  6.9997E-04 -1.7070E-05
  4.6588E-04  7.2274E-04 -2.0405E-05
  4.7162E-04  7.3931E-04 -2.4080E-05
  1.6871E-04  2.2716E-04 -1.8004E-05
  2.0120E-04  2.6959E-04 -2.0183E-05
  2.3375E-04  3.1474E-04 -2.2229E-05
  2.6547E-04  3.6185E-04 -2.4078E-05
  2.9626E-04  4.0951E-04 -2.5693E-05
  3.2547E-04  4.5663E-04 -2.7037E-05
  3.5217E-04  5.0244E-04 -2.8089E-05
  3.7664E-04  5.4584E-04 -2.8829E-05
  3.9867E-04  5.8639E-04 -2.9250E-05
  4.1787E-04  6.2380E-04 -2.9334E-05
  4.3454E-04  6.5726E-04 -2.9056E-05
  4.4832E-04  6.8617E-04 -2.8384E-05
  4.5906E-04  7.0986E-04 -2.7304E-05
  4.6694E-04  7.2767E-04 -2.5809E-05
  3.4416E-04 -5.1389E-04 -3.3681E-05
  3.6983E-04 -5.5636E-04 -3.5316E-05
  3.9288E-04 -5.9638E-04 -3.6656E-05
  4.1277E-04 -6.3343E-04 -3.7784E-05
  4.2988E-04 -6.6669E-04 -3.8714E-05
  4.4433E-04 -6.9549E-04 -3.9458E-05
  4.5572E-04 -7.1948E-04 -4.0031E-05
  4.6450E-04 -7.3798E-04 -4.0438E-05
  4.7073E-04 -7.5056E-04 -4.0691E-05
  4.7438E-04 -7.5689E-04 -4.0805E-05
  4.7579E-04 -7.5657E-04 -4.0771E-05
  4.7513E-04 -7.4939E-04 -4.0604E-05
  4.7258E-04 -7.3521E-04 -4.0315E-05
  4.6838E-04 -7.1400E-04 -3.9923E-05
  4.5620E-04 -6.8240E-04 -4.1982E-05
  4.4387E-04 -6.4057E-04 -4.3341E-05
  4.7505E-04 -7.0892E-04 -2.9579E-05
  4.6810E-04  7.2430E-04 -1.1438E-05
  1.2337E-04  1.3615E-04  5.6344E-07
  1.5452E-04  1.7635E-04  3.7181E-07
  1.8799E-04  2.2209E-04 -1.8554E-08
  2.2162E-04  2.7027E-04 -6.1035E-07
  2.5032E-04  3.1300E-04 -1.4477E-06
  2.7940E-04  3.5909E-04 -2.6019E-06
  3.1249E-04  4.1370E-04 -4.0643E-06
  3.4316E-04  4.6676E-04 -5.7807E-06
  3.7062E-04  5.1659E-04 -7.7501E-06
  3.9447E-04  5.6294E-04 -9.9801E-06
  4.1522E-04  6.0528E-04 -1.2502E-05
  4.3299E-04  6.4331E-04 -1.5331E-05
  4.4741E-04  6.7680E-04 -1.8472E-05
  4.5876E-04  7.0510E-04 -2.1991E-05
  8.0424E-06  6.1251E-06 -2.5045E-08
  4.1588E-05  4.0609E-05 -3.8014E-08
  9.3307E-05  9.9138E-05  1.3806E-07
  4.4862E-04  6.8163E-04 -2.3587E-05
  4.3487E-04  6.4837E-04 -2.0125E-05
  4.1779E-04  6.1081E-04 -1.6904E-05
  3.9785E-04  5.6933E-04 -1.3966E-05
  3.7493E-04  5.2434E-04 -1.1348E-05
  3.4856E-04  4.7613E-04 -9.0196E-06
  3.1901E-04  4.2456E-04 -6.9611E-06
  2.8602E-04  3.6965E-04 -5.1549E-06
  2.4892E-04  3.1113E-04 -3.5832E-06
  2.0495E-04  2.4601E-04 -2.1948E-06
  1.9608E-04  2.3345E-04 -1.2820E-06
  1.6005E-04  1.8364E-04 -7.0365E-07
  1.2370E-04  1.3648E-04 -1.8028E-07
  4.7576E-04 -7.3529E-04 -3.8450E-05
  4.8099E-04 -7.4863E-04 -3.6795E-05
  4.8390E-04 -7.5413E-04 -3.5034E-05
  4.8433E-04 -7.5227E-04 -3.3249E-05
  4.8235E-04 -7.4401E-04 -3.1471E-05
  4.7816E-04 -7.3044E-04 -2.9682E-05
  4.7070E-04 -7.0961E-04 -2.7816E-05
  4.5901E-04 -6.7979E-04 -2.5897E-05
  4.4384E-04 -6.4400E-04 -2.4074E-05
  4.2515E-04 -6.0351E-04 -2.2289E-05
  4.0359E-04 -5.5906E-04 -2.0532E-05
  3.7945E-04 -5.1141E-04 -1.8775E-05
  3.5277E-04 -4.6150E-04 -1.7006E-05
  3.2396E-04 -4.1008E-04 -1.5239E-05
  4.5846E-04 -7.3989E-04 -4.2657E-05
  4.4339E-04 -6.0760E-04 -4.1145E-05
  4.2111E-04 -4.5203E-04 -4.0079E-05
  4.6252E-04 -7.5632E-04 -4.5341E-05
  4.3722E-04 -5.9998E-04 -4.2767E-05
  1.3721E-05  1.1420E-05 -3.0972E-07
  4.3546E-05  4.2554E-05 -5.6464E-07
  9.1847E-05  9.7258E-05 -6.9857E-07
  1.0852E-04  1.4208E-04 -1.2836E-05
  1.3838E-04  1.7833E-04 -1.4970E-05
  1.6997E-04  2.1917E-04 -1.7095E-05
  2.0271E-04  2.6355E-04 -1.9128E-05
  2.3570E-04  3.1067E-04 -2.0995E-05
  2.6794E-04  3.5933E-04 -2.2645E-05
  2.9871E-04  4.0756E-04 -2.4008E-05
  3.2738E-04  4.5419E-04 -2.5046E-05
  3.5343E-04  4.9905E-04 -2.5750E-05
  3.7751E-04  5.4171E-04 -2.6123E-05
  3.9932E-04  5.8205E-04 -2.6143E-05
  4.1850E-04  6.1949E-04 -2.5762E-05
  4.3516E-04  6.5292E-04 -2.4884E-05
  4.6765E-04 -7.5554E-04 -4.3060E-05
  4.6532E-04 -7.3146E-04 -4.2775E-05
  4.3594E-04 -5.6121E-04 -4.0763E-05
  4.4905E-04 -6.0963E-04 -3.7928E-05
  4.6329E-04 -7.5282E-04 -4.5440E-05
  4.4986E-04 -6.7541E-04 -4.3842E-05
  4.6493E-04 -6.6904E-04 -3.0955E-05
  6.6837E-05  6.8503E-05  3.0920E-07
  5.2014E-06  7.3293E-06 -1.5495E-06
  3.3421E-05  4.1841E-05 -5.3032E-06
  8.0578E-05  1.0045E-04 -9.9177E-06
  2.8980E-04 -4.1770E-04 -2.8979E-05
  3.2005E-04 -4.6334E-04 -3.0968E-05
  3.4759E-04 -5.0843E-04 -3.2673E-05
  3.7283E-04 -5.5184E-04 -3.4139E-05
  3.9573E-04 -5.9274E-04 -3.5390E-05
  4.1554E-04 -6.3064E-04 -3.6449E-05
  4.3277E-04 -6.6468E-04 -3.7319E-05
  4.4733E-04 -6.9427E-04 -3.8009E-05
  4.5893E-04 -7.1894E-04 -3.8533E-05
  4.6793E-04 -7.3802E-04 -3.8890E-05
  4.7426E-04 -7.5104E-04 -3.9089E-05
  4.7800E-04 -7.5760E-04 -3.9131E-05
  4.7941E-04 -7.5730E-04 -3.9003E-05
  4.7865E-04 -7.4989E-04 -3.8711E-05
  4.3870E-04 -7.0118E-04 -4.1536E-05
  4.6878E-04 -7.5404E-04 -4.3048E-05
  4.6141E-04 -7.1021E-04 -4.2388E-05
  4.5935E-04 -7.5353E-04 -4.5034E-05
  4.6225E-04 -7.4292E-04 -4.5208E-05
  4.3922E-04  5.9705E-04 -2.5133E-05
  2.2934E-05  2.0375E-05  1.6770E-07
  6.5694E-05  6.6993E-05 -2.8920E-07
  5.5704E-05  7.2983E-05 -7.9215E-06
  4.8252E-04 -7.5664E-04 -3.6763E-05
  4.8373E-04 -7.5569E-04 -3.4740E-05
  4.8211E-04 -7.4748E-04 -3.2712E-05
  4.7769E-04 -7.3275E-04 -3.0718E-05
  4.7034E-04 -7.1225E-04 -2.8749E-05
  4.6002E-04 -6.8559E-04 -2.6812E-05
  4.4589E-04 -6.5189E-04 -2.4878E-05
  4.2755E-04 -6.1188E-04 -2.2969E-05
  4.0597E-04 -5.6721E-04 -2.1124E-05
  3.8160E-04 -5.1930E-04 -1.9333E-05
  3.5460E-04 -4.6937E-04 -1.7560E-05
  3.2547E-04 -4.1806E-04 -1.5802E-05
  2.9475E-04 -3.6596E-04 -1.4063E-05
  2.6293E-04 -3.1396E-04 -1.2343E-05
  4.5003E-04 -7.2323E-04 -4.2194E-05
  4.0187E-04 -2.5410E-04 -3.9930E-05
  4.1638E-04  4.5211E-04 -3.1792E-05
  1.0754E-05  8.7275E-06 -4.2770E-07
  3.9672E-05  3.8254E-05 -8.8327E-07
  8.5333E-05  8.9417E-05 -1.1531E-06
  1.4367E-04  1.6239E-04 -1.2956E-06
  5.6795E-06  6.4182E-06 -1.5995E-06
  3.3857E-05  3.8767E-05 -5.0087E-06
  8.0877E-05  9.5370E-05 -9.2683E-06
  1.3916E-04  1.7242E-04 -1.4069E-05
  4.2417E-04 -6.7421E-04 -4.0609E-05
  4.6437E-04 -7.5071E-04 -4.2934E-05
  4.5001E-04 -6.4814E-04 -4.1566E-05
  4.5903E-04  6.8639E-04 -1.7720E-05
  4.1007E-04  3.9260E-04 -3.3683E-05
  2.2599E-05  1.9917E-05 -2.8713E-07
  1.7188E-04  2.1569E-04 -1.6104E-05
  2.0633E-04  2.6326E-04 -1.8021E-05
  2.4028E-04  3.1232E-04 -1.9695E-05
  2.7177E-04  3.6036E-04 -2.1021E-05
  3.0103E-04  4.0638E-04 -2.1980E-05
  3.2833E-04  4.5086E-04 -2.2598E-05
  3.5378E-04  4.9464E-04 -2.2898E-05
  3.7788E-04  5.3734E-04 -2.2866E-05
  3.9975E-04  5.7803E-04 -2.2427E-05
  4.1880E-04  6.1540E-04 -2.1479E-05
  1.6919E-05  2.3490E-05 -3.4827E-06
  2.2980E-04 -3.1918E-04 -2.3808E-05
  2.6223E-04 -3.6519E-04 -2.6024E-05
  2.9347E-04 -4.1210E-04 -2.8023E-05
  3.2320E-04 -4.5887E-04 -2.9792E-05
  3.5047E-04 -5.0494E-04 -3.1349E-05
  3.7562E-04 -5.4905E-04 -3.2696E-05
  3.9844E-04 -5.9049E-04 -3.3842E-05
  4.1833E-04 -6.2894E-04 -3.4805E-05
  4.3575E-04 -6.6350E-04 -3.5588E-05
  4.5043E-04 -6.9361E-04 -3.6198E-05
  4.6221E-04 -7.1870E-04 -3.6642E-05
  4.7135E-04 -7.3801E-04 -3.6911E-05
  4.7772E-04 -7.5107E-04 -3.7001E-05
  4.8143E-04 -7.5740E-04 -3.6891E-05
  4.7127E-04 -6.9689E-04 -3.0917E-05
  4.4612E-04  6.3294E-04 -2.2779E-05
  1.0786E-05  1.0928E-05 -2.2071E-06
  3.6096E-05  3.9339E-05 -4.8316E-06
  7.8335E-05  8.8449E-05 -8.3125E-06
  1.4284E-04  1.7268E-04 -1.3257E-05
  4.8069E-04 -7.4994E-04 -3.4533E-05
  4.7681E-04 -7.3544E-04 -3.2217E-05
  4.6960E-04 -7.1456E-04 -2.9990E-05
  4.5943E-04 -6.8788E-04 -2.7855E-05
  4.4608E-04 -6.5571E-04 -2.5797E-05
  4.2888E-04 -6.1785E-04 -2.3781E-05
  4.0788E-04 -5.7414E-04 -2.1816E-05
  3.8344E-04 -5.2591E-04 -1.9912E-05
  3.5609E-04 -4.7544E-04 -1.8074E-05
  3.2676E-04 -4.2404E-04 -1.6294E-05
  2.9605E-04 -3.7238E-04 -1.4554E-05
  2.6404E-04 -3.2088E-04 -1.2839E-05
  2.3075E-04 -2.7014E-04 -1.1136E-05
  1.9749E-04 -2.2112E-04 -9.4770E-06
  4.7742E-04 -7.2003E-04 -2.8214E-05
  4.5526E-04 -7.0413E-04 -4.4416E-05
  4.2421E-04  5.0637E-04 -2.9725E-05
  1.8044E-05  1.9171E-05 -3.1379E-06
  1.6174E-05  1.8942E-05 -3.1425E-06
  1.6733E-04 -2.2513E-04 -1.8449E-05
  2.0028E-04 -2.6788E-04 -2.0750E-05
  2.3332E-04 -3.1350E-04 -2.2931E-05
  2.6553E-04 -3.6113E-04 -2.4944E-05
  2.9670E-04 -4.0926E-04 -2.6758E-05
  3.2621E-04 -4.5673E-04 -2.8357E-05
  3.5326E-04 -5.0296E-04 -2.9751E-05
  3.7827E-04 -5.4712E-04 -3.0945E-05
  4.0101E-04 -5.8882E-04 -3.1955E-05
  4.2106E-04 -6.2759E-04 -3.2800E-05
  4.3869E-04 -6.6248E-04 -3.3469E-05
  4.5350E-04 -6.9289E-04 -3.3968E-05
  4.6542E-04 -7.1807E-04 -3.4299E-05
  4.7461E-04 -7.3724E-04 -3.4439E-05
  4.7166E-04 -7.0313E-04 -2.6737E-05
  4.6435E-04  7.0402E-04 -1.5234E-05
  1.7972E-04  2.2229E-04 -1.5317E-05
  2.1403E-04  2.7042E-04 -1.6941E-05
  2.4521E-04  3.1551E-04 -1.8119E-05
  2.7342E-04  3.5874E-04 -1.8910E-05
  3.0073E-04  4.0146E-04 -1.9390E-05
  3.2777E-04  4.4562E-04 -1.9618E-05
  3.5409E-04  4.9085E-04 -1.9580E-05
  3.7847E-04  5.3426E-04 -1.9151E-05
  3.9972E-04  5.7437E-04 -1.8224E-05
  5.5575E-05  6.3071E-05 -6.8168E-06
  5.4871E-05  6.5624E-05 -7.2582E-06
  1.6503E-04 -1.8032E-04 -8.2860E-06
  1.0183E-04 -1.0236E-04 -5.6188E-06
  4.6696E-05 -4.1853E-05 -3.1022E-06
  9.5147E-06 -5.8764E-06 -9.0127E-07
  4.6285E-04 -6.7955E-04 -2.5225E-05
  4.5855E-04 -6.4370E-04 -3.2281E-05
  4.5311E-04  6.6259E-04 -2.0224E-05
  8.7396E-06  8.1214E-06 -1.8528E-06
  3.2710E-05  3.3731E-05 -4.2729E-06
  7.0358E-05  7.7346E-05 -7.3291E-06
  1.2092E-04  1.4129E-04 -1.1046E-05
  1.0864E-04  1.3374E-04 -1.1974E-05
  4.6815E-04 -7.1666E-04 -3.1761E-05
  4.5835E-04 -6.8994E-04 -2.9277E-05
  4.4532E-04 -6.5787E-04 -2.6953E-05
  4.2883E-04 -6.2119E-04 -2.4762E-05
  4.0913E-04 -5.7966E-04 -2.2670E-05
  3.8557E-04 -5.3276E-04 -2.0637E-05
  3.5758E-04 -4.8113E-04 -1.8643E-05
  3.2718E-04 -4.2781E-04 -1.6750E-05
  2.9605E-04 -3.7553E-04 -1.4975E-05
  2.6432E-04 -3.2471E-04 -1.3271E-05
  2.3185E-04 -2.7563E-04 -1.1605E-05
  1.9860E-04 -2.2729E-04 -9.9322E-06
  1.3288E-04 -1.3734E-04 -6.7387E-06
  4.5555E-04 -6.5102E-04 -3.9382E-05
  4.5112E-04 -6.4977E-04 -2.3680E-05
  4.3127E-04  5.5498E-04 -2.7469E-05
  9.7750E-06  7.8335E-06 -6.6633E-07
  3.3501E-05  3.1518E-05 -1.2905E-06
  6.9073E-05  7.0808E-05 -1.8276E-06
  1.1879E-04  1.3044E-04 -2.4708E-06
  1.8063E-04  2.1246E-04 -3.0141E-06
  3.7783E-04  5.3049E-04 -1.5144E-05
  3.5292E-04  4.8413E-04 -1.2441E-05
  3.2522E-04  4.3496E-04 -1.0049E-05
  2.9449E-04  3.8302E-04 -7.9250E-06
  2.6011E-04  3.2871E-04 -6.0414E-06
  2.2231E-04  2.7185E-04 -4.3876E-06
  3.5304E-05  3.7507E-05 -4.6746E-06
  4.5641E-04 -6.9163E-04 -3.1322E-05
  4.4386E-04 -6.5954E-04 -2.8556E-05
  4.2768E-04 -6.2277E-04 -2.6020E-05
  4.0865E-04 -5.8213E-04 -2.3684E-05
  3.8692E-04 -5.3840E-04 -2.1525E-05
  3.6126E-04 -4.9061E-04 -1.9462E-05
  3.3058E-04 -4.3627E-04 -1.7398E-05
  2.9499E-04 -3.7662E-04 -1.5337E-05
  2.6217E-04 -3.2406E-04 -1.3575E-05
  2.2979E-04 -2.7532E-04 -1.1929E-05
  1.9809E-04 -2.2936E-04 -1.0352E-05
  1.6791E-04 -1.8716E-04 -8.8656E-06
  1.3416E-04 -1.4290E-04 -7.2196E-06
  4.6588E-04 -6.7774E-04 -3.2314E-05
  1.0180E-05  8.2306E-06 -8.2000E-07
  3.4448E-05  3.2585E-05 -1.5463E-06
  7.7116E-05  7.9889E-05 -2.7727E-06
  1.3610E-04  1.5302E-04 -3.9924E-06
  1.9753E-04  2.3601E-04 -5.0110E-06
  3.5496E-04  4.8916E-04 -1.5967E-05
  3.2932E-04  4.4258E-04 -1.3226E-05
  3.0080E-04  3.9388E-04 -1.0807E-05
  2.6910E-04  3.4289E-04 -8.6386E-06
  2.3455E-04  2.8994E-04 -6.6857E-06
  1.0923E-04  1.2961E-04 -1.1194E-05
  1.0723E-04 -1.1127E-04 -6.3190E-06
  5.3116E-05 -5.0242E-05 -3.9166E-06
  1.4768E-05 -1.1146E-05 -1.6584E-06
  7.3605E-05 -6.8623E-05 -4.1043E-06
  3.2942E-04  4.4477E-04 -1.6381E-05
  3.0373E-04  4.0008E-04 -1.3669E-05
  2.7551E-04  3.5373E-04 -1.1284E-05
  2.4404E-04  3.0431E-04 -9.1246E-06
  2.0975E-04  2.5342E-04 -7.1722E-06
  1.7344E-04  2.0261E-04 -5.4405E-06
  9.3115E-06  9.0258E-06 -2.0035E-06
  1.0771E-04 -1.4098E-04 -1.3141E-05
  1.3805E-04 -1.7758E-04 -1.5389E-05
  1.7019E-04 -2.1900E-04 -1.7644E-05
  2.0351E-04 -2.6409E-04 -1.9810E-05
  2.3698E-04 -3.1176E-04 -2.1824E-05
  2.6928E-04 -3.6049E-04 -2.3645E-05
  2.9992E-04 -4.0832E-04 -2.5227E-05
  3.2869E-04 -4.5496E-04 -2.6589E-05
  3.5542E-04 -5.0075E-04 -2.7778E-05
  3.8048E-04 -5.4492E-04 -2.8802E-05
  4.0331E-04 -5.8691E-04 -2.9671E-05
  4.2362E-04 -6.2599E-04 -3.0385E-05
  4.4153E-04 -6.6112E-04 -3.0897E-05
  7.4464E-05 -7.2480E-05 -4.6560E-06
  4.6434E-04 -6.8493E-04 -3.8273E-05
  4.1543E-04 -3.9169E-04 -3.9279E-05
  4.2875E-05  4.1739E-05 -6.8900E-07
  1.0168E-04  1.0946E-04 -2.7740E-06
  1.0462E-05  8.5875E-06 -1.0644E-06
  4.2991E-05  4.2132E-05 -2.4938E-06
  7.1497E-05  7.3665E-05 -3.0254E-06
  1.1573E-04  1.2676E-04 -4.1561E-06
  8.5426E-06  7.6376E-06 -1.7154E-06
  8.7619E-06  7.6163E-06 -1.6095E-06
  9.3354E-06  7.9818E-06 -1.5373E-06
  9.9674E-06  8.4323E-06 -1.4769E-06
  9.2938E-06  7.5879E-06 -1.3225E-06
  8.9478E-06  7.1654E-06 -1.0834E-06
  1.8547E-04  2.1966E-04 -7.4131E-06
  1.2827E-04  1.4320E-04 -5.7546E-06
  7.5259E-05  7.8145E-05 -4.0250E-06
  3.3524E-05  3.1858E-05 -2.4580E-06
  4.2594E-04 -6.2423E-04 -2.7823E-05
  4.0707E-04 -5.8304E-04 -2.5046E-05
  3.8532E-04 -5.3881E-04 -2.2520E-05
  3.6110E-04 -4.9328E-04 -2.0253E-05
  3.3606E-04 -4.4811E-04 -1.8271E-05
  3.0584E-04 -3.9630E-04 -1.6295E-05
  2.6579E-04 -3.3235E-04 -1.4103E-05
  2.1553E-04 -2.5692E-04 -1.1637E-05
  2.0151E-04 -2.3619E-04 -1.0865E-05
  1.5441E-04 -1.7196E-04 -8.6802E-06
  1.4133E-04 -1.5406E-04 -7.9488E-06
  2.6246E-05 -1.9612E-05 -1.7025E-06
  4.5135E-04 -6.1330E-04 -3.3656E-05
  3.6050E-05  3.4290E-05 -1.0955E-06
  1.5861E-04  1.8221E-04 -3.6241E-06
  2.9991E-04  3.9615E-04 -1.6333E-05
  2.7513E-04  3.5475E-04 -1.3706E-05
  2.5075E-04  3.1534E-04 -1.1509E-05
  2.1960E-04  2.6866E-04 -9.3796E-06
  8.5826E-05 -8.6587E-05 -5.6146E-06
  4.1543E-05 -3.8728E-05 -3.5479E-06
  1.1812E-05 -9.1946E-06 -1.5907E-06
  2.6089E-05 -2.1267E-05 -2.2605E-06
  4.0781E-04 -3.2455E-04 -3.9716E-05
  1.3327E-04  1.4903E-04 -1.9412E-06
  6.0899E-05  6.1660E-05 -2.0126E-06
  2.7018E-04  3.4974E-04 -1.6082E-05
  2.3419E-04  2.9248E-04 -1.2888E-05
  1.8327E-04  2.1822E-04 -9.8817E-06
  1.4403E-04  1.6455E-04 -7.6557E-06
  1.0819E-04  1.1819E-04 -5.7087E-06
  9.4960E-05  1.0158E-04 -4.1702E-06
  3.7517E-05 -3.3865E-05 -3.2780E-06
  1.1787E-05  9.6588E-06 -3.4557E-07
  3.7080E-05  3.5500E-05 -1.9022E-06
  5.9189E-05  6.0360E-05 -3.7961E-06
  2.7242E-05  2.5042E-05 -2.3168E-06
  1.6325E-04  1.8937E-04 -7.5501E-06
  8.0575E-05 -1.0023E-04 -1.0201E-05
  3.3464E-05 -4.1720E-05 -5.4561E-06
  5.2246E-06 -7.2825E-06 -1.5971E-06
  1.4626E-04 -1.6275E-04 -8.4991E-06
  8.6801E-05 -8.9621E-05 -5.9071E-06
  4.0219E-05 -3.8280E-05 -3.6280E-06
  1.0845E-05 -8.7091E-06 -1.5883E-06
  1.1925E-05 -8.9666E-06 -1.5505E-06
  4.5952E-04 -6.5211E-04 -3.3700E-05
  9.9101E-06  7.9310E-06 -5.2973E-07
  1.4056E-04 -1.7371E-04 -1.4610E-05
  8.2145E-05 -9.6505E-05 -9.6848E-06
  3.4540E-05 -3.9290E-05 -5.2740E-06
  5.8272E-06 -6.4778E-06 -1.7027E-06
  4.0538E-04 -5.8473E-04 -2.7072E-05
  3.8230E-04 -5.4218E-04 -2.6271E-05
  3.5690E-04 -4.9765E-04 -2.5386E-05
  3.3002E-04 -4.5178E-04 -2.4382E-05
  3.0149E-04 -4.0541E-04 -2.3239E-05
  2.7201E-04 -3.5946E-04 -2.1962E-05
  2.4173E-04 -3.1352E-04 -2.0511E-05
  2.0870E-04 -2.6591E-04 -1.8761E-05
  1.7399E-04 -2.1795E-04 -1.6747E-05
  1.1481E-05 -1.1597E-05 -2.4786E-06
  3.7889E-05 -4.1227E-05 -5.3134E-06
  8.2037E-05 -9.2795E-05 -9.0433E-06
  1.4648E-04 -1.7699E-04 -1.4032E-05
  4.1911E-05 -3.9681E-05 -3.6452E-06
  4.4477E-04 -5.8027E-04 -3.4950E-05
  1.5017E-04  1.7147E-04 -5.6863E-06
  1.1173E-04 -1.3226E-04 -1.1783E-05
  1.1499E-05 -9.1370E-06 -1.6065E-06
  4.7713E-04 -7.2905E-04 -3.5543E-05
  4.5223E-04 -6.2035E-04 -3.5080E-05
  7.7471E-05  8.0113E-05 -1.5239E-06
  9.0012E-05  9.6333E-05 -5.5300E-06
  3.9070E-05  3.8371E-05 -3.2390E-06
  1.6379E-05 -1.9016E-05 -3.2740E-06
  3.8374E-04 -5.3981E-04 -2.4076E-05
  3.5783E-04 -4.9443E-04 -2.3162E-05
  3.3037E-04 -4.4773E-04 -2.2239E-05
  3.0169E-04 -4.0098E-04 -2.1245E-05
  2.7206E-04 -3.5506E-04 -2.0153E-05
  2.4148E-04 -3.0894E-04 -1.8884E-05
  2.1293E-04 -2.6794E-04 -1.7651E-05
  1.8299E-04 -2.2630E-04 -1.6182E-05
  9.8126E-06 -9.3002E-06 -2.2647E-06
  3.6561E-05 -3.8188E-05 -5.1037E-06
  7.7286E-05 -8.5347E-05 -8.4145E-06
  1.2731E-04 -1.4951E-04 -1.2150E-05
  4.8078E-04 -7.3930E-04 -3.4229E-05
  4.3310E-04 -5.1724E-04 -3.7656E-05
  1.0902E-05  8.9505E-06 -9.9209E-07
  5.5313E-05 -7.2455E-05 -8.1060E-06
  1.9511E-04 -2.3013E-04 -1.0877E-05
  1.2847E-04 -1.4181E-04 -8.0598E-06
  7.3025E-05 -7.5134E-05 -5.5147E-06
  3.3463E-05 -3.1517E-05 -3.3987E-06
  9.6965E-06 -7.8132E-06 -1.5713E-06
  3.8036E-05 -4.0580E-05 -5.3228E-06
  1.8744E-05 -1.9765E-05 -3.3993E-06
  4.4338E-04 -5.7543E-04 -3.6498E-05
  2.2839E-04  2.8286E-04 -1.1521E-05
  1.9808E-04  2.3813E-04 -9.5788E-06
  2.4476E-04 -3.0239E-04 -1.3252E-05
  2.8605E-04 -3.6640E-04 -1.5425E-05
  3.0483E-04 -3.9709E-04 -1.6720E-05
  3.3184E-04 -4.4383E-04 -1.8808E-05
  3.5879E-04 -4.9249E-04 -2.1308E-05
  1.7817E-04 -2.0788E-04 -1.0365E-05
  2.3460E-04 -2.8869E-04 -1.3146E-05
  2.6898E-04 -3.4165E-04 -1.5320E-05
  3.0099E-04 -3.9330E-04 -1.7652E-05
  3.3058E-04 -4.4454E-04 -2.0284E-05
  1.2798E-05 -1.0774E-05 -2.0447E-06
  4.6630E-05 -4.6504E-05 -4.4990E-06
  9.4537E-05 -1.0112E-04 -7.0011E-06
  1.5739E-04 -1.8064E-04 -9.8245E-06
  3.0118E-04 -3.9630E-04 -1.9377E-05
  2.6960E-04 -3.4468E-04 -1.6774E-05
  2.3610E-04 -2.9267E-04 -1.4388E-05
  1.9952E-04 -2.3889E-04 -1.2108E-05
  5.7332E-05 -6.4782E-05 -7.2794E-06
  4.7140E-04 -7.1100E-04 -3.6927E-05
  4.2363E-04 -4.5611E-04 -3.8605E-05
  1.6788E-05 -2.3310E-05 -3.5590E-06
  2.7045E-04 -3.4884E-04 -1.8373E-05
  2.3792E-04 -2.9737E-04 -1.5772E-05
  2.0508E-04 -2.4801E-04 -1.3443E-05
  1.7022E-04 -1.9880E-04 -1.1261E-05
  1.3175E-04 -1.4771E-04 -9.0643E-06
  3.7095E-05 -3.5231E-05 -3.5500E-06
  1.0219E-05 -9.9816E-06 -2.3436E-06
  1.2831E-04  1.4459E-04 -7.6372E-06
  7.6591E-05  8.0616E-05 -5.4079E-06
  3.5115E-05  3.4343E-05 -3.3908E-06
  5.5359E-05 -6.5912E-05 -7.5274E-06
  1.1352E-04 -1.2378E-04 -7.6268E-06
  9.9592E-06 -8.4415E-06 -1.9502E-06
  3.4133E-05 -3.2871E-05 -3.9964E-06
  7.0201E-05 -7.2847E-05 -6.0493E-06
  9.5674E-06 -8.7983E-06 -2.1804E-06
  9.2531E-06 -8.2442E-06 -2.0798E-06
  8.7576E-06 -7.5125E-06 -1.9497E-06
  9.3408E-06 -7.9159E-06 -1.8936E-06
  1.4333E-04 -1.6378E-04 -1.0369E-05
  8.9142E-05 -9.5489E-05 -7.5732E-06
  3.9173E-05 -3.8733E-05 -4.5329E-06
  9.9867E-06 -8.0266E-06 -1.5562E-06
  8.9284E-05 -9.1781E-05 -5.9131E-06
  4.8239E-04 -7.4289E-04 -3.2965E-05
  4.3890E-04 -5.5072E-04 -3.6129E-05
  1.0991E-04 -1.2051E-04 -8.3582E-06
  6.2281E-05 -6.3486E-05 -5.1386E-06
  2.4038E-04 -3.0378E-04 -1.7316E-05
  2.0539E-04 -2.5045E-04 -1.4615E-05
  1.7337E-04 -2.0463E-04 -1.2325E-05
  1.0919E-04 -1.3409E-04 -1.2378E-05
  3.1480E-05 -2.9783E-05 -3.7533E-06
  2.1137E-04 -2.6206E-04 -1.6202E-05
  1.7790E-04 -2.1320E-04 -1.3641E-05
  1.3240E-04 -1.5093E-04 -1.0587E-05
  1.2023E-04 -1.3408E-04 -9.5352E-06
  6.6088E-05 -6.8477E-05 -6.0214E-06
  1.4019E-04 -1.5604E-04 -8.3996E-06
  3.0188E-05 -2.8095E-05 -3.2051E-06
  8.1092E-05 -8.3647E-05 -5.7626E-06
  9.8176E-06 -8.1377E-06 -1.8613E-06
  2.4385E-04  3.0992E-04 -1.5794E-05
  2.0995E-04  2.5788E-04 -1.2863E-05
  1.7002E-04  2.0061E-04 -1.0094E-05
  1.1533E-04  1.2843E-04 -7.6590E-06
  6.8494E-05  7.2001E-05 -5.4629E-06
  3.2291E-05  3.1597E-05 -3.5002E-06
  6.9914E-05 -7.3520E-05 -6.8087E-06
  3.3259E-05 -3.2843E-05 -4.3886E-06
  3.5553E-05 -3.6456E-05 -4.8945E-06
  3.4889E-05 -3.5178E-05 -4.6800E-06
  7.4463E-05 -8.1168E-05 -7.9638E-06
  7.3681E-05 -7.9463E-05 -7.6196E-06
  7.4128E-05 -7.9173E-05 -7.3377E-06
  1.2133E-04 -1.3771E-04 -1.0400E-05
  3.0980E-05  3.1119E-05 -3.9209E-06
  3.0822E-05  3.0411E-05 -3.6652E-06
  1.5358E-04  1.7913E-04 -1.0057E-05
  1.0469E-04  1.1598E-04 -7.7071E-06
  6.3441E-05  6.6868E-05 -5.6198E-06
  2.8615E-05 -2.7232E-05 -3.9012E-06
  6.4355E-05  6.9389E-05 -6.5249E-06
  6.1864E-05  6.5741E-05 -5.9545E-06
  2.1783E-04  2.7252E-04 -1.5271E-05
  1.8808E-04  2.2793E-04 -1.2607E-05
  1.3889E-04  1.6066E-04 -9.9639E-06
  9.7915E-05  1.0833E-04 -7.8639E-06
  1.9007E-04  2.3337E-04 -1.4389E-05
  1.6680E-04  1.9917E-04 -1.2150E-05
  1.2119E-04 -1.4002E-04 -1.1276E-05
  1.1938E-04 -1.3638E-04 -1.0736E-05
  1.6046E-04 -1.9002E-04 -1.3027E-05
  1.5807E-04  1.8961E-04 -1.3014E-05
  1.7496E-04 -2.1184E-04 -1.4485E-05
  1.0721E-04  1.2197E-04 -9.5176E-06
  1.4057E-04  1.6465E-04 -1.1187E-05
  1.2793E-04  1.4693E-04 -9.8710E-06
  9.8654E-05  1.1009E-04 -8.4254E-06
  1.6338E-04 -1.9705E-04 -1.4280E-05
