Vector MODE under Modal for nodeset
1218
   5.4758E+02
  1.4354E-05 -3.0437E-05 -4.9193E-06
  7.0462E-05 -1.0480E-04 -1.3125E-05
  1.5866E-04 -2.2089E-04 -2.2597E-05
  2.6884E-04 -3.7248E-04 -3.3038E-05
  3.9020E-04 -5.5072E-04 -4.3972E-05
  5.1315E-04 -7.4403E-04 -5.4852E-05
  6.2892E-04 -9.3963E-04 -6.5098E-05
  7.2958E-04 -1.1247E-03 -7.4109E-05
  8.1099E-04 -1.2855E-03 -8.1306E-05
  8.6913E-04 -1.4108E-03 -8.7297E-05
  9.0471E-04 -1.4900E-03 -9.2011E-05
  9.1872E-04 -1.5154E-03 -9.5466E-05
  9.1524E-04 -1.4821E-03 -9.7459E-05
  8.9799E-04 -1.3890E-03 -9.8029E-05
  8.7296E-04 -1.2379E-03 -9.7233E-05
  8.4501E-04 -1.0343E-03 -9.5045E-05
  8.1980E-04 -7.8628E-04 -9.1614E-05
  8.0096E-04 -5.0494E-04 -8.7028E-05
  7.9205E-04 -2.0303E-04 -8.1547E-05
  7.9438E-04  1.0543E-04 -7.5095E-05
  8.0768E-04  4.0632E-04 -6.7958E-05
  8.3046E-04  6.8635E-04 -6.0320E-05
  8.5973E-04  9.3371E-04 -5.2375E-05
  8.9123E-04  1.1384E-03 -4.4476E-05
  9.2026E-04  1.2926E-03 -3.7007E-05
  9.4170E-04  1.3910E-03 -2.9862E-05
  9.4979E-04  1.4315E-03 -2.3249E-05
  9.4016E-04  1.4147E-03 -1.7278E-05
  9.0891E-04  1.3449E-03 -1.2052E-05
  8.5457E-04  1.2291E-03 -7.2988E-06
  7.7594E-04  1.0775E-03 -3.2920E-06
  6.7669E-04  9.0087E-04 -9.0815E-07
  5.6069E-04  7.1242E-04  3.1617E-07
  4.3525E-04  5.2499E-04  7.1782E-07
  3.0913E-04  3.5127E-04  7.1531E-07
  1.9165E-04  2.0338E-04  5.4568E-07
  9.4018E-05  9.0808E-05  4.8811E-07
  2.6730E-05  2.1387E-05  3.2655E-07
  0.0000E+00  0.0000E+00  0.0000E+00
  0.0000E+00  0.0000E+00  0.0000E+00
  0.0000E+00  0.0000E+00  0.0000E+00
  0.0000E+00  0.0000E+00  0.0000E+00
  0.0000E+00  0.0000E+00  0.0000E+00
  0.0000E+00  0.0000E+00  0.0000E+00
  0.0000E+00  0.0000E+00  0.0000E+00
  0.0000E+00  0.0000E+00  0.0000E+00
  0.0000E+00  0.0000E+00  0.0000E+00
  0.0000E+00  0.0000E+00  0.0000E+00
  0.0000E+00  0.0000E+00  0.0000E+00
  0.0000E+00  0.0000E+00  0.0000E+00
  0.0000E+00  0.0000E+00  0.0000E+00
  0.0000E+00  0.0000E+00  0.0000E+00
  0.0000E+00  0.0000E+00  0.0000E+00
  0.0000E+00  0.0000E+00  0.0000E+00
  0.0000E+00  0.0000E+00  0.0000E+00
  0.0000E+00  0.0000E+00  0.0000E+00
  0.0000E+00  0.0000E+00  0.0000E+00
  0.0000E+00  0.0000E+00  0.0000E+00
  0.0000E+00  0.0000E+00  0.0000E+00
  0.0000E+00  0.0000E+00  0.0000E+00
  0.0000E+00  0.0000E+00  0.0000E+00
  0.0000E+00  0.0000E+00  0.0000E+00
  0.0000E+00  0.0000E+00  0.0000E+00
  0.0000E+00  0.0000E+00  0.0000E+00
  0.0000E+00  0.0000E+00  0.0000E+00
  0.0000E+00  0.0000E+00  0.0000E+00
  0.0000E+00  0.0000E+00  0.0000E+00
  0.0000E+00  0.0000E+00  0.0000E+00
  0.0000E+00  0.0000E+00  0.0000E+00
  0.0000E+00  0.0000E+00  0.0000E+00
  0.0000E+00  0.0000E+00  0.0000E+00
  0.0000E+00  0.0000E+00  0.0000E+00
  0.0000E+00  0.0000E+00  0.0000E+00
  0.0000E+00  0.0000E+00  0.0000E+00
  0.0000E+00  0.0000E+00  0.0000E+00
  0.0000E+00  0.0000E+00  0.0000E+00
  0.0000E+00  0.0000E+00  0.0000E+00
  0.0000E+00  0.0000E+00  0.0000E+00
  0.0000E+00  0.0000E+00  0.0000E+00
  0.0000E+00  0.0000E+00  0.0000E+00
  0.0000E+00  0.0000E+00  0.0000E+00
  0.0000E+00  0.0000E+00  0.0000E+00
  0.0000E+00  0.0000E+00  0.0000E+00
  0.0000E+00  0.0000E+00  0.0000E+00
  0.0000E+00  0.0000E+00  0.0000E+00
  0.0000E+00  0.0000E+00  0.0000E+00
  3.2526E-05 -1.7733E-05 -1.9220E-06
  1.0595E-04 -8.6414E-05 -5.9119E-06
  2.0953E-04 -2.0000E-04 -1.1030E-05
  3.3199E-04 -3.4984E-04 -1.6597E-05
  4.6162E-04 -5.2556E-04 -2.2441E-05
  5.8849E-04 -7.1443E-04 -2.8460E-05
  7.0382E-04 -9.0302E-04 -3.4584E-05
  8.0017E-04 -1.0781E-03 -4.0566E-05
  8.7423E-04 -1.2262E-03 -4.6517E-05
  9.2303E-04 -1.3361E-03 -5.1561E-05
  9.4825E-04 -1.3980E-03 -5.5304E-05
  9.5260E-04 -1.4052E-03 -5.8440E-05
  9.4045E-04 -1.3539E-03 -6.1663E-05
  9.1567E-04 -1.2441E-03 -6.5219E-05
  8.8393E-04 -1.0789E-03 -6.8703E-05
  8.5129E-04 -8.6418E-04 -7.2210E-05
  8.2233E-04 -6.0874E-04 -7.6003E-05
  8.0093E-04 -3.2329E-04 -7.9889E-05
  7.8981E-04 -1.9918E-05 -8.3596E-05
  7.9019E-04  2.8834E-04 -8.6881E-05
  8.0232E-04  5.8790E-04 -8.9689E-05
  8.2410E-04  8.6524E-04 -9.1916E-05
  8.5252E-04  1.1078E-03 -9.3659E-05
  8.8274E-04  1.3052E-03 -9.4647E-05
  9.1001E-04  1.4492E-03 -9.4854E-05
  9.2835E-04  1.5349E-03 -9.4150E-05
  9.3293E-04  1.5607E-03 -9.2513E-05
  9.1862E-04  1.5282E-03 -8.9841E-05
  8.8256E-04  1.4424E-03 -8.5847E-05
  8.2287E-04  1.3111E-03 -8.0328E-05
  7.4000E-04  1.1447E-03 -7.2929E-05
  6.3770E-04  9.5477E-04 -6.3958E-05
  5.2020E-04  7.5505E-04 -5.3910E-05
  3.9562E-04  5.5835E-04 -4.3267E-05
  2.7265E-04  3.7747E-04 -3.2594E-05
  1.6106E-04  2.2383E-04 -2.2304E-05
  7.1696E-05  1.0621E-04 -1.3004E-05
  1.4738E-05  3.0853E-05 -4.8765E-06
  0.0000E+00  0.0000E+00  0.0000E+00
  0.0000E+00  0.0000E+00  0.0000E+00
  0.0000E+00  0.0000E+00  0.0000E+00
  0.0000E+00  0.0000E+00  0.0000E+00
  9.4285E-04  1.4223E-03 -2.6801E-05
  9.3269E-04  1.3990E-03 -3.1177E-05
  9.1998E-04  1.3619E-03 -3.5862E-05
  9.0625E-04  1.3120E-03 -4.0801E-05
  8.9094E-04  1.2511E-03 -4.5916E-05
  8.7671E-04  1.1805E-03 -5.0882E-05
  8.6098E-04  1.1000E-03 -5.5657E-05
  8.4697E-04  1.0068E-03 -6.0095E-05
  8.3153E-04  9.0091E-04 -6.4334E-05
  8.1852E-04  7.8323E-04 -6.8241E-05
  8.0579E-04  6.5609E-04 -7.1872E-05
  7.9629E-04  5.2080E-04 -7.5090E-05
  7.8837E-04  3.7927E-04 -7.7873E-05
  7.8390E-04  2.3285E-04 -8.0109E-05
  7.8189E-04  8.3494E-05 -8.1860E-05
  7.8305E-04 -6.7347E-05 -8.3050E-05
  7.8718E-04 -2.1778E-04 -8.3706E-05
  7.9408E-04 -3.6653E-04 -8.3871E-05
  8.0418E-04 -5.1201E-04 -8.3483E-05
  8.1656E-04 -6.5370E-04 -8.2663E-05
  8.3178E-04 -7.9175E-04 -8.1273E-05
  8.5115E-04 -9.3426E-04 -7.8951E-05
  8.5865E-04 -9.8135E-04 -7.7028E-05
  8.6979E-04 -1.0525E-03 -7.4666E-05
  8.8524E-04 -1.1288E-03 -7.1937E-05
  9.0020E-04 -1.2016E-03 -6.9292E-05
  9.1562E-04 -1.2650E-03 -6.6614E-05
  9.2902E-04 -1.3163E-03 -6.3887E-05
  8.0936E-04  7.3622E-04 -9.0909E-05
  7.9964E-04  6.0024E-04 -8.9487E-05
  7.9022E-04  4.5987E-04 -8.8161E-05
  7.8498E-04  3.1834E-04 -8.6853E-05
  7.8209E-04  1.8284E-04 -8.5778E-05
  7.8061E-04  5.3214E-05 -8.4998E-05
  7.8368E-04 -8.1317E-05 -8.4313E-05
  7.8732E-04 -2.2445E-04 -8.3864E-05
  7.9484E-04 -3.7014E-04 -8.3584E-05
  7.9010E-04 -3.7042E-04 -8.4593E-05
  7.8433E-04 -2.3230E-04 -8.1889E-05
  7.7923E-04 -9.3151E-05 -7.9238E-05
  7.7799E-04  4.3298E-05 -7.6797E-05
  7.7925E-04  1.7004E-04 -7.4810E-05
  7.8097E-04  2.8786E-04 -7.3301E-05
  7.8792E-04  4.0729E-04 -7.1941E-05
  7.9545E-04  5.3258E-04 -7.0602E-05
  8.0562E-04  6.5927E-04 -6.9388E-05
  8.6633E-04  1.2148E-03 -9.4130E-05
  8.5161E-04  1.1142E-03 -9.2963E-05
  8.3602E-04  1.0046E-03 -9.1761E-05
  8.2334E-04  8.8693E-04 -9.0370E-05
  8.1118E-04  7.6331E-04 -8.9021E-05
  8.0111E-04  6.3505E-04 -8.7719E-05
  7.9375E-04  5.0276E-04 -8.6522E-05
  7.8648E-04  3.6580E-04 -8.5552E-05
  7.8424E-04  2.2396E-04 -8.4691E-05
  7.8197E-04  7.8134E-05 -8.4123E-05
  7.8373E-04 -7.0115E-05 -8.3780E-05
  8.2952E-04 -9.2635E-04 -9.3448E-05
  8.1700E-04 -8.1067E-04 -9.1309E-05
  8.0387E-04 -6.8857E-04 -8.9071E-05
  7.9422E-04 -5.6112E-04 -8.6779E-05
  7.8586E-04 -4.3071E-04 -8.4564E-05
  7.7975E-04 -2.9879E-04 -8.2525E-05
  7.7715E-04 -1.6600E-04 -8.0688E-05
  7.7466E-04 -3.1509E-05 -7.9139E-05
  7.7749E-04  1.0544E-04 -7.7787E-05
  7.8083E-04  2.4408E-04 -7.6631E-05
  7.8728E-04  3.8321E-04 -7.5745E-05
  9.2006E-04  1.4965E-03 -9.4341E-05
  9.0967E-04  1.4452E-03 -9.3735E-05
  8.9666E-04  1.3820E-03 -9.2953E-05
  8.8397E-04  1.3068E-03 -9.1838E-05
  8.6941E-04  1.2209E-03 -9.0559E-05
  8.5561E-04  1.1246E-03 -8.9136E-05
  8.4171E-04  1.0191E-03 -8.7732E-05
  8.2828E-04  9.0501E-04 -8.6358E-05
  8.1679E-04  7.8285E-04 -8.5080E-05
  8.0475E-04  6.5338E-04 -8.4011E-05
  7.9710E-04  5.1729E-04 -8.3036E-05
  7.8899E-04  3.7601E-04 -8.2390E-05
  7.8483E-04  2.3060E-04 -8.1961E-05
  8.9928E-04 -1.1790E-03 -6.7436E-05
  9.2664E-04  1.3533E-03 -3.3817E-05
  8.2254E-04  8.7557E-04 -9.1378E-05
  8.0444E-04 -5.1531E-04 -8.2885E-05
  7.9584E-04 -5.3297E-04 -8.6997E-05
  8.1847E-04  7.8433E-04 -6.5877E-05
  8.8236E-04  1.3062E-03 -9.3597E-05
  7.8547E-04  3.4803E-04 -8.6389E-05
  7.9142E-04  4.4559E-04 -8.8426E-05
  8.6577E-04 -9.8869E-04 -7.0724E-05
  8.8313E-04 -1.1018E-03 -6.9778E-05
  8.8642E-04 -1.3257E-03 -9.7558E-05
  8.7399E-04 -1.2510E-03 -9.6319E-05
  8.5928E-04 -1.1658E-03 -9.4836E-05
  8.4622E-04 -1.0702E-03 -9.3101E-05
  8.3206E-04 -9.6589E-04 -9.1267E-05
  8.1962E-04 -8.5334E-04 -8.9396E-05
  8.0825E-04 -7.3393E-04 -8.7591E-05
  7.9779E-04 -6.0837E-04 -8.5899E-05
  7.9067E-04 -4.7735E-04 -8.4379E-05
  7.8322E-04 -3.4162E-04 -8.3099E-05
  7.8093E-04 -2.0147E-04 -8.1987E-05
  7.7884E-04 -5.8276E-05 -8.1122E-05
  7.8033E-04  8.7011E-05 -8.0481E-05
  7.7490E-04 -1.5314E-06 -7.8071E-05
  7.8536E-04 -6.2444E-05 -7.8707E-05
  9.0019E-04  1.2265E-03 -4.0960E-05
  9.1049E-04  1.3013E-03 -3.8176E-05
  9.2836E-04  1.5448E-03 -9.0900E-05
  9.3284E-04  1.5488E-03 -9.1016E-05
  9.3315E-04  1.5399E-03 -9.0903E-05
  9.2994E-04  1.5182E-03 -9.0394E-05
  9.2317E-04  1.4839E-03 -8.9586E-05
  9.1436E-04  1.4367E-03 -8.8508E-05
  9.0280E-04  1.3773E-03 -8.7247E-05
  8.9013E-04  1.3056E-03 -8.5824E-05
  8.7621E-04  1.2224E-03 -8.4316E-05
  8.6140E-04  1.1280E-03 -8.2817E-05
  8.4727E-04  1.0232E-03 -8.1385E-05
  8.3207E-04  9.0883E-04 -8.0144E-05
  8.1991E-04  7.8578E-04 -7.9072E-05
  8.0687E-04  6.5563E-04 -7.8384E-05
  7.9745E-04  5.1940E-04 -7.7932E-05
  8.3842E-04  1.0125E-03 -8.9922E-05
  8.3566E-04  9.9588E-04 -9.2633E-05
  7.8742E-04 -2.2141E-04 -8.3932E-05
  8.1669E-04 -6.5069E-04 -8.1614E-05
  7.9484E-04 -3.6984E-04 -8.3165E-05
  8.0542E-04 -6.6230E-04 -8.9390E-05
  7.9531E-04  5.2474E-04 -7.2765E-05
  8.3143E-04  8.9676E-04 -6.2013E-05
  8.0645E-04  6.6465E-04 -6.7363E-05
  8.9617E-04  1.3836E-03 -9.4378E-05
  7.9564E-04  5.1277E-04 -8.4950E-05
  8.4448E-04 -1.0531E-03 -9.4294E-05
  8.9942E-04  1.3797E-03 -9.0272E-05
  7.8229E-04  8.0803E-05 -8.3106E-05
  7.8380E-04 -7.4633E-05 -8.4196E-05
  9.2097E-04 -1.5063E-03 -9.6275E-05
  9.1873E-04 -1.4845E-03 -9.6200E-05
  9.1252E-04 -1.4501E-03 -9.5756E-05
  9.0436E-04 -1.4030E-03 -9.4939E-05
  8.9316E-04 -1.3439E-03 -9.3853E-05
  8.8140E-04 -1.2728E-03 -9.2575E-05
  8.6796E-04 -1.1907E-03 -9.1254E-05
  8.5454E-04 -1.0979E-03 -8.9895E-05
  8.4130E-04 -9.9513E-04 -8.8527E-05
  8.2797E-04 -8.8320E-04 -8.7262E-05
  8.1693E-04 -7.6277E-04 -8.6173E-05
  8.0504E-04 -6.3506E-04 -8.5262E-05
  7.9774E-04 -5.0031E-04 -8.4421E-05
  7.9006E-04 -3.6007E-04 -8.3784E-05
  7.8594E-04 -2.1524E-04 -8.3294E-05
  8.0509E-04 -7.1272E-04 -8.8264E-05
  7.8686E-04  3.9135E-04 -7.3845E-05
  9.2392E-04  1.3894E-03 -1.4923E-05
  9.3312E-04  1.4214E-03 -1.8690E-05
  9.3764E-04  1.4402E-03 -2.2848E-05
  9.3783E-04  1.4458E-03 -2.7405E-05
  9.3424E-04  1.4379E-03 -3.2343E-05
  9.2762E-04  1.4168E-03 -3.7398E-05
  9.1793E-04  1.3826E-03 -4.2587E-05
  9.0665E-04  1.3352E-03 -4.7772E-05
  8.9277E-04  1.2746E-03 -5.2915E-05
  8.7884E-04  1.2007E-03 -5.7910E-05
  8.6266E-04  1.1141E-03 -6.2775E-05
  8.4844E-04  1.0152E-03 -6.7299E-05
  8.3273E-04  9.0529E-04 -7.1505E-05
  8.2029E-04  7.8481E-04 -7.5229E-05
  8.5659E-04  1.3732E-03 -8.2785E-05
  8.8407E-04  1.4259E-03 -8.4189E-05
  9.0541E-04  1.4685E-03 -8.5084E-05
  9.2108E-04  1.5001E-03 -8.5533E-05
  9.3187E-04  1.5199E-03 -8.5575E-05
  9.3748E-04  1.5276E-03 -8.5233E-05
  9.3886E-04  1.5226E-03 -8.4555E-05
  9.3634E-04  1.5045E-03 -8.3498E-05
  9.3007E-04  1.4733E-03 -8.2157E-05
  9.2101E-04  1.4287E-03 -8.0577E-05
  9.0929E-04  1.3711E-03 -7.8798E-05
  8.9552E-04  1.3007E-03 -7.6940E-05
  8.8084E-04  1.2180E-03 -7.5088E-05
  8.6447E-04  1.1238E-03 -7.3474E-05
  8.4950E-04  1.0191E-03 -7.2175E-05
  8.3056E-04  9.0827E-04 -8.3422E-05
  8.1403E-04  7.7556E-04 -8.7229E-05
  7.8454E-04  1.3719E-04 -8.5488E-05
  7.8624E-04  2.9800E-04 -8.6963E-05
  8.3345E-04 -7.5151E-04 -7.4367E-05
  8.4937E-04 -8.8774E-04 -7.3080E-05
  8.6590E-04 -1.0150E-03 -7.2425E-05
  8.5803E-04 -1.1504E-03 -9.5918E-05
  7.7859E-04 -1.8796E-04 -8.1303E-05
  7.8046E-04 -2.6477E-04 -8.2140E-05
  7.9241E-04  2.4711E-04 -7.1942E-05
  7.8410E-04  7.9617E-05 -7.5784E-05
  8.6852E-04  1.0449E-03 -4.8676E-05
  8.8059E-04  1.1464E-03 -4.5513E-05
  8.9274E-04  1.2363E-03 -4.3000E-05
  8.1640E-04  1.1609E-03 -5.4662E-06
  8.5055E-04  1.2365E-03 -8.4895E-06
  8.7862E-04  1.3029E-03 -1.1870E-05
  9.0121E-04  1.3588E-03 -1.5709E-05
  9.1829E-04  1.4035E-03 -1.9958E-05
  9.2987E-04  1.4364E-03 -2.4583E-05
  9.3657E-04  1.4565E-03 -2.9560E-05
  9.3861E-04  1.4634E-03 -3.4781E-05
  9.3653E-04  1.4568E-03 -4.0281E-05
  9.3078E-04  1.4362E-03 -4.5955E-05
  9.2159E-04  1.4015E-03 -5.1717E-05
  9.1017E-04  1.3526E-03 -5.7481E-05
  8.9612E-04  1.2899E-03 -6.3231E-05
  8.8161E-04  1.2134E-03 -6.8664E-05
  7.8640E-04  1.2222E-03 -7.6266E-05
  8.2579E-04  1.2934E-03 -7.8686E-05
  8.5893E-04  1.3567E-03 -8.0353E-05
  8.8650E-04  1.4109E-03 -8.1481E-05
  9.0797E-04  1.4552E-03 -8.2127E-05
  9.2406E-04  1.4885E-03 -8.2299E-05
  9.3517E-04  1.5101E-03 -8.2054E-05
  9.4106E-04  1.5194E-03 -8.1388E-05
  9.4252E-04  1.5157E-03 -8.0315E-05
  9.3989E-04  1.4987E-03 -7.8820E-05
  9.3339E-04  1.4682E-03 -7.7007E-05
  9.2380E-04  1.4241E-03 -7.4940E-05
  9.1163E-04  1.3667E-03 -7.2706E-05
  8.9709E-04  1.2963E-03 -7.0472E-05
  9.2830E-04  1.5265E-03 -9.2709E-05
  8.0608E-04  6.5539E-04 -8.1342E-05
  8.6672E-04  1.2181E-03 -9.2689E-05
  8.0307E-04  6.4706E-04 -8.6059E-05
  7.9948E-04  6.1615E-04 -8.8729E-05
  7.8106E-04  7.0815E-05 -8.4753E-05
  8.0692E-04 -4.7626E-04 -7.8222E-05
  7.8988E-04 -1.7512E-04 -8.2027E-05
  7.8199E-04  1.4789E-04 -8.5638E-05
  7.8484E-04 -1.8207E-05 -8.3959E-05
  8.6298E-04 -1.1790E-03 -9.2970E-05
  7.8222E-04  2.3669E-04 -7.8335E-05
  7.7678E-04 -1.3143E-04 -7.9958E-05
  8.3694E-04  8.1426E-04 -5.6687E-05
  8.1029E-04  5.4406E-04 -6.4566E-05
  7.8402E-04  2.2019E-04 -7.3081E-05
  7.9580E-04  3.8868E-04 -6.8880E-05
  7.2841E-04  9.9516E-04 -2.3104E-06
  7.7434E-04  1.0849E-03 -4.5372E-06
  8.1492E-04  1.1681E-03 -7.4007E-06
  8.4978E-04  1.2435E-03 -1.0751E-05
  8.7865E-04  1.3103E-03 -1.4569E-05
  9.0206E-04  1.3669E-03 -1.8824E-05
  9.1993E-04  1.4122E-03 -2.3497E-05
  9.3212E-04  1.4457E-03 -2.8534E-05
  9.3928E-04  1.4663E-03 -3.3948E-05
  9.4159E-04  1.4735E-03 -3.9666E-05
  9.3950E-04  1.4667E-03 -4.5687E-05
  9.3357E-04  1.4458E-03 -5.1907E-05
  9.2411E-04  1.4104E-03 -5.8257E-05
  9.1214E-04  1.3606E-03 -6.4593E-05
  6.9399E-04  1.0423E-03 -6.8023E-05
  7.4439E-04  1.1264E-03 -7.1275E-05
  7.8944E-04  1.2052E-03 -7.3802E-05
  8.2811E-04  1.2779E-03 -7.5685E-05
  8.6125E-04  1.3427E-03 -7.7001E-05
  8.8907E-04  1.3983E-03 -7.7822E-05
  9.1075E-04  1.4442E-03 -7.8117E-05
  9.2715E-04  1.4790E-03 -7.7917E-05
  9.3834E-04  1.5018E-03 -7.7225E-05
  9.4424E-04  1.5121E-03 -7.6023E-05
  9.4550E-04  1.5092E-03 -7.4363E-05
  9.4246E-04  1.4926E-03 -7.2247E-05
  9.3551E-04  1.4623E-03 -6.9792E-05
  9.2524E-04  1.4182E-03 -6.7064E-05
  9.2059E-04  1.4901E-03 -9.2356E-05
  8.7286E-04  1.2223E-03 -8.7592E-05
  7.8918E-04  3.7733E-04 -8.0184E-05
  8.5288E-04  1.1196E-03 -9.1293E-05
  7.9139E-04  4.8193E-04 -8.7483E-05
  8.1890E-04 -6.2845E-04 -7.6765E-05
  7.9619E-04 -3.3320E-04 -8.0493E-05
  8.5129E-04 -9.2339E-04 -7.5141E-05
  8.3246E-04 -7.7925E-04 -7.5839E-05
  8.2793E-04 -7.5454E-04 -7.9866E-05
  8.3751E-04 -8.3612E-04 -7.7737E-05
  7.8689E-04 -2.3007E-04 -8.3595E-05
  8.0292E-04 -4.9547E-04 -8.2023E-05
  8.1985E-04 -6.6925E-04 -7.8406E-05
  8.1006E-04 -5.8301E-04 -8.0448E-05
  8.0123E-04 -6.2386E-04 -8.5430E-05
  7.8771E-04 -4.5764E-04 -8.4419E-05
  8.4799E-04  9.3708E-04 -5.3397E-05
  8.1809E-04  6.8002E-04 -6.1318E-05
  8.7594E-04  1.1605E-03 -4.8178E-05
  8.6022E-04  1.0539E-03 -5.0652E-05
  8.4595E-04  9.9339E-04 -5.7807E-05
  8.5919E-04  1.0790E-03 -5.3226E-05
  7.9684E-04  5.4913E-04 -6.8705E-05
  8.1871E-04  7.8006E-04 -6.3778E-05
  8.4296E-04  9.5317E-04 -5.5771E-05
  8.2883E-04  8.6678E-04 -6.0054E-05
  9.2660E-04  1.4783E-03 -8.6052E-05
  9.3241E-04  1.5502E-03 -9.2793E-05
  9.1140E-04  1.4408E-03 -9.1353E-05
  8.4488E-04  1.0224E-03 -8.4638E-05
  8.2553E-04  8.9728E-04 -8.8564E-05
  8.0912E-04  7.4823E-04 -9.0099E-05
  8.0430E-04 -4.9602E-04 -7.9418E-05
  8.0119E-04 -5.0645E-04 -8.4289E-05
  8.1305E-04 -6.4754E-04 -8.4314E-05
  8.2869E-04 -7.8153E-04 -8.3783E-05
  8.4444E-04 -9.0754E-04 -8.2834E-05
  8.6311E-04 -1.0241E-03 -8.1398E-05
  8.8121E-04 -1.1309E-03 -7.9553E-05
  9.0049E-04 -1.2257E-03 -7.7209E-05
  9.1787E-04 -1.3048E-03 -7.4559E-05
  9.3303E-04 -1.3649E-03 -7.1660E-05
  9.4480E-04 -1.4076E-03 -6.8736E-05
  9.5310E-04 -1.4339E-03 -6.5706E-05
  9.5715E-04 -1.4441E-03 -6.2735E-05
  9.5651E-04 -1.4387E-03 -5.9825E-05
  9.5075E-04 -1.4184E-03 -5.7012E-05
  9.3969E-04 -1.3839E-03 -5.4071E-05
  9.0058E-04 -1.3964E-03 -9.6774E-05
  7.8667E-04 -3.5288E-04 -8.3382E-05
  8.2937E-04 -9.4712E-04 -9.2503E-05
  7.8082E-04 -3.2447E-04 -8.2784E-05
  7.8622E-04 -3.9958E-04 -8.4571E-05
  8.2750E-04  8.1497E-04 -5.8532E-05
  9.3466E-04  1.4470E-03 -3.6193E-05
  8.7899E-04  1.2210E-03 -8.0075E-05
  8.1874E-04  7.8542E-04 -8.2282E-05
  7.8486E-04  2.2808E-04 -8.3444E-05
  7.8653E-04 -1.7744E-04 -8.2711E-05
  8.9290E-04 -1.4531E-03 -8.9417E-05
  9.1007E-04 -1.4846E-03 -9.0597E-05
  9.2187E-04 -1.5043E-03 -9.1423E-05
  9.2839E-04 -1.5119E-03 -9.1854E-05
  9.3047E-04 -1.5070E-03 -9.1880E-05
  9.2878E-04 -1.4893E-03 -9.1636E-05
  9.2333E-04 -1.4588E-03 -9.1167E-05
  9.1544E-04 -1.4153E-03 -9.0520E-05
  9.0489E-04 -1.3591E-03 -8.9738E-05
  8.9295E-04 -1.2904E-03 -8.8833E-05
  8.7988E-04 -1.2096E-03 -8.7879E-05
  8.6563E-04 -1.1173E-03 -8.7005E-05
  8.5225E-04 -1.0141E-03 -8.6223E-05
  8.3759E-04 -9.0101E-04 -8.5533E-05
  8.2604E-04 -7.7849E-04 -8.4742E-05
  8.8871E-04 -1.3354E-03 -9.5907E-05
  8.3625E-04 -9.8185E-04 -8.9752E-05
  7.8118E-04 -6.4384E-05 -8.2124E-05
  8.1718E-04 -8.3293E-04 -9.0375E-05
  8.0055E-04  5.2899E-04 -6.6076E-05
  9.0832E-04  1.3443E-03 -5.2238E-05
  8.4887E-04  1.0219E-03 -7.7082E-05
  8.5866E-04  1.1273E-03 -8.6155E-05
  7.9764E-04  5.1860E-04 -8.0620E-05
  7.9268E-04 -3.6456E-04 -8.3925E-05
  9.0915E-04 -1.4455E-03 -9.7325E-05
  8.7692E-04 -1.2625E-03 -9.4499E-05
  8.1242E-04 -7.5045E-04 -8.6657E-05
  7.9520E-04 -5.8706E-04 -8.6277E-05
  7.8006E-04  2.5811E-04 -7.5108E-05
  7.8741E-04  3.5369E-04 -7.0742E-05
  9.4319E-04  1.4335E-03 -2.0675E-05
  8.8026E-04  1.2074E-03 -6.2778E-05
  9.0634E-04  1.3745E-03 -8.3301E-05
  8.3279E-04  9.0770E-04 -7.5999E-05
  7.8788E-04  3.7260E-04 -8.4137E-05
  8.5778E-04 -1.0197E-03 -8.4774E-05
  8.7588E-04 -1.1270E-03 -8.3610E-05
  8.9570E-04 -1.2211E-03 -8.1971E-05
  9.1290E-04 -1.3013E-03 -7.9938E-05
  9.2971E-04 -1.3662E-03 -7.7457E-05
  9.4282E-04 -1.4155E-03 -7.4841E-05
  9.5365E-04 -1.4498E-03 -7.2027E-05
  9.6155E-04 -1.4730E-03 -6.8810E-05
  9.6433E-04 -1.4771E-03 -6.5115E-05
  9.5965E-04 -1.4596E-03 -6.1506E-05
  9.4833E-04 -1.4258E-03 -5.8049E-05
  9.3046E-04 -1.3782E-03 -5.4661E-05
  9.0657E-04 -1.3184E-03 -5.1260E-05
  8.7676E-04 -1.2474E-03 -4.7802E-05
  8.4101E-04 -1.1669E-03 -4.4040E-05
  8.3274E-04 -8.9356E-04 -8.6341E-05
  7.9413E-04 -4.9106E-04 -8.4329E-05
  7.7858E-04  9.3727E-05 -7.9092E-05
  7.9198E-04  4.5546E-04 -6.9570E-05
  8.0813E-04  6.6967E-04 -6.5347E-05
  9.3005E-04  1.4283E-03 -2.1501E-05
  9.1958E-04  1.3923E-03 -4.6996E-05
  8.6402E-04  1.1196E-03 -6.7727E-05
  6.2086E-04  8.1088E-04 -5.4003E-07
  6.7717E-04  9.0806E-04 -2.0898E-06
  7.2841E-04  1.0022E-03 -4.3139E-06
  7.7441E-04  1.0917E-03 -7.1026E-06
  8.1552E-04  1.1753E-03 -1.0422E-05
  8.5124E-04  1.2516E-03 -1.4243E-05
  8.8085E-04  1.3193E-03 -1.8520E-05
  9.0480E-04  1.3765E-03 -2.3272E-05
  9.2310E-04  1.4223E-03 -2.8460E-05
  9.3552E-04  1.4560E-03 -3.4059E-05
  9.4264E-04  1.4767E-03 -4.0098E-05
  9.4475E-04  1.4837E-03 -4.6530E-05
  9.4231E-04  1.4766E-03 -5.3307E-05
  9.3579E-04  1.4548E-03 -6.0294E-05
  5.8373E-04  8.4579E-04 -5.8455E-05
  6.4337E-04  9.3635E-04 -6.2360E-05
  6.9757E-04  1.0255E-03 -6.5640E-05
  7.4705E-04  1.1110E-03 -6.8286E-05
  7.9182E-04  1.1912E-03 -7.0345E-05
  8.3034E-04  1.2652E-03 -7.1833E-05
  8.6369E-04  1.3312E-03 -7.2763E-05
  8.9158E-04  1.3881E-03 -7.3135E-05
  9.1342E-04  1.4350E-03 -7.2919E-05
  9.2990E-04  1.4706E-03 -7.2152E-05
  9.4091E-04  1.4941E-03 -7.0764E-05
  9.4654E-04  1.5048E-03 -6.8785E-05
  9.4735E-04  1.5020E-03 -6.6256E-05
  9.4372E-04  1.4853E-03 -6.3277E-05
  9.2954E-04  1.5316E-03 -8.8336E-05
  8.9321E-04  1.3038E-03 -8.1713E-05
  7.8211E-04  1.6349E-07 -8.4487E-05
  8.2153E-04 -7.7227E-04 -8.5617E-05
  9.5350E-04 -1.4188E-03 -5.7433E-05
  8.2343E-04 -8.7003E-04 -8.8192E-05
  7.8348E-04 -2.1024E-04 -8.2652E-05
  8.1012E-04  6.7277E-04 -6.3863E-05
  9.4170E-04  1.4385E-03 -2.4607E-05
  9.3733E-04  1.4540E-03 -3.1188E-05
  9.3567E-04  1.5305E-03 -8.7825E-05
  9.1777E-04  1.4327E-03 -8.4768E-05
  8.6341E-04  1.1268E-03 -7.8526E-05
  7.8429E-04 -1.1812E-04 -8.3915E-05
  7.9420E-04 -3.5780E-04 -8.2451E-05
  9.4424E-04 -1.4132E-03 -7.1890E-05
  8.4680E-04 -1.0060E-03 -8.7132E-05
  8.0943E-04 -6.4323E-04 -8.4856E-05
  7.7643E-04 -4.8314E-05 -8.0120E-05
  9.3650E-04  1.4297E-03 -2.9113E-05
  9.0349E-04  1.3518E-03 -1.3458E-05
  8.9442E-04  1.2827E-03 -5.7582E-05
  9.3296E-04  1.5108E-03 -8.7059E-05
  7.8321E-04  2.1159E-04 -8.5452E-05
  7.9413E-04 -3.4856E-04 -8.1808E-05
  9.5498E-04 -1.4466E-03 -6.8852E-05
  9.4862E-04 -1.3967E-03 -6.0317E-05
  8.0662E-04  6.5554E-04 -7.5052E-05
  9.1946E-04  1.3961E-03 -1.7268E-05
  9.2873E-04  1.4265E-03 -4.1465E-05
  5.0015E-04  6.2026E-04  2.4623E-07
  5.6271E-04  7.1892E-04 -8.0430E-07
  6.2216E-04  8.1755E-04 -2.4533E-06
  6.7776E-04  9.1394E-04 -4.6971E-06
  7.2912E-04  1.0080E-03 -7.4843E-06
  7.7615E-04  1.0991E-03 -1.0818E-05
  8.1835E-04  1.1845E-03 -1.4678E-05
  8.5484E-04  1.2618E-03 -1.9029E-05
  8.8476E-04  1.3299E-03 -2.3880E-05
  9.0877E-04  1.3872E-03 -2.9255E-05
  9.2703E-04  1.4330E-03 -3.5138E-05
  9.3915E-04  1.4666E-03 -4.1522E-05
  9.4584E-04  1.4870E-03 -4.8443E-05
  9.4733E-04  1.4934E-03 -5.5863E-05
  4.6229E-04  6.4532E-04 -4.8001E-05
  5.2631E-04  7.3660E-04 -5.2373E-05
  5.8792E-04  8.2940E-04 -5.6223E-05
  6.4648E-04  9.2173E-04 -5.9553E-05
  7.0012E-04  1.0125E-03 -6.2339E-05
  7.4949E-04  1.0992E-03 -6.4523E-05
  7.9405E-04  1.1803E-03 -6.6130E-05
  8.3259E-04  1.2550E-03 -6.7116E-05
  8.6601E-04  1.3216E-03 -6.7486E-05
  8.9378E-04  1.3791E-03 -6.7196E-05
  9.1559E-04  1.4265E-03 -6.6238E-05
  9.3190E-04  1.4623E-03 -6.4577E-05
  9.4247E-04  1.4859E-03 -6.2202E-05
  9.4754E-04  1.4964E-03 -5.9123E-05
  9.0389E-04  1.4837E-03 -8.7371E-05
  9.3468E-04  1.5374E-03 -8.8221E-05
  8.8688E-04  1.3064E-03 -8.8990E-05
  7.7715E-04 -1.2029E-03 -7.7446E-05
  8.1787E-04 -1.2751E-03 -7.9943E-05
  8.5244E-04 -1.3398E-03 -8.2068E-05
  8.8137E-04 -1.3956E-03 -8.3774E-05
  9.0408E-04 -1.4418E-03 -8.5110E-05
  9.2135E-04 -1.4772E-03 -8.6110E-05
  9.3359E-04 -1.5009E-03 -8.6774E-05
  9.4067E-04 -1.5124E-03 -8.7152E-05
  9.4335E-04 -1.5111E-03 -8.7272E-05
  9.4210E-04 -1.4964E-03 -8.7134E-05
  9.3711E-04 -1.4682E-03 -8.6743E-05
  9.2915E-04 -1.4262E-03 -8.6189E-05
  9.1868E-04 -1.3708E-03 -8.5517E-05
  9.0587E-04 -1.3021E-03 -8.4795E-05
  8.9230E-04 -1.2205E-03 -8.4069E-05
  8.7845E-04 -1.1279E-03 -8.1539E-05
  8.6002E-04 -1.1087E-03 -8.8162E-05
  9.5398E-04 -1.4249E-03 -5.9766E-05
  9.1929E-04  1.5136E-03 -8.8064E-05
  9.2520E-04 -1.3729E-03 -8.2786E-05
  9.4102E-04 -1.4284E-03 -8.0225E-05
  9.5396E-04 -1.4678E-03 -7.7193E-05
  9.6262E-04 -1.4913E-03 -7.3972E-05
  9.6701E-04 -1.4997E-03 -7.0694E-05
  9.6729E-04 -1.4954E-03 -6.7511E-05
  9.6493E-04 -1.4826E-03 -6.4433E-05
  9.5414E-04 -1.4480E-03 -6.0036E-05
  9.3640E-04 -1.3996E-03 -5.6204E-05
  9.1225E-04 -1.3391E-03 -5.2585E-05
  8.8192E-04 -1.2677E-03 -4.9032E-05
  8.4512E-04 -1.1871E-03 -4.5443E-05
  8.0271E-04 -1.0985E-03 -4.1756E-05
  7.5543E-04 -1.0032E-03 -3.8017E-05
  9.1460E-04 -1.2996E-03 -7.7322E-05
  9.6047E-04 -1.4616E-03 -6.5657E-05
  8.4976E-04 -1.0850E-03 -9.1377E-05
  8.8183E-04  1.2959E-03 -1.0201E-05
  9.3512E-04 -1.4926E-03 -8.9258E-05
  8.6077E-04 -1.0223E-03 -8.2918E-05
  9.3103E-04 -1.3637E-03 -7.4671E-05
  9.6046E-04 -1.4584E-03 -6.2435E-05
  9.1749E-04 -1.4543E-03 -9.3300E-05
  9.4083E-04 -1.3736E-03 -6.2687E-05
  7.7730E-04  1.2727E-04 -7.6460E-05
  3.7206E-04  4.3667E-04  3.7089E-07
  4.3752E-04  5.2977E-04 -3.2857E-07
  5.0288E-04  6.2715E-04 -1.5355E-06
  5.6399E-04  7.2402E-04 -3.2622E-06
  6.2157E-04  8.1974E-04 -5.5774E-06
  6.7843E-04  9.1808E-04 -8.4585E-06
  7.3259E-04  1.0168E-03 -1.1898E-05
  7.8103E-04  1.1104E-03 -1.5857E-05
  8.2350E-04  1.1964E-03 -2.0326E-05
  8.5992E-04  1.2734E-03 -2.5345E-05
  8.8945E-04  1.3410E-03 -3.0908E-05
  9.1298E-04  1.3981E-03 -3.7061E-05
  9.3070E-04  1.4436E-03 -4.3863E-05
  9.4215E-04  1.4766E-03 -5.1359E-05
  3.3608E-04  4.5457E-04 -3.7238E-05
  4.0111E-04  5.3920E-04 -4.1759E-05
  4.6624E-04  6.2929E-04 -4.6021E-05
  5.2969E-04  7.2326E-04 -4.9884E-05
  5.9129E-04  8.1837E-04 -5.3279E-05
  6.4969E-04  9.1237E-04 -5.6140E-05
  7.0308E-04  1.0037E-03 -5.8388E-05
  7.5200E-04  1.0903E-03 -6.0025E-05
  7.9606E-04  1.1712E-03 -6.1015E-05
  8.3446E-04  1.2458E-03 -6.1302E-05
  8.6783E-04  1.3126E-03 -6.0877E-05
  8.9539E-04  1.3703E-03 -5.9661E-05
  9.1691E-04  1.4177E-03 -5.7606E-05
  9.3270E-04  1.4533E-03 -5.4718E-05
  6.8631E-04 -1.0275E-03 -6.9264E-05
  7.3783E-04 -1.1124E-03 -7.2671E-05
  7.8412E-04 -1.1925E-03 -7.5504E-05
  8.2407E-04 -1.2666E-03 -7.7888E-05
  8.5844E-04 -1.3332E-03 -7.9885E-05
  8.8750E-04 -1.3909E-03 -8.1506E-05
  9.1043E-04 -1.4390E-03 -8.2778E-05
  9.2810E-04 -1.4761E-03 -8.3719E-05
  9.4066E-04 -1.5014E-03 -8.4356E-05
  9.4806E-04 -1.5142E-03 -8.4685E-05
  9.5097E-04 -1.5138E-03 -8.4717E-05
  9.4973E-04 -1.4996E-03 -8.4478E-05
  9.4467E-04 -1.4714E-03 -8.4002E-05
  9.3633E-04 -1.4291E-03 -8.3318E-05
  9.1177E-04 -1.3658E-03 -8.7586E-05
  8.8694E-04 -1.2821E-03 -9.0466E-05
  9.5001E-04 -1.4161E-03 -6.2411E-05
  9.3591E-04  1.4477E-03 -2.6141E-05
  2.4695E-04  2.7129E-04  2.5530E-07
  3.0907E-04  3.5166E-04 -3.1732E-07
  3.7584E-04  4.4308E-04 -1.2678E-06
  4.4296E-04  5.3938E-04 -2.6385E-06
  5.0025E-04  6.2477E-04 -4.4499E-06
  5.5828E-04  7.1689E-04 -6.9221E-06
  6.2433E-04  8.2600E-04 -1.0008E-05
  6.8558E-04  9.3204E-04 -1.3606E-05
  7.4040E-04  1.0316E-03 -1.7712E-05
  7.8802E-04  1.1242E-03 -2.2332E-05
  8.2946E-04  1.2088E-03 -2.7524E-05
  8.6494E-04  1.2847E-03 -3.3344E-05
  8.9372E-04  1.3516E-03 -3.9769E-05
  9.1638E-04  1.4082E-03 -4.6935E-05
  1.6167E-05  1.2107E-05 -1.7768E-07
  8.3277E-05  8.0790E-05 -4.8806E-07
  1.8669E-04  1.9753E-04 -4.3226E-07
  8.9604E-04  1.3612E-03 -5.0025E-05
  8.6858E-04  1.2947E-03 -4.2970E-05
  8.3446E-04  1.2196E-03 -3.6376E-05
  7.9464E-04  1.1368E-03 -3.0327E-05
  7.4886E-04  1.0469E-03 -2.4937E-05
  6.9620E-04  9.5063E-04 -2.0117E-05
  6.3722E-04  8.4762E-04 -1.5846E-05
  5.7134E-04  7.3793E-04 -1.2052E-05
  4.9725E-04  6.2102E-04 -8.7290E-06
  4.0947E-04  4.9094E-04 -5.7133E-06
  3.9184E-04  4.6585E-04 -3.8518E-06
  3.1990E-04  3.6634E-04 -2.4947E-06
  2.4734E-04  2.7213E-04 -1.2501E-06
  9.5114E-04 -1.4717E-03 -8.0253E-05
  9.6164E-04 -1.4983E-03 -7.6818E-05
  9.6752E-04 -1.5091E-03 -7.3162E-05
  9.6841E-04 -1.5053E-03 -6.9455E-05
  9.6447E-04 -1.4885E-03 -6.5790E-05
  9.5611E-04 -1.4611E-03 -6.2091E-05
  9.4121E-04 -1.4192E-03 -5.8219E-05
  9.1786E-04 -1.3593E-03 -5.4212E-05
  8.8758E-04 -1.2874E-03 -5.0405E-05
  8.5027E-04 -1.2062E-03 -4.6663E-05
  8.0723E-04 -1.1171E-03 -4.2982E-05
  7.5906E-04 -1.0217E-03 -3.9314E-05
  7.0583E-04 -9.2177E-04 -3.5602E-05
  6.4838E-04 -8.1885E-04 -3.1916E-05
  9.1555E-04 -1.4800E-03 -8.8225E-05
  8.8624E-04 -1.2165E-03 -8.6038E-05
  8.4172E-04 -9.0578E-04 -8.4119E-05
  9.2348E-04 -1.5134E-03 -9.3921E-05
  8.7370E-04 -1.2010E-03 -8.9388E-05
  2.7471E-05  2.2696E-05 -8.2688E-07
  8.7087E-05  8.4748E-05 -1.5585E-06
  1.8359E-04  1.9390E-04 -2.1354E-06
  2.1595E-04  2.8439E-04 -2.6515E-05
  2.7568E-04  3.5667E-04 -3.0975E-05
  3.3885E-04  4.3815E-04 -3.5400E-05
  4.0432E-04  5.2668E-04 -3.9634E-05
  4.7027E-04  6.2071E-04 -4.3528E-05
  5.3470E-04  7.1782E-04 -4.7016E-05
  5.9623E-04  8.1405E-04 -4.9904E-05
  6.5353E-04  9.0707E-04 -5.2132E-05
  7.0560E-04  9.9659E-04 -5.3694E-05
  7.5376E-04  1.0817E-03 -5.4593E-05
  7.9735E-04  1.1622E-03 -5.4755E-05
  8.3573E-04  1.2370E-03 -5.4128E-05
  8.6908E-04  1.3038E-03 -5.2508E-05
  9.3424E-04 -1.5115E-03 -8.9278E-05
  9.2987E-04 -1.4636E-03 -8.9008E-05
  8.7136E-04 -1.1239E-03 -8.5348E-05
  8.9776E-04 -1.2206E-03 -7.9566E-05
  9.2522E-04 -1.5064E-03 -9.4252E-05
  8.9884E-04 -1.3517E-03 -9.1399E-05
  9.2972E-04 -1.3364E-03 -6.5421E-05
  1.3389E-04  1.3632E-04  4.5147E-08
  1.0242E-05  1.4739E-05 -3.1968E-06
  6.6354E-05  8.3775E-05 -1.0986E-05
  1.6035E-04  2.0097E-04 -2.0499E-05
  5.7767E-04 -8.3509E-04 -5.9570E-05
  6.3834E-04 -9.2631E-04 -6.3673E-05
  6.9356E-04 -1.0165E-03 -6.7222E-05
  7.4419E-04 -1.1033E-03 -7.0302E-05
  7.9013E-04 -1.1852E-03 -7.2937E-05
  8.2990E-04 -1.2610E-03 -7.5188E-05
  8.6450E-04 -1.3292E-03 -7.7068E-05
  8.9373E-04 -1.3885E-03 -7.8581E-05
  9.1704E-04 -1.4380E-03 -7.9752E-05
  9.3514E-04 -1.4763E-03 -8.0608E-05
  9.4791E-04 -1.5025E-03 -8.1113E-05
  9.5547E-04 -1.5158E-03 -8.1301E-05
  9.5835E-04 -1.5154E-03 -8.1153E-05
  9.5689E-04 -1.5008E-03 -8.0676E-05
  8.7564E-04 -1.4025E-03 -8.5727E-05
  9.3661E-04 -1.5085E-03 -8.9364E-05
  9.2212E-04 -1.4212E-03 -8.8311E-05
  9.1691E-04 -1.5078E-03 -9.3174E-05
  9.2329E-04 -1.4867E-03 -9.3895E-05
  8.7781E-04  1.1932E-03 -5.4198E-05
  4.6051E-05  4.0398E-05  8.5903E-08
  1.3140E-04  1.3346E-04 -1.1546E-06
  1.1063E-04  1.4618E-04 -1.6375E-05
  9.6469E-04 -1.5142E-03 -7.6641E-05
  9.6714E-04 -1.5122E-03 -7.2455E-05
  9.6395E-04 -1.4956E-03 -6.8258E-05
  9.5512E-04 -1.4660E-03 -6.4148E-05
  9.4045E-04 -1.4248E-03 -6.0067E-05
  9.1982E-04 -1.3712E-03 -5.6053E-05
  8.9158E-04 -1.3036E-03 -5.2017E-05
  8.5496E-04 -1.2234E-03 -4.8047E-05
  8.1185E-04 -1.1339E-03 -4.4191E-05
  7.6319E-04 -1.0379E-03 -4.0449E-05
  7.0930E-04 -9.3790E-04 -3.6749E-05
  6.5116E-04 -8.3519E-04 -3.3060E-05
  5.8985E-04 -7.3091E-04 -2.9424E-05
  5.2635E-04 -6.2686E-04 -2.5819E-05
  8.9851E-04 -1.4467E-03 -8.7168E-05
  8.0317E-04 -5.1004E-04 -8.3997E-05
  8.3199E-04  9.0292E-04 -6.7688E-05
  2.1508E-05  1.7356E-05 -1.0596E-06
  7.9283E-05  7.6217E-05 -2.1940E-06
  1.7049E-04  1.7828E-04 -3.0125E-06
  2.8706E-04  3.2395E-04 -3.6161E-06
  1.1253E-05  1.2859E-05 -3.3093E-06
  6.7354E-05  7.7485E-05 -1.0403E-05
  1.6111E-04  1.9057E-04 -1.9220E-05
  2.7742E-04  3.4452E-04 -2.9168E-05
  8.4636E-04 -1.3485E-03 -8.3735E-05
  9.2752E-04 -1.5017E-03 -8.8916E-05
  8.9945E-04 -1.2974E-03 -8.6828E-05
  9.1772E-04  1.3720E-03 -3.9129E-05
  8.1935E-04  7.8376E-04 -7.1510E-05
  4.5252E-05  3.9590E-05 -8.4300E-07
  3.4281E-04  4.3086E-04 -3.3418E-05
  4.1161E-04  5.2579E-04 -3.7410E-05
  4.7947E-04  6.2368E-04 -4.0963E-05
  5.4240E-04  7.1953E-04 -4.3771E-05
  6.0086E-04  8.1136E-04 -4.5839E-05
  6.5543E-04  9.0012E-04 -4.7227E-05
  7.0633E-04  9.8751E-04 -4.7973E-05
  7.5450E-04  1.0728E-03 -4.8045E-05
  7.9825E-04  1.1541E-03 -4.7307E-05
  8.3637E-04  1.2288E-03 -4.5553E-05
  3.3435E-05  4.7158E-05 -7.2006E-06
  4.5783E-04 -6.3806E-04 -4.8882E-05
  5.2281E-04 -7.2999E-04 -5.3485E-05
  5.8539E-04 -8.2376E-04 -5.7622E-05
  6.4498E-04 -9.1729E-04 -6.1308E-05
  6.9964E-04 -1.0095E-03 -6.4566E-05
  7.5007E-04 -1.0977E-03 -6.7395E-05
  7.9583E-04 -1.1807E-03 -6.9822E-05
  8.3574E-04 -1.2577E-03 -7.1890E-05
  8.7069E-04 -1.3270E-03 -7.3580E-05
  9.0014E-04 -1.3874E-03 -7.4925E-05
  9.2380E-04 -1.4377E-03 -7.5950E-05
  9.4216E-04 -1.4765E-03 -7.6615E-05
  9.5497E-04 -1.5027E-03 -7.6893E-05
  9.6245E-04 -1.5156E-03 -7.6781E-05
  9.4238E-04 -1.3925E-03 -6.5205E-05
  8.9169E-04  1.2651E-03 -4.9408E-05
  2.1455E-05  2.1824E-05 -4.5979E-06
  7.1883E-05  7.8542E-05 -1.0082E-05
  1.5614E-04  1.7657E-04 -1.7316E-05
  2.8484E-04  3.4480E-04 -2.7576E-05
  9.6103E-04 -1.5006E-03 -7.1928E-05
  9.5331E-04 -1.4715E-03 -6.7147E-05
  9.3893E-04 -1.4296E-03 -6.2554E-05
  9.1859E-04 -1.3761E-03 -5.8145E-05
  8.9192E-04 -1.3115E-03 -5.3873E-05
  8.5753E-04 -1.2356E-03 -4.9688E-05
  8.1557E-04 -1.1480E-03 -4.5609E-05
  7.6675E-04 -1.0514E-03 -4.1630E-05
  7.1210E-04 -9.5035E-04 -3.7787E-05
  6.5354E-04 -8.4744E-04 -3.4065E-05
  5.9223E-04 -7.4404E-04 -3.0418E-05
  5.2830E-04 -6.4100E-04 -2.6828E-05
  4.6185E-04 -5.3949E-04 -2.3266E-05
  3.9547E-04 -4.4142E-04 -1.9815E-05
  9.5477E-04 -1.4389E-03 -5.9250E-05
  9.0955E-04 -1.4091E-03 -9.2491E-05
  8.4767E-04  1.0116E-03 -6.3498E-05
  3.5885E-05  3.8308E-05 -6.5230E-06
  3.2097E-05  3.7924E-05 -6.5047E-06
  3.3312E-04 -4.5004E-04 -3.7867E-05
  3.9909E-04 -5.3543E-04 -4.2600E-05
  4.6525E-04 -6.2658E-04 -4.7120E-05
  5.2974E-04 -7.2180E-04 -5.1286E-05
  5.9218E-04 -8.1807E-04 -5.5070E-05
  6.5129E-04 -9.1305E-04 -5.8419E-05
  7.0549E-04 -1.0056E-03 -6.1352E-05
  7.5563E-04 -1.0940E-03 -6.3868E-05
  8.0121E-04 -1.1775E-03 -6.6023E-05
  8.4141E-04 -1.2552E-03 -6.7842E-05
  8.7676E-04 -1.3251E-03 -6.9301E-05
  9.0646E-04 -1.3860E-03 -7.0428E-05
  9.3036E-04 -1.4365E-03 -7.1230E-05
  9.4880E-04 -1.4750E-03 -7.1615E-05
  9.4332E-04 -1.4047E-03 -5.6163E-05
  9.2849E-04  1.4073E-03 -3.4079E-05
  3.5851E-04  4.4378E-04 -3.1876E-05
  4.2706E-04  5.3983E-04 -3.5312E-05
  4.8934E-04  6.2980E-04 -3.7822E-05
  5.4571E-04  7.1607E-04 -3.9552E-05
  6.0030E-04  8.0133E-04 -4.0661E-05
  6.5434E-04  8.8949E-04 -4.1257E-05
  7.0696E-04  9.7981E-04 -4.1324E-05
  7.5572E-04  1.0666E-03 -4.0598E-05
  7.9828E-04  1.1467E-03 -3.8874E-05
  1.1069E-04  1.2597E-04 -1.4181E-05
  1.0917E-04  1.3123E-04 -1.5044E-05
  3.3041E-04 -3.6005E-04 -1.7306E-05
  2.0395E-04 -2.0430E-04 -1.1746E-05
  9.3611E-05 -8.3451E-05 -6.4717E-06
  1.9125E-05 -1.1658E-05 -1.8843E-06
  9.2581E-04 -1.3572E-03 -5.2990E-05
  9.1690E-04 -1.2862E-03 -6.8189E-05
  9.0577E-04  1.3244E-03 -4.4220E-05
  1.7402E-05  1.6202E-05 -3.8992E-06
  6.5177E-05  6.7290E-05 -8.9494E-06
  1.4025E-04  1.5434E-04 -1.5298E-05
  2.4114E-04  2.8200E-04 -2.3033E-05
  2.1643E-04  2.6736E-04 -2.4787E-05
  9.3594E-04 -1.4338E-03 -6.6102E-05
  9.1638E-04 -1.3803E-03 -6.0998E-05
  8.9035E-04 -1.3160E-03 -5.6208E-05
  8.5739E-04 -1.2425E-03 -5.1679E-05
  8.1801E-04 -1.1593E-03 -4.7343E-05
  7.7091E-04 -1.0653E-03 -4.3113E-05
  7.1498E-04 -9.6195E-04 -3.8951E-05
  6.5424E-04 -8.5519E-04 -3.4992E-05
  5.9205E-04 -7.5057E-04 -3.1287E-05
  5.2868E-04 -6.4888E-04 -2.7721E-05
  4.6385E-04 -5.5069E-04 -2.4244E-05
  3.9745E-04 -4.5400E-04 -2.0738E-05
  2.6620E-04 -2.7406E-04 -1.4098E-05
  9.1070E-04 -1.3035E-03 -8.2391E-05
  9.0249E-04 -1.2974E-03 -4.9747E-05
  8.6186E-04  1.1089E-03 -5.8933E-05
  1.9539E-05  1.5580E-05 -1.5207E-06
  6.6911E-05  6.2797E-05 -2.9849E-06
  1.3794E-04  1.4117E-04 -4.3101E-06
  2.3724E-04  2.6017E-04 -5.8634E-06
  3.6077E-04  4.2392E-04 -7.2488E-06
  7.5454E-04  1.0591E-03 -3.2548E-05
  7.0479E-04  9.6649E-04 -2.7000E-05
  6.4949E-04  8.6827E-04 -2.2071E-05
  5.8812E-04  7.6454E-04 -1.7659E-05
  5.1947E-04  6.5606E-04 -1.3703E-05
  4.4401E-04  5.4251E-04 -1.0225E-05
  7.0331E-05  7.4850E-05 -9.7595E-06
  9.1241E-04 -1.3836E-03 -6.5113E-05
  8.8736E-04 -1.3194E-03 -5.9440E-05
  8.5502E-04 -1.2457E-03 -5.4206E-05
  8.1698E-04 -1.1644E-03 -4.9387E-05
  7.7354E-04 -1.0768E-03 -4.4900E-05
  7.2226E-04 -9.8108E-04 -4.0626E-05
  6.6094E-04 -8.7230E-04 -3.6335E-05
  5.8981E-04 -7.5292E-04 -3.2030E-05
  5.2422E-04 -6.4773E-04 -2.8365E-05
  4.5955E-04 -5.5023E-04 -2.4911E-05
  3.9624E-04 -4.5828E-04 -2.1609E-05
  3.3597E-04 -3.7387E-04 -1.8488E-05
  2.6855E-04 -2.8538E-04 -1.5073E-05
  9.3155E-04 -1.3547E-03 -6.8139E-05
  2.0336E-05  1.6378E-05 -1.8462E-06
  6.8792E-05  6.4915E-05 -3.5263E-06
  1.5395E-04  1.5927E-04 -6.2598E-06
  2.7172E-04  3.0520E-04 -8.9956E-06
  3.9443E-04  4.7091E-04 -1.1358E-05
  7.0878E-04  9.7643E-04 -3.4074E-05
  6.5757E-04  8.8339E-04 -2.8449E-05
  6.0061E-04  7.8613E-04 -2.3461E-05
  5.3731E-04  6.8432E-04 -1.8960E-05
  4.6834E-04  5.7857E-04 -1.4874E-05
  2.1773E-04  2.5887E-04 -2.3254E-05
  2.1461E-04 -2.2224E-04 -1.3189E-05
  1.0635E-04 -1.0029E-04 -8.1495E-06
  2.9603E-05 -2.2210E-05 -3.4488E-06
  1.4756E-04 -1.3683E-04 -8.5761E-06
  6.5769E-04  8.8772E-04 -3.4769E-05
  6.0640E-04  7.9845E-04 -2.9203E-05
  5.5004E-04  7.0589E-04 -2.4288E-05
  4.8719E-04  6.0721E-04 -1.9819E-05
  4.1874E-04  5.0561E-04 -1.5728E-05
  3.4625E-04  4.0419E-04 -1.2099E-05
  1.8527E-05  1.8019E-05 -4.1972E-06
  2.1420E-04 -2.8185E-04 -2.6948E-05
  2.7489E-04 -3.5491E-04 -3.1592E-05
  3.3920E-04 -4.3766E-04 -3.6238E-05
  4.0587E-04 -5.2778E-04 -4.0734E-05
  4.7285E-04 -6.2310E-04 -4.4907E-05
  5.3752E-04 -7.2056E-04 -4.8704E-05
  5.9888E-04 -8.1627E-04 -5.2003E-05
  6.5651E-04 -9.0963E-04 -5.4867E-05
  7.1006E-04 -1.0013E-03 -5.7388E-05
  7.6027E-04 -1.0897E-03 -5.9562E-05
  8.0601E-04 -1.1738E-03 -6.1433E-05
  8.4669E-04 -1.2521E-03 -6.2977E-05
  8.8259E-04 -1.3225E-03 -6.4128E-05
  1.4912E-04 -1.4467E-04 -9.7178E-06
  9.2834E-04 -1.3712E-03 -8.0075E-05
  8.3040E-04 -7.8494E-04 -8.2587E-05
  8.5711E-05  8.3149E-05 -1.8097E-06
  2.0302E-04  2.1829E-04 -6.3906E-06
  2.0890E-05  1.7089E-05 -2.3332E-06
  8.5794E-05  8.3959E-05 -5.4939E-06
  1.4270E-04  1.4685E-04 -6.7430E-06
  2.3102E-04  2.5279E-04 -9.2377E-06
  1.7024E-05  1.5226E-05 -3.6209E-06
  1.7470E-05  1.5173E-05 -3.4052E-06
  1.8618E-05  1.5896E-05 -3.2816E-06
  1.9882E-05  1.6791E-05 -3.1759E-06
  1.8543E-05  1.5106E-05 -2.8532E-06
  1.7861E-05  1.4261E-05 -2.3506E-06
  3.7020E-04  4.3818E-04 -1.6103E-05
  2.5597E-04  2.8558E-04 -1.2503E-05
  1.5017E-04  1.5577E-04 -8.7700E-06
  6.6892E-05  6.3471E-05 -5.3693E-06
  8.5147E-04 -1.2487E-03 -5.7840E-05
  8.1376E-04 -1.1662E-03 -5.2120E-05
  7.7028E-04 -1.0777E-03 -4.6922E-05
  7.2187E-04 -9.8653E-04 -4.2225E-05
  6.7183E-04 -8.9610E-04 -3.8138E-05
  6.1141E-04 -7.9240E-04 -3.4029E-05
  5.3135E-04 -6.6445E-04 -2.9439E-05
  4.3089E-04 -5.1354E-04 -2.4295E-05
  4.0294E-04 -4.7206E-04 -2.2666E-05
  3.0882E-04 -3.4361E-04 -1.8103E-05
  2.8275E-04 -3.0778E-04 -1.6571E-05
  5.2712E-05 -3.8998E-05 -3.5754E-06
  9.0245E-04 -1.2259E-03 -7.1020E-05
  7.2023E-05  6.8319E-05 -2.6046E-06
  3.1673E-04  3.6351E-04 -8.3646E-06
  5.9870E-04  7.9062E-04 -3.4519E-05
  5.4922E-04  7.0791E-04 -2.9135E-05
  5.0053E-04  6.2920E-04 -2.4620E-05
  4.3833E-04  5.3600E-04 -2.0222E-05
  1.7171E-04 -1.7295E-04 -1.1702E-05
  8.3121E-05 -7.7333E-05 -7.4007E-06
  2.3646E-05 -1.8340E-05 -3.3018E-06
  5.2296E-05 -4.2396E-05 -4.6978E-06
  8.1511E-04 -6.5086E-04 -8.3507E-05
  2.6622E-04  2.9728E-04 -4.8681E-06
  1.2160E-04  1.2291E-04 -4.6317E-06
  5.3927E-04  6.9795E-04 -3.3877E-05
  4.6740E-04  5.8357E-04 -2.7299E-05
  3.6573E-04  4.3530E-04 -2.1048E-05
  2.8742E-04  3.2816E-04 -1.6393E-05
  2.1588E-04  2.3567E-04 -1.2324E-05
  1.8951E-04  2.0254E-04 -9.1683E-06
  7.5103E-05 -6.7598E-05 -6.8129E-06
  2.3589E-05  1.9202E-05 -8.9729E-07
  7.4019E-05  7.0734E-05 -4.2583E-06
  1.1809E-04  1.2030E-04 -8.2188E-06
  5.4345E-05  4.9888E-05 -5.0180E-06
  3.2581E-04  3.7771E-04 -1.6262E-05
  1.6027E-04 -2.0035E-04 -2.0931E-05
  6.6425E-05 -8.3456E-05 -1.1196E-05
  1.0291E-05 -1.4627E-05 -3.2759E-06
  2.9244E-04 -3.2524E-04 -1.7741E-05
  1.7354E-04 -1.7908E-04 -1.2328E-05
  8.0401E-05 -7.6475E-05 -7.5692E-06
  2.1685E-05 -1.7389E-05 -3.3184E-06
  2.3891E-05 -1.7872E-05 -3.2205E-06
  9.1880E-04 -1.3039E-03 -7.1004E-05
  1.9816E-05  1.5771E-05 -1.2544E-06
  2.8019E-04 -3.4712E-04 -3.0038E-05
  1.6363E-04 -1.9284E-04 -1.9908E-05
  6.8718E-05 -7.8544E-05 -1.0853E-05
  1.1546E-05 -1.2989E-05 -3.5108E-06
  8.1028E-04 -1.1696E-03 -5.6202E-05
  7.6406E-04 -1.0844E-03 -5.4476E-05
  7.1320E-04 -9.9522E-04 -5.2565E-05
  6.5937E-04 -9.0339E-04 -5.0430E-05
  6.0224E-04 -8.1057E-04 -4.8004E-05
  5.4321E-04 -7.1860E-04 -4.5324E-05
  4.8260E-04 -6.2667E-04 -4.2291E-05
  4.1648E-04 -5.3146E-04 -3.8636E-05
  3.4706E-04 -4.3555E-04 -3.4464E-05
  2.2840E-05 -2.3209E-05 -5.1190E-06
  7.5477E-05 -8.2407E-05 -1.0967E-05
  1.6358E-04 -1.8544E-04 -1.8641E-05
  2.9222E-04 -3.5370E-04 -2.8922E-05
  8.3823E-05 -7.9252E-05 -7.6066E-06
  8.8924E-04 -1.1604E-03 -7.3687E-05
  2.9974E-04  3.4199E-04 -1.2485E-05
  2.2276E-04 -2.6428E-04 -2.4252E-05
  2.3004E-05 -1.8236E-05 -3.3528E-06
  9.5398E-04 -1.4590E-03 -7.4409E-05
  9.0418E-04 -1.2409E-03 -7.3864E-05
  1.5475E-04  1.5973E-04 -3.7284E-06
  1.7959E-04  1.9205E-04 -1.1868E-05
  7.7933E-05  7.6461E-05 -6.9479E-06
  3.2505E-05 -3.8056E-05 -6.7355E-06
  7.6706E-04 -1.0797E-03 -5.0043E-05
  7.1520E-04 -9.8884E-04 -4.8095E-05
  6.6021E-04 -8.9538E-04 -4.6125E-05
  6.0282E-04 -8.0181E-04 -4.4004E-05
  5.4349E-04 -7.0992E-04 -4.1680E-05
  4.8231E-04 -6.1762E-04 -3.9030E-05
  4.2515E-04 -5.3560E-04 -3.6443E-05
  3.6524E-04 -4.5231E-04 -3.3369E-05
  1.9548E-05 -1.8613E-05 -4.6753E-06
  7.2899E-05 -7.6352E-05 -1.0568E-05
  1.5418E-04 -1.7058E-04 -1.7373E-05
  2.5404E-04 -2.9881E-04 -2.5079E-05
  9.6131E-04 -1.4793E-03 -7.1665E-05
  8.6584E-04 -1.0354E-03 -7.9205E-05
  2.1774E-05  1.7810E-05 -2.1944E-06
  1.0980E-04 -1.4493E-04 -1.6620E-05
  3.9002E-04 -4.6003E-04 -2.2722E-05
  2.5679E-04 -2.8346E-04 -1.6829E-05
  1.4594E-04 -1.5016E-04 -1.1516E-05
  6.6863E-05 -6.2980E-05 -7.0907E-06
  1.9368E-05 -1.5615E-05 -3.2805E-06
  7.5809E-05 -8.1118E-05 -1.1005E-05
  3.7286E-05 -3.9537E-05 -7.0133E-06
  8.8644E-04 -1.1514E-03 -7.6794E-05
  4.5586E-04  5.6434E-04 -2.4530E-05
  3.9534E-04  4.7504E-04 -2.0512E-05
  4.8927E-04 -6.0457E-04 -2.7672E-05
  5.7181E-04 -7.3264E-04 -3.2204E-05
  6.0935E-04 -7.9406E-04 -3.4896E-05
  6.6332E-04 -8.8760E-04 -3.9205E-05
  7.1720E-04 -9.8498E-04 -4.4363E-05
  3.5611E-04 -4.1557E-04 -2.1648E-05
  4.6892E-04 -5.7721E-04 -2.7444E-05
  5.3763E-04 -6.8319E-04 -3.1952E-05
  6.0161E-04 -7.8653E-04 -3.6760E-05
  6.6075E-04 -8.8904E-04 -4.2182E-05
  2.5560E-05 -2.1537E-05 -4.2666E-06
  9.3154E-05 -9.2954E-05 -9.3638E-06
  1.8890E-04 -2.0215E-04 -1.4605E-05
  3.1455E-04 -3.6114E-04 -2.0501E-05
  6.0192E-04 -7.9252E-04 -4.0232E-05
  5.3881E-04 -6.8928E-04 -3.4883E-05
  4.7185E-04 -5.8524E-04 -2.9963E-05
  3.9874E-04 -4.7764E-04 -2.5247E-05
  1.1421E-04 -1.2947E-04 -1.4995E-05
  9.4251E-04 -1.4232E-03 -7.7281E-05
  8.4685E-04 -9.1353E-04 -8.1180E-05
  3.3173E-05 -4.6720E-05 -7.2959E-06
  5.4042E-04 -6.9757E-04 -3.8091E-05
  4.7542E-04 -5.9464E-04 -3.2761E-05
  4.0981E-04 -4.9591E-04 -2.7968E-05
  3.4015E-04 -3.9749E-04 -2.3451E-05
  2.6327E-04 -2.9530E-04 -1.8887E-05
  7.4138E-05 -7.0390E-05 -7.4111E-06
  2.0336E-05 -1.9983E-05 -4.8352E-06
  2.5601E-04  2.8835E-04 -1.6288E-05
  1.5278E-04  1.6072E-04 -1.1525E-05
  7.0035E-05  6.8440E-05 -7.2270E-06
  1.1013E-04 -1.3175E-04 -1.5451E-05
  2.2688E-04 -2.4743E-04 -1.5912E-05
  1.9878E-05 -1.6886E-05 -4.0525E-06
  6.8171E-05 -6.5719E-05 -8.3116E-06
  1.4025E-04 -1.4563E-04 -1.2595E-05
  1.9071E-05 -1.7607E-05 -4.5165E-06
  1.8452E-05 -1.6497E-05 -4.3086E-06
  1.7467E-05 -1.5035E-05 -4.0493E-06
  1.8638E-05 -1.5840E-05 -3.9423E-06
  2.8636E-04 -3.2748E-04 -2.1553E-05
  1.7807E-04 -1.9092E-04 -1.5733E-05
  7.8222E-05 -7.7452E-05 -9.4316E-06
  1.9957E-05 -1.6034E-05 -3.2509E-06
  1.7857E-04 -1.8336E-04 -1.2327E-05
  9.6456E-04 -1.4862E-03 -6.9038E-05
  8.7748E-04 -1.1017E-03 -7.6105E-05
  2.1960E-04 -2.4093E-04 -1.7389E-05
  1.2444E-04 -1.2689E-04 -1.0732E-05
  4.8024E-04 -6.0740E-04 -3.5858E-05
  4.1036E-04 -5.0077E-04 -3.0318E-05
  3.4640E-04 -4.0915E-04 -2.5605E-05
  2.1747E-04 -2.6795E-04 -2.5435E-05
  6.2880E-05 -5.9535E-05 -7.7989E-06
  4.2221E-04 -5.2394E-04 -3.3534E-05
  3.5536E-04 -4.2626E-04 -2.8274E-05
  2.6447E-04 -3.0177E-04 -2.1969E-05
  2.4019E-04 -2.6807E-04 -1.9803E-05
  1.3201E-04 -1.3691E-04 -1.2524E-05
  2.8026E-04 -3.1186E-04 -1.7536E-05
  6.0309E-05 -5.6149E-05 -6.6900E-06
  1.6209E-04 -1.6716E-04 -1.2034E-05
  1.9602E-05 -1.6272E-05 -3.8786E-06
  4.8665E-04  6.1846E-04 -3.3168E-05
  4.1896E-04  5.1451E-04 -2.7130E-05
  3.3926E-04  4.0016E-04 -2.1401E-05
  2.3008E-04  2.5613E-04 -1.6255E-05
  1.3661E-04  1.4355E-04 -1.1593E-05
  6.4392E-05  6.2974E-05 -7.4156E-06
  1.3963E-04 -1.4700E-04 -1.4130E-05
  6.6395E-05 -6.5673E-05 -9.1092E-06
  7.0930E-05 -7.2890E-05 -1.0141E-05
  6.9626E-05 -7.0344E-05 -9.7049E-06
  1.4860E-04 -1.6225E-04 -1.6477E-05
  1.4709E-04 -1.5886E-04 -1.5794E-05
  1.4802E-04 -1.5830E-04 -1.5222E-05
  2.4230E-04 -2.7531E-04 -2.1540E-05
  6.1741E-05  6.2061E-05 -8.2341E-06
  6.1447E-05  6.0624E-05 -7.7325E-06
  3.0641E-04  3.5732E-04 -2.1233E-05
  2.0882E-04  2.3130E-04 -1.6296E-05
  1.2652E-04  1.3332E-04 -1.1866E-05
  5.7127E-05 -5.4460E-05 -8.0982E-06
  1.2830E-04  1.3841E-04 -1.3661E-05
  1.2335E-04  1.3111E-04 -1.2527E-05
  4.3467E-04  5.4384E-04 -3.1990E-05
  3.7528E-04  4.5475E-04 -2.6499E-05
  2.7707E-04  3.2048E-04 -2.0983E-05
  1.9529E-04  2.1606E-04 -1.6562E-05
  3.7922E-04  4.6573E-04 -3.0098E-05
  3.3279E-04  3.9738E-04 -2.5483E-05
  2.4190E-04 -2.7987E-04 -2.3300E-05
  2.3835E-04 -2.7263E-04 -2.2209E-05
  3.2045E-04 -3.7988E-04 -2.6965E-05
  3.1531E-04  3.7841E-04 -2.7171E-05
  3.4937E-04 -4.2347E-04 -2.9937E-05
  2.1380E-04  2.4336E-04 -1.9911E-05
  2.8040E-04  3.2852E-04 -2.3422E-05
  2.5517E-04  2.9311E-04 -2.0745E-05
  1.9675E-04  2.1960E-04 -1.7675E-05
  3.2614E-04 -3.9386E-04 -2.9480E-05
