Vector MODE under Modal for nodeset
1218
  -2.3364E-08
 -2.1420E+00  1.9058E+00  2.5522E-02
 -7.4686E+00  7.5426E+00  4.0454E-02
 -1.4871E+01  1.6184E+01  2.2450E-02
 -2.3405E+01  2.7032E+01 -2.6423E-03
 -3.2218E+01  3.9271E+01 -3.2215E-02
 -4.0672E+01  5.2006E+01 -6.2940E-02
 -4.8239E+01  6.4384E+01 -9.4499E-02
 -5.4515E+01  7.5607E+01 -1.2047E-01
 -5.9349E+01  8.4898E+01 -1.4656E-01
 -6.2612E+01  9.1648E+01 -1.6563E-01
 -6.4391E+01  9.5343E+01 -1.7570E-01
 -6.4849E+01  9.5637E+01 -1.7800E-01
 -6.4235E+01  9.2357E+01 -1.7494E-01
 -6.2849E+01  8.5512E+01 -1.6427E-01
 -6.1022E+01  7.5282E+01 -1.4618E-01
 -5.9083E+01  6.2020E+01 -1.2182E-01
 -5.7334E+01  4.6229E+01 -9.2646E-02
 -5.6020E+01  2.8534E+01 -6.0197E-02
 -5.5316E+01  9.6584E+00 -2.4968E-02
 -5.5315E+01 -9.6187E+00  1.2159E-02
 -5.6018E+01 -2.8498E+01  4.9425E-02
 -5.7334E+01 -4.6198E+01  8.4460E-02
 -5.9086E+01 -6.1996E+01  1.1497E-01
 -6.1025E+01 -7.5262E+01  1.3967E-01
 -6.2853E+01 -8.5494E+01  1.5817E-01
 -6.4239E+01 -9.2341E+01  1.6996E-01
 -6.4854E+01 -9.5622E+01  1.7500E-01
 -6.4397E+01 -9.5329E+01  1.7477E-01
 -6.2615E+01 -9.1635E+01  1.6716E-01
 -5.9352E+01 -8.4884E+01  1.5122E-01
 -5.4519E+01 -7.5592E+01  1.2697E-01
 -4.8240E+01 -6.4368E+01  1.0242E-01
 -4.0671E+01 -5.1990E+01  7.2299E-02
 -3.2215E+01 -3.9256E+01  4.2650E-02
 -2.3402E+01 -2.7019E+01  1.4067E-02
 -1.4868E+01 -1.6173E+01 -1.0919E-02
 -7.4702E+00 -7.5324E+00 -3.1951E-02
 -2.1441E+00 -1.9008E+00 -2.3491E-02
  0.0000E+00  0.0000E+00  0.0000E+00
  0.0000E+00  0.0000E+00  0.0000E+00
  0.0000E+00  0.0000E+00  0.0000E+00
  0.0000E+00  0.0000E+00  0.0000E+00
  0.0000E+00  0.0000E+00  0.0000E+00
  0.0000E+00  0.0000E+00  0.0000E+00
  0.0000E+00  0.0000E+00  0.0000E+00
  0.0000E+00  0.0000E+00  0.0000E+00
  0.0000E+00  0.0000E+00  0.0000E+00
  0.0000E+00  0.0000E+00  0.0000E+00
  0.0000E+00  0.0000E+00  0.0000E+00
  0.0000E+00  0.0000E+00  0.0000E+00
  0.0000E+00  0.0000E+00  0.0000E+00
  0.0000E+00  0.0000E+00  0.0000E+00
  0.0000E+00  0.0000E+00  0.0000E+00
  0.0000E+00  0.0000E+00  0.0000E+00
  0.0000E+00  0.0000E+00  0.0000E+00
  0.0000E+00  0.0000E+00  0.0000E+00
  0.0000E+00  0.0000E+00  0.0000E+00
  0.0000E+00  0.0000E+00  0.0000E+00
  0.0000E+00  0.0000E+00  0.0000E+00
  0.0000E+00  0.0000E+00  0.0000E+00
  0.0000E+00  0.0000E+00  0.0000E+00
  0.0000E+00  0.0000E+00  0.0000E+00
  0.0000E+00  0.0000E+00  0.0000E+00
  0.0000E+00  0.0000E+00  0.0000E+00
  0.0000E+00  0.0000E+00  0.0000E+00
  0.0000E+00  0.0000E+00  0.0000E+00
  0.0000E+00  0.0000E+00  0.0000E+00
  0.0000E+00  0.0000E+00  0.0000E+00
  0.0000E+00  0.0000E+00  0.0000E+00
  0.0000E+00  0.0000E+00  0.0000E+00
  0.0000E+00  0.0000E+00  0.0000E+00
  0.0000E+00  0.0000E+00  0.0000E+00
  0.0000E+00  0.0000E+00  0.0000E+00
  0.0000E+00  0.0000E+00  0.0000E+00
  0.0000E+00  0.0000E+00  0.0000E+00
  0.0000E+00  0.0000E+00  0.0000E+00
  0.0000E+00  0.0000E+00  0.0000E+00
  0.0000E+00  0.0000E+00  0.0000E+00
  0.0000E+00  0.0000E+00  0.0000E+00
  0.0000E+00  0.0000E+00  0.0000E+00
  0.0000E+00  0.0000E+00  0.0000E+00
  0.0000E+00  0.0000E+00  0.0000E+00
  0.0000E+00  0.0000E+00  0.0000E+00
  0.0000E+00  0.0000E+00  0.0000E+00
  0.0000E+00  0.0000E+00  0.0000E+00
  0.0000E+00  0.0000E+00  0.0000E+00
 -2.1437E+00  1.9026E+00 -2.5877E-02
 -7.4731E+00  7.5346E+00 -3.4775E-02
 -1.4871E+01  1.6175E+01 -1.3207E-02
 -2.3405E+01  2.7019E+01  1.2736E-02
 -3.2220E+01  3.9256E+01  4.1948E-02
 -4.0678E+01  5.1992E+01  7.2407E-02
 -4.8249E+01  6.4373E+01  1.0366E-01
 -5.4530E+01  7.5598E+01  1.2962E-01
 -5.9363E+01  8.4891E+01  1.5506E-01
 -6.2626E+01  9.1642E+01  1.7110E-01
 -6.4408E+01  9.5334E+01  1.7783E-01
 -6.4863E+01  9.5627E+01  1.7618E-01
 -6.4248E+01  9.2344E+01  1.6825E-01
 -6.2861E+01  8.5494E+01  1.5356E-01
 -6.1035E+01  7.5261E+01  1.3304E-01
 -5.9097E+01  6.1995E+01  1.0799E-01
 -5.7347E+01  4.6196E+01  7.8943E-02
 -5.6033E+01  2.8492E+01  4.6303E-02
 -5.5330E+01  9.6076E+00  1.1233E-02
 -5.5331E+01 -9.6752E+00 -2.4234E-02
 -5.6035E+01 -2.8555E+01 -5.8064E-02
 -5.7349E+01 -4.6253E+01 -8.9197E-02
 -5.9099E+01 -6.2048E+01 -1.1716E-01
 -6.1037E+01 -7.5311E+01 -1.4039E-01
 -6.2864E+01 -8.5542E+01 -1.5772E-01
 -6.4251E+01 -9.2389E+01 -1.6780E-01
 -6.4865E+01 -9.5668E+01 -1.7046E-01
 -6.4407E+01 -9.5374E+01 -1.6802E-01
 -6.2628E+01 -9.1678E+01 -1.5798E-01
 -5.9365E+01 -8.4926E+01 -1.3910E-01
 -5.4530E+01 -7.5633E+01 -1.1337E-01
 -4.8253E+01 -6.4407E+01 -8.7800E-02
 -4.0684E+01 -5.2027E+01 -5.6722E-02
 -3.2228E+01 -3.9288E+01 -2.6564E-02
 -2.3412E+01 -2.7045E+01  2.1289E-03
 -1.4875E+01 -1.6192E+01  2.5929E-02
 -7.4700E+00 -7.5474E+00  4.2498E-02
 -2.1418E+00 -1.9078E+00  2.6262E-02
  0.0000E+00  0.0000E+00  0.0000E+00
  0.0000E+00  0.0000E+00  0.0000E+00
  0.0000E+00  0.0000E+00  0.0000E+00
  0.0000E+00  0.0000E+00  0.0000E+00
 -6.4659E+01 -9.4438E+01  1.5611E-01
 -6.4257E+01 -9.2378E+01  1.3664E-01
 -6.3650E+01 -8.9473E+01  1.1713E-01
 -6.2942E+01 -8.5768E+01  9.8157E-02
 -6.2096E+01 -8.1388E+01  8.0935E-02
 -6.1284E+01 -7.6416E+01  6.5377E-02
 -6.0350E+01 -7.0852E+01  5.2270E-02
 -5.9511E+01 -6.4527E+01  4.0501E-02
 -5.8573E+01 -5.7459E+01  2.9478E-02
 -5.7775E+01 -4.9701E+01  1.9292E-02
 -5.6983E+01 -4.1405E+01  1.0796E-02
 -5.6377E+01 -3.2651E+01  3.7941E-03
 -5.5853E+01 -2.3556E+01 -1.3062E-03
 -5.5529E+01 -1.4196E+01 -4.7006E-03
 -5.5346E+01 -4.6755E+00 -6.2117E-03
 -5.5350E+01  4.9359E+00 -5.8976E-03
 -5.5534E+01  1.4544E+01 -3.7064E-03
 -5.5882E+01  2.4086E+01  5.5727E-04
 -5.6421E+01  3.3479E+01  6.6488E-03
 -5.7105E+01  4.2702E+01  1.4877E-02
 -5.7967E+01  5.1781E+01  2.4668E-02
 -5.9084E+01  6.1271E+01  3.5373E-02
 -5.9572E+01  6.4987E+01  4.7789E-02
 -6.0228E+01  7.0097E+01  6.0990E-02
 -6.1128E+01  7.5532E+01  7.8647E-02
 -6.1984E+01  8.0757E+01  9.9412E-02
 -6.2863E+01  8.5405E+01  1.2154E-01
 -6.3611E+01  8.9302E+01  1.4473E-01
 -5.6627E+01 -3.8591E+01 -6.8717E-02
 -5.6191E+01 -3.0582E+01 -5.0784E-02
 -5.5731E+01 -2.2373E+01 -3.5389E-02
 -5.5486E+01 -1.4154E+01 -2.2998E-02
 -5.5347E+01 -6.3559E+00 -1.3290E-02
 -5.5251E+01  1.0584E+00 -5.4078E-03
 -5.5411E+01  8.7679E+00  7.5309E-04
 -5.5569E+01  1.6988E+01  4.8397E-03
 -5.5951E+01  2.5347E+01  6.4856E-03
 -5.5558E+01  2.0258E+01 -4.1092E-02
 -5.5401E+01  1.1795E+01 -2.4788E-02
 -5.5252E+01  3.2956E+00 -1.1349E-02
 -5.5301E+01 -5.0148E+00 -1.0303E-03
 -5.5461E+01 -1.2705E+01  6.6934E-03
 -5.5607E+01 -1.9827E+01  1.3179E-02
 -5.6035E+01 -2.7043E+01  1.8045E-02
 -5.6475E+01 -3.4612E+01  2.0253E-02
 -5.7058E+01 -4.2249E+01  2.0666E-02
 -6.0125E+01 -6.9709E+01 -1.1783E-01
 -5.9335E+01 -6.3572E+01 -9.7084E-02
 -5.8468E+01 -5.6973E+01 -7.8214E-02
 -5.7766E+01 -4.9947E+01 -6.1866E-02
 -5.7075E+01 -4.2626E+01 -4.7765E-02
 -5.6493E+01 -3.5079E+01 -3.6146E-02
 -5.6057E+01 -2.7335E+01 -2.6253E-02
 -5.5611E+01 -1.9346E+01 -1.8224E-02
 -5.5463E+01 -1.1094E+01 -1.2027E-02
 -5.5299E+01 -2.6274E+00 -7.5284E-03
 -5.5368E+01  5.9729E+00 -4.8892E-03
 -5.8207E+01  5.5220E+01 -9.9211E-02
 -5.7544E+01  4.8006E+01 -7.8948E-02
 -5.6834E+01  4.0455E+01 -6.0896E-02
 -5.6327E+01  3.2623E+01 -4.5615E-02
 -5.5878E+01  2.4650E+01 -3.2704E-02
 -5.5542E+01  1.6620E+01 -2.2180E-02
 -5.5399E+01  8.5675E+00 -1.3460E-02
 -5.5243E+01  4.3929E-01 -6.3163E-03
 -5.5395E+01 -7.8108E+00 -1.0049E-03
 -5.5557E+01 -1.6134E+01  2.3738E-03
 -5.5902E+01 -2.4455E+01  3.9769E-03
 -6.3679E+01 -8.9689E+01 -1.4765E-01
 -6.3031E+01 -8.6282E+01 -1.2762E-01
 -6.2225E+01 -8.2220E+01 -1.0839E-01
 -6.1452E+01 -7.7492E+01 -9.0587E-02
 -6.0566E+01 -7.2183E+01 -7.4371E-02
 -5.9735E+01 -6.6305E+01 -6.0253E-02
 -5.8896E+01 -5.9930E+01 -4.7794E-02
 -5.8089E+01 -5.3088E+01 -3.7325E-02
 -5.7402E+01 -4.5816E+01 -2.8271E-02
 -5.6684E+01 -3.8153E+01 -2.0912E-02
 -5.6232E+01 -3.0134E+01 -1.4962E-02
 -5.5752E+01 -2.1837E+01 -1.0409E-02
 -5.5512E+01 -1.3308E+01 -7.6005E-03
 -6.1961E+01  8.0753E+01  1.2853E-01
 -6.3618E+01 -8.9386E+01  1.4835E-01
 -5.7562E+01 -4.8089E+01 -7.5521E-02
 -5.6491E+01  3.4820E+01  1.5849E-02
 -5.6179E+01  3.0560E+01 -5.3061E-02
 -5.7835E+01 -5.0408E+01  3.1710E-02
 -6.1255E+01 -7.6438E+01 -1.1474E-01
 -5.5561E+01 -1.7177E+01 -2.1532E-02
 -5.5567E+01 -2.0209E+01 -3.9457E-02
 -6.0032E+01  6.8972E+01  1.0797E-01
 -6.1060E+01  7.5257E+01  1.0483E-01
 -6.2026E+01  8.1240E+01 -1.4183E-01
 -6.1227E+01  7.6328E+01 -1.2035E-01
 -6.0311E+01  7.0842E+01 -1.0028E-01
 -5.9511E+01  6.4779E+01 -8.2263E-02
 -5.8651E+01  5.8239E+01 -6.6196E-02
 -5.7898E+01  5.1249E+01 -5.2423E-02
 -5.7204E+01  4.3893E+01 -4.0438E-02
 -5.6562E+01  3.6210E+01 -3.0457E-02
 -5.6114E+01  2.8245E+01 -2.2036E-02
 -5.5640E+01  2.0042E+01 -1.5202E-02
 -5.5476E+01  1.1620E+01 -1.0043E-02
 -5.5311E+01  3.0631E+00 -6.5622E-03
 -5.5362E+01 -5.5720E+00 -4.8313E-03
 -5.5258E+01 -1.8358E+00 -4.9959E-03
 -5.5167E+01  1.0414E+00 -8.2749E-03
 -6.1962E+01 -8.0818E+01  1.3461E-01
 -6.2887E+01 -8.5575E+01  1.2678E-01
 -6.4768E+01 -9.5938E+01 -1.5303E-01
 -6.4869E+01 -9.5750E+01 -1.3724E-01
 -6.4735E+01 -9.4812E+01 -1.2127E-01
 -6.4426E+01 -9.3120E+01 -1.0516E-01
 -6.3912E+01 -9.0701E+01 -8.9588E-02
 -6.3306E+01 -8.7541E+01 -7.5202E-02
 -6.2550E+01 -8.3690E+01 -6.1954E-02
 -6.1749E+01 -7.9152E+01 -5.0223E-02
 -6.0888E+01 -7.3976E+01 -3.9682E-02
 -5.9996E+01 -6.8191E+01 -3.0642E-02
 -5.9161E+01 -6.1837E+01 -2.2636E-02
 -5.8275E+01 -5.4972E+01 -1.5962E-02
 -5.7584E+01 -4.7634E+01 -1.0288E-02
 -5.6843E+01 -3.9911E+01 -5.7033E-03
 -5.6333E+01 -3.1848E+01 -2.8284E-03
 -5.8699E+01 -5.8543E+01 -6.2329E-02
 -5.8224E+01 -5.5278E+01 -9.5156E-02
 -5.5552E+01  1.5714E+01 -3.6843E-04
 -5.7204E+01  4.3770E+01  2.7479E-02
 -5.6012E+01  2.6498E+01  1.5400E-02
 -5.6611E+01  3.8532E+01 -7.1527E-02
 -5.6422E+01 -3.3546E+01  1.1250E-02
 -5.8614E+01 -5.7825E+01  4.3720E-02
 -5.7136E+01 -4.3152E+01  3.2924E-02
 -6.2047E+01 -8.1304E+01 -1.3569E-01
 -5.6159E+01 -2.8951E+01 -2.0774E-02
 -5.9308E+01  6.3438E+01 -1.0167E-01
 -6.2403E+01 -8.3014E+01 -8.3581E-02
 -5.5325E+01 -3.7123E+00 -7.2212E-03
 -5.5389E+01  7.2503E+00 -2.6647E-03
 -6.4673E+01  9.4556E+01 -1.6047E-01
 -6.4321E+01  9.2714E+01 -1.4223E-01
 -6.3771E+01  9.0139E+01 -1.2392E-01
 -6.3148E+01  8.6831E+01 -1.0611E-01
 -6.2361E+01  8.2842E+01 -8.9310E-02
 -6.1571E+01  7.8168E+01 -7.4248E-02
 -6.0690E+01  7.2878E+01 -6.0612E-02
 -5.9829E+01  6.6992E+01 -4.8746E-02
 -5.8985E+01  6.0570E+01 -3.8241E-02
 -5.8145E+01  5.3656E+01 -2.9391E-02
 -5.7451E+01  4.6298E+01 -2.1763E-02
 -5.6710E+01  3.8571E+01 -1.5558E-02
 -5.6255E+01  3.0491E+01 -1.0830E-02
 -5.5772E+01  2.2150E+01 -7.5510E-03
 -5.5518E+01  1.3604E+01 -6.0304E-03
 -5.7032E+01  4.2266E+01 -5.0486E-02
 -5.5958E+01 -2.5540E+01  1.0202E-02
 -6.3684E+01 -9.3892E+01  1.5469E-01
 -6.4390E+01 -9.5325E+01  1.4096E-01
 -6.4774E+01 -9.5905E+01  1.2604E-01
 -6.4861E+01 -9.5621E+01  1.1064E-01
 -6.4685E+01 -9.4474E+01  9.5267E-02
 -6.4300E+01 -9.2475E+01  8.0314E-02
 -6.3709E+01 -8.9653E+01  6.6433E-02
 -6.3012E+01 -8.6009E+01  5.3608E-02
 -6.2144E+01 -8.1567E+01  4.2011E-02
 -6.1282E+01 -7.6319E+01  3.1356E-02
 -6.0274E+01 -7.0325E+01  2.1616E-02
 -5.9399E+01 -6.3610E+01  1.2753E-02
 -5.8422E+01 -5.6273E+01  5.3499E-03
 -5.7652E+01 -4.8335E+01 -1.0267E-03
 -6.1069E+01 -8.8456E+01 -1.3358E-01
 -6.2457E+01 -9.1341E+01 -1.2473E-01
 -6.3506E+01 -9.3555E+01 -1.1432E-01
 -6.4241E+01 -9.5066E+01 -1.0287E-01
 -6.4700E+01 -9.5843E+01 -9.1256E-02
 -6.4878E+01 -9.5877E+01 -7.8883E-02
 -6.4815E+01 -9.5152E+01 -6.6964E-02
 -6.4551E+01 -9.3657E+01 -5.5722E-02
 -6.4085E+01 -9.1407E+01 -4.5150E-02
 -6.3485E+01 -8.8400E+01 -3.5537E-02
 -6.2755E+01 -8.4667E+01 -2.6630E-02
 -6.1933E+01 -8.0227E+01 -1.8689E-02
 -6.1085E+01 -7.5116E+01 -1.1412E-02
 -6.0155E+01 -6.9386E+01 -5.0940E-03
 -5.9329E+01 -6.3080E+01  5.3555E-04
 -5.8194E+01 -5.4148E+01 -2.6397E-02
 -5.7261E+01 -4.4427E+01 -3.7850E-02
 -5.5177E+01 -8.8957E-01 -7.9355E-03
 -5.5410E+01 -1.1606E+01 -2.3579E-02
 -5.8135E+01  5.4305E+01  8.3641E-02
 -5.9131E+01  6.2009E+01  8.4822E-02
 -6.0086E+01  6.9170E+01  8.3010E-02
 -6.0103E+01  6.9626E+01 -1.2303E-01
 -5.5444E+01  1.0336E+01 -1.2063E-02
 -5.5476E+01  1.4150E+01 -2.4026E-02
 -5.5501E+01 -1.8307E+01  2.5826E-02
 -5.5322E+01 -7.6502E+00  5.3766E-03
 -6.0017E+01 -6.8936E+01  1.1510E-01
 -6.1058E+01 -7.5303E+01  1.1179E-01
 -6.2009E+01 -8.0971E+01  1.0585E-01
 -5.7153E+01 -8.0597E+01  1.2725E-01
 -5.9385E+01 -8.5001E+01  1.2321E-01
 -6.1205E+01 -8.8741E+01  1.1587E-01
 -6.2649E+01 -9.1745E+01  1.0659E-01
 -6.3718E+01 -9.3966E+01  9.5991E-02
 -6.4421E+01 -9.5372E+01  8.4604E-02
 -6.4800E+01 -9.5926E+01  7.2882E-02
 -6.4879E+01 -9.5612E+01  6.1306E-02
 -6.4692E+01 -9.4422E+01  5.0022E-02
 -6.4287E+01 -9.2351E+01  3.9287E-02
 -6.3675E+01 -8.9411E+01  2.9011E-02
 -6.2942E+01 -8.5612E+01  1.9407E-02
 -6.2057E+01 -8.0990E+01  1.0342E-02
 -6.1161E+01 -7.5567E+01  2.2220E-03
 -5.6999E+01 -8.0308E+01 -1.1348E-01
 -5.9106E+01 -8.4472E+01 -1.1013E-01
 -6.0866E+01 -8.8064E+01 -1.0375E-01
 -6.2308E+01 -9.1023E+01 -9.5547E-02
 -6.3397E+01 -9.3326E+01 -8.6299E-02
 -6.4176E+01 -9.4928E+01 -7.6122E-02
 -6.4671E+01 -9.5796E+01 -6.5950E-02
 -6.4880E+01 -9.5917E+01 -5.5486E-02
 -6.4842E+01 -9.5272E+01 -4.5478E-02
 -6.4594E+01 -9.3851E+01 -3.6079E-02
 -6.4145E+01 -9.1665E+01 -2.7153E-02
 -6.3547E+01 -8.8717E+01 -1.8951E-02
 -6.2830E+01 -8.5033E+01 -1.1217E-02
 -6.2001E+01 -8.0642E+01 -4.2505E-03
 -6.4342E+01 -9.2770E+01 -1.3517E-01
 -5.6764E+01 -3.9117E+01 -1.3350E-02
 -6.0346E+01 -7.1000E+01 -9.5211E-02
 -5.6604E+01 -3.6842E+01 -2.8505E-02
 -5.6345E+01 -3.2783E+01 -4.3475E-02
 -5.5263E+01 -1.1471E+00 -6.8787E-03
 -5.6553E+01  3.7262E+01  5.5632E-02
 -5.5519E+01  1.8567E+01  2.4491E-02
 -5.5255E+01 -2.9116E+00 -1.0511E-02
 -5.5343E+01  8.1008E+00  5.5491E-03
 -6.0515E+01  7.1924E+01 -7.9300E-02
 -5.5543E+01 -1.5094E+01 -1.4313E-03
 -5.5332E+01  6.0394E+00 -1.3470E-02
 -5.8106E+01 -5.4121E+01  8.9836E-02
 -5.6525E+01 -3.6978E+01  5.9388E-02
 -5.5501E+01 -1.6237E+01  1.5892E-02
 -5.5975E+01 -2.6990E+01  3.6490E-02
 -5.1602E+01 -7.0291E+01  1.0599E-01
 -5.4593E+01 -7.5790E+01  1.0670E-01
 -5.7218E+01 -8.0758E+01  1.0404E-01
 -5.9446E+01 -8.5132E+01  9.8569E-02
 -6.1260E+01 -8.8854E+01  9.1064E-02
 -6.2696E+01 -9.1841E+01  8.2308E-02
 -6.3759E+01 -9.4040E+01  7.2596E-02
 -6.4451E+01 -9.5420E+01  6.2304E-02
 -6.4818E+01 -9.5941E+01  5.1879E-02
 -6.4883E+01 -9.5588E+01  4.1672E-02
 -6.4684E+01 -9.4348E+01  3.1581E-02
 -6.4264E+01 -9.2222E+01  2.1922E-02
 -6.3641E+01 -8.9219E+01  1.2584E-02
 -6.2892E+01 -8.5351E+01  3.8871E-03
 -5.1392E+01 -6.9941E+01 -9.1040E-02
 -5.4216E+01 -7.5109E+01 -9.1764E-02
 -5.6737E+01 -7.9822E+01 -8.9443E-02
 -5.8881E+01 -8.4046E+01 -8.4653E-02
 -6.0690E+01 -8.7703E+01 -7.8154E-02
 -6.2176E+01 -9.0736E+01 -7.0510E-02
 -6.3303E+01 -9.3121E+01 -6.2266E-02
 -6.4121E+01 -9.4802E+01 -5.3345E-02
 -6.4644E+01 -9.5748E+01 -4.4480E-02
 -6.4879E+01 -9.5944E+01 -3.5455E-02
 -6.4862E+01 -9.5367E+01 -2.6770E-02
 -6.4627E+01 -9.4011E+01 -1.8551E-02
 -6.4194E+01 -9.1884E+01 -1.0597E-02
 -6.3600E+01 -8.8992E+01 -3.1880E-03
 -6.3795E+01 -9.0224E+01 -1.1721E-01
 -6.0746E+01 -7.3173E+01 -5.5941E-02
 -5.5805E+01 -2.2713E+01 -6.0317E-03
 -5.9548E+01 -6.4994E+01 -7.7784E-02
 -5.5904E+01 -2.4948E+01 -3.1292E-02
 -5.7362E+01  4.5960E+01  6.1681E-02
 -5.6026E+01  2.7661E+01  3.4923E-02
 -5.9259E+01  6.2772E+01  6.3658E-02
 -5.8192E+01  5.4563E+01  6.4028E-02
 -5.7876E+01  5.0868E+01  3.8577E-02
 -5.8450E+01  5.6640E+01  4.8137E-02
 -5.5587E+01  1.8490E+01  1.1677E-02
 -5.6485E+01  3.4840E+01  2.7286E-02
 -5.7491E+01  4.6999E+01  4.6950E-02
 -5.6917E+01  4.0915E+01  3.5630E-02
 -5.6644E+01  3.7506E+01 -2.2965E-02
 -5.6011E+01  2.6667E+01 -2.7603E-02
 -5.9087E+01 -6.1753E+01  9.1840E-02
 -5.7294E+01 -4.5363E+01  6.6376E-02
 -6.1148E+01 -7.5701E+01  8.6177E-02
 -6.0058E+01 -6.9034E+01  9.0195E-02
 -5.9471E+01 -6.4293E+01  5.5972E-02
 -6.0221E+01 -7.0109E+01  6.9484E-02
 -5.6550E+01 -3.6143E+01  3.1509E-02
 -5.7853E+01 -5.0690E+01  4.6494E-02
 -5.9184E+01 -6.2275E+01  7.0658E-02
 -5.8420E+01 -5.6467E+01  5.6490E-02
 -6.4009E+01 -9.1091E+01 -6.5674E-02
 -6.4690E+01 -9.4594E+01 -1.5313E-01
 -6.3180E+01 -8.6953E+01 -9.9851E-02
 -5.9046E+01 -6.1002E+01 -3.4689E-02
 -5.7943E+01 -5.1652E+01 -4.9187E-02
 -5.6852E+01 -4.0548E+01 -5.8058E-02
 -5.6574E+01  3.7004E+01  4.2297E-02
 -5.6310E+01  3.1425E+01 -5.3389E-03
 -5.6892E+01  4.0417E+01 -1.0798E-03
 -5.7718E+01  4.9030E+01  4.6106E-03
 -5.8548E+01  5.7220E+01  1.2385E-02
 -5.9568E+01  6.4903E+01  2.1232E-02
 -6.0563E+01  7.2050E+01  3.2538E-02
 -6.1646E+01  7.8507E+01  4.3274E-02
 -6.2624E+01  8.4026E+01  5.4944E-02
 -6.3485E+01  8.8405E+01  6.4733E-02
 -6.4157E+01  9.1752E+01  7.9067E-02
 -6.4634E+01  9.4122E+01  9.4695E-02
 -6.4863E+01  9.5510E+01  1.1147E-01
 -6.4809E+01  9.5926E+01  1.2782E-01
 -6.4437E+01  9.5397E+01  1.4378E-01
 -6.3722E+01  9.3953E+01  1.5829E-01
 -6.3004E+01  8.6192E+01 -1.3404E-01
 -5.5713E+01  2.1181E+01 -1.1322E-02
 -5.8433E+01  5.6784E+01 -8.2225E-02
 -5.5592E+01  1.8584E+01 -1.8959E-02
 -5.5721E+01  2.2382E+01 -3.7085E-02
 -5.8100E+01 -5.3699E+01  7.0234E-02
 -6.4693E+01 -9.4469E+01  7.0809E-02
 -6.0998E+01 -7.4607E+01 -2.5094E-02
 -5.7504E+01 -4.6824E+01 -1.9266E-02
 -5.5491E+01 -1.2303E+01 -1.0085E-02
 -5.5532E+01  1.7266E+01  1.6340E-02
 -6.3619E+01  9.3781E+01 -1.5406E-01
 -6.4309E+01  9.5199E+01 -1.4128E-01
 -6.4721E+01  9.5871E+01 -1.2792E-01
 -6.4862E+01  9.5793E+01 -1.1335E-01
 -6.4762E+01  9.4955E+01 -9.8960E-02
 -6.4476E+01  9.3349E+01 -8.4866E-02
 -6.3983E+01  9.0997E+01 -7.1461E-02
 -6.3378E+01  8.7892E+01 -5.9187E-02
 -6.2631E+01  8.4077E+01 -4.7854E-02
 -6.1819E+01  7.9566E+01 -3.7804E-02
 -6.0962E+01  7.4402E+01 -2.8717E-02
 -6.0055E+01  6.8629E+01 -2.0945E-02
 -5.9223E+01  6.2287E+01 -1.4089E-02
 -5.8321E+01  5.5444E+01 -8.4807E-03
 -5.7634E+01  4.8134E+01 -4.1834E-03
 -6.2190E+01  8.2083E+01 -1.1440E-01
 -5.8834E+01  5.9501E+01 -5.1559E-02
 -5.5333E+01  4.0343E+00 -6.3478E-03
 -5.7732E+01  4.9683E+01 -6.5239E-02
 -5.6483E+01 -3.5594E+01  4.4251E-02
 -6.2987E+01 -8.5856E+01  3.5744E-02
 -5.9252E+01 -6.2504E+01 -1.1056E-02
 -5.9881E+01 -6.7355E+01 -4.4634E-02
 -5.6287E+01 -3.1038E+01 -9.0017E-03
 -5.5828E+01  2.3098E+01 -3.7531E-03
 -6.3659E+01  8.9635E+01 -1.5446E-01
 -6.1412E+01  7.7297E+01 -9.6038E-02
 -5.7341E+01  4.5220E+01 -3.0850E-02
 -5.6456E+01  3.4560E+01 -3.8121E-02
 -5.5574E+01 -1.7519E+01  7.0454E-03
 -5.5853E+01 -2.4369E+01  2.3050E-02
 -6.4773E+01 -9.5908E+01  1.5855E-01
 -6.1226E+01 -7.5969E+01  1.6308E-02
 -6.2665E+01 -8.4233E+01 -4.3186E-02
 -5.8341E+01 -5.5659E+01 -5.4875E-03
 -5.5685E+01 -2.0744E+01 -1.4455E-02
 -5.9329E+01  6.3063E+01 -2.4345E-03
 -6.0242E+01  7.0045E+01  5.1630E-03
 -6.1284E+01  7.6295E+01  1.4235E-02
 -6.2183E+01  8.1768E+01  2.4360E-02
 -6.3088E+01  8.6359E+01  3.5623E-02
 -6.3788E+01  9.0036E+01  4.6616E-02
 -6.4374E+01  9.2800E+01  5.7841E-02
 -6.4771E+01  9.4912E+01  6.4476E-02
 -6.4876E+01  9.5913E+01  7.5945E-02
 -6.4570E+01  9.5621E+01  8.7417E-02
 -6.3881E+01  9.4285E+01  9.9633E-02
 -6.2797E+01  9.2050E+01  1.1058E-01
 -6.1333E+01  8.8988E+01  1.1975E-01
 -5.9477E+01  8.5169E+01  1.2709E-01
 -5.7202E+01  8.0681E+01  1.3073E-01
 -5.8239E+01  5.4597E+01 -1.8873E-02
 -5.6192E+01  2.9476E+01 -1.6514E-02
 -5.5378E+01 -6.5719E+00 -3.1263E-03
 -5.6217E+01 -3.0506E+01  2.8345E-02
 -5.7198E+01 -4.3920E+01  4.6053E-02
 -6.4400E+01 -9.5340E+01  1.1070E-01
 -6.3702E+01 -8.9582E+01  4.6600E-02
 -6.0220E+01 -6.9891E+01  7.8161E-03
 -4.4647E+01 -5.8429E+01  8.2263E-02
 -4.8357E+01 -6.4636E+01  8.7321E-02
 -5.1707E+01 -7.0510E+01  8.8841E-02
 -5.4681E+01 -7.5968E+01  8.7282E-02
 -5.7299E+01 -8.0922E+01  8.3315E-02
 -5.9531E+01 -8.5295E+01  7.7288E-02
 -6.1340E+01 -8.9009E+01  6.9723E-02
 -6.2762E+01 -9.1974E+01  6.1475E-02
 -6.3810E+01 -9.4138E+01  5.2409E-02
 -6.4486E+01 -9.5477E+01  4.2808E-02
 -6.4834E+01 -9.5954E+01  3.3271E-02
 -6.4884E+01 -9.5551E+01  2.3855E-02
 -6.4671E+01 -9.4257E+01  1.4474E-02
 -6.4234E+01 -9.2071E+01  5.4980E-03
 -4.4398E+01 -5.8035E+01 -6.6323E-02
 -4.7899E+01 -6.3850E+01 -7.1122E-02
 -5.1070E+01 -6.9416E+01 -7.2684E-02
 -5.3944E+01 -7.4623E+01 -7.1427E-02
 -5.6515E+01 -7.9387E+01 -6.7752E-02
 -5.8692E+01 -8.3671E+01 -6.2643E-02
 -6.0542E+01 -8.7387E+01 -5.6314E-02
 -6.2059E+01 -9.0485E+01 -4.9211E-02
 -6.3220E+01 -9.2936E+01 -4.1732E-02
 -6.4070E+01 -9.4684E+01 -3.3747E-02
 -6.4616E+01 -9.5699E+01 -2.5760E-02
 -6.4873E+01 -9.5959E+01 -1.7606E-02
 -6.4875E+01 -9.5444E+01 -9.6333E-03
 -6.4653E+01 -9.4148E+01 -2.0025E-03
 -6.4732E+01 -9.5891E+01 -1.2054E-01
 -6.1852E+01 -7.9750E+01 -3.3684E-02
 -5.5323E+01  5.5716E+00 -7.1564E-04
 -5.7548E+01  4.7256E+01 -1.2987E-02
 -6.4791E+01  9.5920E+01  1.6052E-01
 -5.8034E+01  5.2566E+01 -4.0472E-02
 -5.5500E+01  1.2675E+01 -8.0641E-03
 -5.7234E+01 -4.4387E+01  5.0639E-02
 -6.4853E+01 -9.5616E+01  1.4147E-01
 -6.4871E+01 -9.5624E+01  8.3974E-02
 -6.4778E+01 -9.5000E+01 -9.2184E-02
 -6.3406E+01 -8.8017E+01 -5.3938E-02
 -6.0084E+01 -6.8849E+01 -1.7681E-02
 -5.5461E+01  1.2205E+01  6.2254E-03
 -5.6020E+01  2.6867E+01  2.3621E-02
 -6.3973E+01  9.0916E+01  6.1529E-02
 -5.9113E+01  6.1484E+01 -2.5870E-02
 -5.6806E+01  3.9531E+01 -8.2135E-03
 -5.5282E+01  1.9353E+00 -6.6098E-03
 -6.4670E+01 -9.4453E+01  1.2396E-01
 -6.2621E+01 -9.1678E+01  1.3493E-01
 -6.2108E+01 -8.1322E+01  2.5575E-02
 -6.4496E+01 -9.3416E+01 -7.8546E-02
 -5.5420E+01 -9.2825E+00 -1.3463E-02
 -5.6022E+01  2.7036E+01  2.5827E-02
 -6.4560E+01  9.3690E+01  7.0808E-02
 -6.4660E+01  9.4389E+01  1.5550E-01
 -5.6914E+01 -4.0656E+01  2.2015E-03
 -6.3692E+01 -9.3917E+01  1.2339E-01
 -6.4303E+01 -9.2452E+01  5.8319E-02
 -3.6615E+01 -4.5736E+01  5.6523E-02
 -4.0825E+01 -5.2289E+01  6.6271E-02
 -4.4788E+01 -5.8696E+01  7.1706E-02
 -4.8450E+01 -6.4817E+01  7.3859E-02
 -5.1786E+01 -7.0652E+01  7.3222E-02
 -5.4785E+01 -7.6157E+01  7.0123E-02
 -5.7425E+01 -8.1165E+01  6.5281E-02
 -5.9658E+01 -8.5538E+01  5.8774E-02
 -6.1445E+01 -8.9218E+01  5.1048E-02
 -6.2839E+01 -9.2135E+01  4.3112E-02
 -6.3866E+01 -9.4248E+01  3.4245E-02
 -6.4521E+01 -9.5537E+01  2.5010E-02
 -6.4850E+01 -9.5963E+01  1.5962E-02
 -6.4882E+01 -9.5505E+01  6.9759E-03
 -3.6332E+01 -4.5321E+01 -3.9710E-02
 -4.0268E+01 -5.1445E+01 -4.9456E-02
 -4.4043E+01 -5.7490E+01 -5.4994E-02
 -4.7599E+01 -6.3351E+01 -5.6898E-02
 -5.0815E+01 -6.8978E+01 -5.6166E-02
 -5.3733E+01 -7.4227E+01 -5.3313E-02
 -5.6325E+01 -7.9025E+01 -4.8932E-02
 -5.8531E+01 -8.3344E+01 -4.3713E-02
 -6.0411E+01 -8.7100E+01 -3.7545E-02
 -6.1951E+01 -9.0253E+01 -3.0800E-02
 -6.3140E+01 -9.2764E+01 -2.3658E-02
 -6.4019E+01 -9.4571E+01 -1.6128E-02
 -6.4586E+01 -9.5647E+01 -8.5752E-03
 -6.4863E+01 -9.5965E+01 -7.6096E-04
 -6.3632E+01 -9.3803E+01 -1.4644E-01
 -6.4874E+01 -9.5821E+01 -1.0623E-01
 -6.1615E+01 -7.8395E+01 -6.9022E-02
 -5.6985E+01  8.0284E+01 -1.2070E-01
 -5.9095E+01  8.4453E+01 -1.1741E-01
 -6.0857E+01  8.8052E+01 -1.1100E-01
 -6.2302E+01  9.1017E+01 -1.0271E-01
 -6.3393E+01  9.3322E+01 -9.3278E-02
 -6.4171E+01  9.4923E+01 -8.2779E-02
 -6.4666E+01  9.5787E+01 -7.2258E-02
 -6.4874E+01  9.5903E+01 -6.1204E-02
 -6.4834E+01  9.5251E+01 -5.0584E-02
 -6.4586E+01  9.3824E+01 -4.0490E-02
 -6.4137E+01  9.1637E+01 -3.0852E-02
 -6.3542E+01  8.8696E+01 -2.2037E-02
 -6.2829E+01  8.5030E+01 -1.3787E-02
 -6.2007E+01  8.0673E+01 -6.5894E-03
 -6.1178E+01  7.5660E+01 -1.1225E-04
 -6.0365E+01  7.0858E+01  1.8506E-02
 -5.9951E+01  6.7870E+01 -3.4336E-02
 -6.4861E+01  9.5573E+01  1.4210E-01
 -6.4319E+01 -9.5217E+01 -1.3374E-01
 -6.2916E+01  8.5461E+01  2.4626E-03
 -6.3672E+01  8.9370E+01  1.2244E-02
 -6.4294E+01  9.2358E+01  2.3041E-02
 -6.4699E+01  9.4417E+01  3.4300E-02
 -6.4885E+01  9.5577E+01  4.5642E-02
 -6.4858E+01  9.5960E+01  5.7521E-02
 -6.4721E+01  9.5861E+01  6.4596E-02
 -6.4026E+01  9.4599E+01  7.6706E-02
 -6.2944E+01  9.2359E+01  8.5890E-02
 -6.1479E+01  8.9291E+01  9.4382E-02
 -5.9625E+01  8.5474E+01  1.0205E-01
 -5.7345E+01  8.1000E+01  1.0733E-01
 -5.4676E+01  7.5932E+01  1.0945E-01
 -5.1642E+01  7.0352E+01  1.0805E-01
 -6.2335E+01  8.2597E+01  4.0040E-02
 -6.4854E+01  9.5371E+01  8.5516E-02
 -5.9683E+01  6.5963E+01 -6.4587E-02
 -6.1174E+01 -8.8653E+01  1.4478E-01
 -6.4536E+01  9.3606E+01 -6.1199E-02
 -5.9437E+01  6.3881E+01  9.2272E-03
 -6.3247E+01  8.7187E+01  5.0382E-02
 -6.4839E+01  9.5937E+01  9.9683E-02
 -6.3883E+01  9.0598E+01 -9.5986E-02
 -6.4235E+01  9.2228E+01  1.3431E-01
 -5.5420E+01 -9.6228E+00  1.6723E-03
 -2.7814E+01 -3.3066E+01  3.1617E-02
 -3.2347E+01 -3.9503E+01  4.5255E-02
 -3.6817E+01 -4.6083E+01  5.4501E-02
 -4.0941E+01 -5.2482E+01  5.9466E-02
 -4.4768E+01 -5.8664E+01  6.1777E-02
 -4.8483E+01 -6.4871E+01  6.1724E-02
 -5.1957E+01 -7.0947E+01  5.9246E-02
 -5.5002E+01 -7.6556E+01  5.4706E-02
 -5.7616E+01 -8.1540E+01  4.9219E-02
 -5.9813E+01 -8.5842E+01  4.2088E-02
 -6.1558E+01 -8.9447E+01  3.4114E-02
 -6.2918E+01 -9.2300E+01  2.6029E-02
 -6.3919E+01 -9.4358E+01  1.7162E-02
 -6.4554E+01 -9.5593E+01  8.1022E-03
 -2.7520E+01 -3.2676E+01 -1.4722E-02
 -3.1733E+01 -3.8622E+01 -2.7940E-02
 -3.5919E+01 -4.4752E+01 -3.7274E-02
 -3.9951E+01 -5.0972E+01 -4.2780E-02
 -4.3809E+01 -5.7110E+01 -4.4666E-02
 -4.7411E+01 -6.3037E+01 -4.3760E-02
 -5.0648E+01 -6.8676E+01 -4.1173E-02
 -5.3568E+01 -7.3907E+01 -3.7333E-02
 -5.6155E+01 -7.8697E+01 -3.2516E-02
 -5.8377E+01 -8.3031E+01 -2.7037E-02
 -6.0285E+01 -8.6828E+01 -2.0706E-02
 -6.1848E+01 -9.0038E+01 -1.3988E-02
 -6.3065E+01 -9.2603E+01 -6.8452E-03
 -6.3969E+01 -9.4463E+01  5.8327E-04
 -5.1378E+01  6.9917E+01 -9.7891E-02
 -5.4203E+01  7.5087E+01 -9.8730E-02
 -5.6726E+01  7.9806E+01 -9.6460E-02
 -5.8873E+01  8.4034E+01 -9.1670E-02
 -6.0683E+01  8.7696E+01 -8.5075E-02
 -6.2171E+01  9.0731E+01 -7.7290E-02
 -6.3298E+01  9.3116E+01 -6.8749E-02
 -6.4116E+01  9.4796E+01 -5.9320E-02
 -6.4639E+01  9.5741E+01 -4.9899E-02
 -6.4874E+01  9.5936E+01 -4.0121E-02
 -6.4859E+01  9.5362E+01 -3.0630E-02
 -6.4626E+01  9.4013E+01 -2.1610E-02
 -6.4198E+01  9.1903E+01 -1.2915E-02
 -6.3610E+01  8.9045E+01 -4.9580E-03
 -6.2737E+01  8.4581E+01 -3.0258E-02
 -6.1706E+01  7.8919E+01 -5.4999E-02
 -6.4653E+01  9.4290E+01  1.2301E-01
 -6.4785E+01 -9.5913E+01  9.7382E-02
 -1.8899E+01 -2.1200E+01  9.6329E-03
 -2.3356E+01 -2.7001E+01  2.6226E-02
 -2.8069E+01 -3.3441E+01  3.9180E-02
 -3.2728E+01 -4.0066E+01  4.7067E-02
 -3.6642E+01 -4.5803E+01  5.0320E-02
 -4.0544E+01 -5.1857E+01  5.2285E-02
 -4.4901E+01 -5.8877E+01  5.2448E-02
 -4.8858E+01 -6.5525E+01  5.0449E-02
 -5.2331E+01 -7.1599E+01  4.6208E-02
 -5.5290E+01 -7.7088E+01  4.0380E-02
 -5.7820E+01 -8.1940E+01  3.4017E-02
 -5.9953E+01 -8.6135E+01  2.6315E-02
 -6.1662E+01 -8.9659E+01  1.8005E-02
 -6.2992E+01 -9.2453E+01  9.5299E-03
 -1.2927E+00 -1.1029E+00 -9.8038E-04
 -6.6191E+00 -6.7225E+00  5.9795E-03
 -1.4459E+01 -1.5711E+01  1.1671E-02
 -6.1755E+01 -8.9846E+01  2.1057E-03
 -6.0070E+01 -8.6377E+01  1.0849E-02
 -5.7989E+01 -8.2270E+01  1.9068E-02
 -5.5545E+01 -7.7561E+01  2.6400E-02
 -5.2706E+01 -7.2286E+01  3.3229E-02
 -4.9394E+01 -6.6466E+01  3.8969E-02
 -4.5624E+01 -6.0067E+01  4.2742E-02
 -4.1327E+01 -5.3071E+01  4.5349E-02
 -3.6393E+01 -4.5411E+01  4.5384E-02
 -3.0395E+01 -3.6640E+01  4.2467E-02
 -2.9179E+01 -3.4958E+01  4.4430E-02
 -2.4116E+01 -2.7990E+01  3.8715E-02
 -1.8904E+01 -2.1219E+01  2.6428E-02
 -6.4251E+01  9.2146E+01  4.7619E-03
 -6.4685E+01  9.4324E+01  1.4838E-02
 -6.4891E+01  9.5584E+01  2.5260E-02
 -6.4843E+01  9.5969E+01  3.5504E-02
 -6.4540E+01  9.5577E+01  4.4894E-02
 -6.4000E+01  9.4541E+01  5.1027E-02
 -6.3079E+01  9.2651E+01  6.1730E-02
 -6.1649E+01  8.9643E+01  7.1338E-02
 -5.9802E+01  8.5824E+01  7.9428E-02
 -5.7512E+01  8.1338E+01  8.5729E-02
 -5.4844E+01  7.6264E+01  8.9457E-02
 -5.1813E+01  7.0690E+01  9.0691E-02
 -4.8412E+01  6.4726E+01  8.8641E-02
 -4.4672E+01  5.8461E+01  8.2938E-02
 -6.4235E+01  9.5058E+01 -1.1007E-01
 -6.1074E+01  7.5047E+01 -1.4293E-02
 -5.8427E+01  5.6303E+01  1.9333E-03
 -6.4854E+01  9.5718E+01 -1.4466E-01
 -6.0838E+01  7.3699E+01 -4.3896E-02
 -2.2029E+00 -1.9961E+00  1.2345E-02
 -6.9060E+00 -7.0249E+00  3.2173E-02
 -1.4219E+01 -1.5404E+01  3.1537E-02
 -1.8639E+01 -2.0875E+01  7.1791E-03
 -2.2738E+01 -2.6213E+01 -8.9577E-03
 -2.7024E+01 -3.2021E+01 -2.1591E-02
 -3.1396E+01 -3.8145E+01 -2.9947E-02
 -3.5726E+01 -4.4474E+01 -3.4460E-02
 -3.9877E+01 -5.0851E+01 -3.5448E-02
 -4.3767E+01 -5.7029E+01 -3.4104E-02
 -4.7323E+01 -6.2878E+01 -3.1184E-02
 -5.0499E+01 -6.8401E+01 -2.7461E-02
 -5.3389E+01 -7.3560E+01 -2.2741E-02
 -5.5975E+01 -7.8355E+01 -1.7363E-02
 -5.8229E+01 -8.2736E+01 -1.1330E-02
 -6.0173E+01 -8.6590E+01 -4.7144E-03
 -6.4869E+01  9.5855E+01 -8.5414E-02
 -6.4067E+01  9.1342E+01 -4.9996E-02
 -6.0151E+01  6.9348E+01 -7.9475E-03
 -6.1418E+01  7.7117E+01  2.8574E-02
 -6.4718E+01  9.4765E+01 -1.2844E-01
 -6.2508E+01  8.3506E+01 -6.7270E-02
 -6.3607E+01  8.9187E+01  1.1314E-01
 -1.0511E+01 -1.1071E+01 -7.5400E-03
 -1.2034E+00 -1.0231E+00  4.8428E-03
 -6.2922E+00 -6.3610E+00  8.2369E-03
 -1.3967E+01 -1.5117E+01  4.8617E-03
 -4.4388E+01  5.8019E+01 -7.2762E-02
 -4.7890E+01  6.3836E+01 -7.7746E-02
 -5.1063E+01  6.9405E+01 -7.9409E-02
 -5.3937E+01  7.4614E+01 -7.8230E-02
 -5.6508E+01  7.9378E+01 -7.4618E-02
 -5.8685E+01  8.3661E+01 -6.9469E-02
 -6.0534E+01  8.7375E+01 -6.2982E-02
 -6.2050E+01  9.0473E+01 -5.5551E-02
 -6.3212E+01  9.2924E+01 -4.7550E-02
 -6.4062E+01  9.4672E+01 -3.8877E-02
 -6.4610E+01  9.5690E+01 -3.0068E-02
 -6.4869E+01  9.5957E+01 -2.0945E-02
 -6.4876E+01  9.5455E+01 -1.2026E-02
 -6.4659E+01  9.4182E+01 -3.5074E-03
 -6.2448E+01  9.1327E+01 -1.3223E-01
 -6.4802E+01  9.5117E+01 -7.3015E-02
 -6.3467E+01  8.8323E+01 -3.9757E-02
 -6.4754E+01  9.5910E+01 -1.6061E-01
 -6.4404E+01  9.3049E+01 -1.1195E-01
 -6.1318E+01 -7.6567E+01  4.7622E-02
 -3.6981E+00 -3.4758E+00 -1.4792E-02
 -1.0302E+01 -1.0830E+01  2.1485E-02
 -1.0309E+01 -1.0853E+01  2.1615E-02
 -6.4887E+01  9.5532E+01  6.2975E-03
 -6.4849E+01  9.5970E+01  1.5995E-02
 -6.4522E+01  9.5541E+01  2.5404E-02
 -6.3899E+01  9.4317E+01  3.3934E-02
 -6.2955E+01  9.2380E+01  4.1162E-02
 -6.1669E+01  8.9681E+01  4.9491E-02
 -5.9929E+01  8.6093E+01  5.8118E-02
 -5.7679E+01  8.1668E+01  6.5505E-02
 -5.5014E+01  7.6581E+01  7.0811E-02
 -5.1979E+01  7.0987E+01  7.4098E-02
 -4.8575E+01  6.5032E+01  7.4588E-02
 -4.4847E+01  5.8789E+01  7.2024E-02
 -4.0851E+01  5.2325E+01  6.6226E-02
 -3.6631E+01  4.5756E+01  5.6182E-02
 -6.3500E+01  9.3547E+01 -1.2171E-01
 -5.6364E+01  3.2398E+01  2.0958E-04
 -5.8501E+01 -5.6882E+01  1.6790E-02
 -1.7258E+00 -1.5376E+00  3.6771E-03
 -6.3001E+00 -6.3303E+00  1.5918E-02
 -1.3247E+01 -1.4204E+01  2.4737E-02
 -2.1770E+01 -2.4920E+01  3.6127E-02
 -1.1508E+00 -9.7372E-01 -2.0578E-03
 -6.0453E+00 -6.0843E+00 -1.4543E-02
 -1.3570E+01 -1.4631E+01 -1.4716E-02
 -2.2330E+01 -2.5691E+01 -2.0108E-02
 -6.1057E+01  8.8435E+01 -1.4110E-01
 -6.4693E+01  9.5830E+01 -9.8234E-02
 -6.1919E+01  8.0146E+01 -2.1898E-02
 -6.3687E+01 -8.9594E+01  8.9708E-02
 -5.7716E+01 -4.9023E+01  8.6644E-03
 -3.6263E+00 -3.4016E+00  1.7922E-02
 -2.6847E+01 -3.1777E+01 -2.6714E-02
 -3.1498E+01 -3.8285E+01 -2.9580E-02
 -3.5982E+01 -4.4831E+01 -2.9009E-02
 -4.0049E+01 -5.1099E+01 -2.6410E-02
 -4.3751E+01 -5.6985E+01 -2.2934E-02
 -4.7146E+01 -6.2574E+01 -1.8798E-02
 -5.0268E+01 -6.7987E+01 -1.4058E-02
 -5.3193E+01 -7.3187E+01 -8.4228E-03
 -5.5826E+01 -7.8077E+01 -2.4457E-03
 -5.8114E+01 -8.2512E+01  4.0380E-03
 -3.6057E+00 -3.3820E+00  2.1169E-02
 -3.6332E+01  4.5319E+01 -4.5693E-02
 -4.0274E+01  5.1454E+01 -5.5677E-02
 -4.4053E+01  5.7508E+01 -6.1408E-02
 -4.7610E+01  6.3370E+01 -6.3450E-02
 -5.0820E+01  6.8988E+01 -6.2837E-02
 -5.3728E+01  7.4222E+01 -6.0096E-02
 -5.6312E+01  7.9005E+01 -5.5764E-02
 -5.8515E+01  8.3316E+01 -5.0416E-02
 -6.0395E+01  8.7070E+01 -4.3884E-02
 -6.1934E+01  9.0224E+01 -3.6539E-02
 -6.3125E+01  9.2736E+01 -2.8606E-02
 -6.4007E+01  9.4548E+01 -2.0140E-02
 -6.4578E+01  9.5634E+01 -1.1473E-02
 -6.4860E+01  9.5968E+01 -2.5513E-03
 -6.4217E+01  9.2083E+01  1.0414E-01
 -6.2152E+01 -8.1657E+01  6.0099E-02
 -1.9618E+00 -1.7627E+00 -1.1736E-02
 -6.2273E+00 -6.2690E+00 -3.2647E-02
 -1.2859E+01 -1.3747E+01 -2.7027E-02
 -2.2492E+01 -2.5887E+01 -2.7083E-02
 -6.4545E+01  9.5578E+01  6.8148E-03
 -6.3907E+01  9.4332E+01  1.5906E-02
 -6.2918E+01  9.2299E+01  2.4261E-02
 -6.1602E+01  8.9537E+01  3.1937E-02
 -5.9923E+01  8.6074E+01  3.9439E-02
 -5.7783E+01  8.1870E+01  4.6963E-02
 -5.5177E+01  7.6883E+01  5.3349E-02
 -5.2129E+01  7.1250E+01  5.8389E-02
 -4.8688E+01  6.5231E+01  6.1139E-02
 -4.4960E+01  5.8980E+01  6.1259E-02
 -4.1002E+01  5.2576E+01  5.8723E-02
 -3.6811E+01  4.6071E+01  5.3451E-02
 -3.2375E+01  3.9541E+01  4.4366E-02
 -2.7851E+01  3.3115E+01  3.0699E-02
 -6.4489E+01  9.5484E+01  1.1353E-01
 -6.3273E+01  8.7400E+01 -8.1034E-02
 -5.9466E+01 -6.4138E+01  2.5984E-02
 -3.2759E+00 -3.0551E+00 -1.8953E-02
 -3.1280E+00 -2.9114E+00 -1.1894E-03
 -2.7532E+01  3.2690E+01 -2.0029E-02
 -3.1761E+01  3.8662E+01 -3.3688E-02
 -3.5964E+01  4.4817E+01 -4.3339E-02
 -4.0002E+01  5.1051E+01 -4.9005E-02
 -4.3848E+01  5.7176E+01 -5.1032E-02
 -4.7422E+01  6.3056E+01 -5.0328E-02
 -5.0626E+01  6.8639E+01 -4.7997E-02
 -5.3529E+01  7.3836E+01 -4.4228E-02
 -5.6111E+01  7.8620E+01 -3.9281E-02
 -5.8336E+01  8.2956E+01 -3.3426E-02
 -6.0249E+01  8.6755E+01 -2.6508E-02
 -6.1815E+01  8.9971E+01 -1.8856E-02
 -6.3038E+01  9.2549E+01 -1.0656E-02
 -6.3952E+01  9.4427E+01 -2.0720E-03
 -6.3786E+01  9.4092E+01  1.2710E-01
 -6.4280E+01 -9.2429E+01  1.0648E-01
 -2.7607E+01 -3.2802E+01 -2.6882E-02
 -3.2235E+01 -3.9340E+01 -2.4062E-02
 -3.6337E+01 -4.5332E+01 -2.0044E-02
 -3.9974E+01 -5.0969E+01 -1.5745E-02
 -4.3434E+01 -5.6452E+01 -1.0948E-02
 -4.6821E+01 -6.2033E+01 -5.8019E-03
 -5.0086E+01 -6.7669E+01 -9.3235E-05
 -5.3095E+01 -7.3008E+01  5.9527E-03
 -5.5722E+01 -7.7886E+01  1.2191E-02
 -9.4498E+00 -9.8767E+00 -2.3373E-02
 -9.6419E+00 -1.0100E+01 -3.9228E-03
 -2.3484E+01  2.7166E+01  2.5380E-02
 -1.4700E+01  1.6007E+01  9.8826E-03
 -6.8006E+00  6.9220E+00  2.5276E-03
 -1.3302E+00  1.1400E+00 -2.8155E-03
 -6.2697E+01  9.1826E+01  1.3900E-01
 -6.2869E+01  8.5351E+01  9.2762E-02
 -6.2999E+01 -8.5985E+01  7.4023E-02
 -1.5304E+00 -1.3476E+00 -4.2374E-03
 -5.5137E+00 -5.4555E+00 -1.7095E-02
 -1.1482E+01 -1.2138E+01 -1.9653E-02
 -1.9125E+01 -2.1491E+01 -2.7244E-02
 -1.8020E+01 -2.0092E+01 -9.4524E-03
 -6.2962E+01  9.2387E+01  6.9609E-03
 -6.1621E+01  8.9572E+01  1.5413E-02
 -5.9923E+01  8.6068E+01  2.3270E-02
 -5.7827E+01  8.1954E+01  3.0627E-02
 -5.5345E+01  7.7191E+01  3.7344E-02
 -5.2383E+01  7.1693E+01  4.3339E-02
 -4.8853E+01  6.5518E+01  4.7880E-02
 -4.4985E+01  5.9018E+01  5.0411E-02
 -4.0978E+01  5.2534E+01  5.0708E-02
 -3.6842E+01  4.6117E+01  4.8736E-02
 -3.2548E+01  3.9802E+01  4.4532E-02
 -2.8081E+01  3.3457E+01  3.7509E-02
 -1.8977E+01  2.1300E+01  8.2124E-03
 -6.2094E+01  8.1203E+01  8.7007E-03
 -6.1223E+01  8.8739E+01  1.4885E-01
 -6.0338E+01 -7.0740E+01  3.6465E-02
 -1.5684E+00 -1.3813E+00  3.3600E-03
 -5.3322E+00 -5.2447E+00  7.1344E-03
 -1.0793E+01 -1.1351E+01  8.6080E-03
 -1.8159E+01 -2.0223E+01  2.3368E-02
 -2.6982E+01 -3.1920E+01  3.5415E-02
 -5.2972E+01 -7.2782E+01  1.9884E-02
 -4.9831E+01 -6.7232E+01  2.6590E-02
 -4.6302E+01 -6.1186E+01  3.2154E-02
 -4.2327E+01 -5.4633E+01  3.6569E-02
 -3.7802E+01 -4.7602E+01  3.8998E-02
 -3.2723E+01 -4.0044E+01  3.8531E-02
 -6.0144E+00 -6.0185E+00 -2.4034E-02
 -6.1701E+01  8.9736E+01 -1.5851E-03
 -5.9982E+01  8.6191E+01  7.0246E-03
 -5.7862E+01  8.2019E+01  1.5092E-02
 -5.5413E+01  7.7314E+01  2.2543E-02
 -5.2639E+01  7.2161E+01  2.9256E-02
 -4.9373E+01  6.6431E+01  3.4910E-02
 -4.5454E+01  5.9789E+01  3.8743E-02
 -4.0864E+01  5.2354E+01  4.1609E-02
 -3.6577E+01  4.5697E+01  4.2443E-02
 -3.2292E+01  3.9419E+01  4.1987E-02
 -2.8040E+01  3.3389E+01  3.9287E-02
 -2.3933E+01  2.7748E+01  3.5886E-02
 -1.9265E+01  2.1687E+01  2.6189E-02
 -6.3588E+01  8.9006E+01  8.5993E-02
 -1.6334E+00 -1.4453E+00  3.0411E-03
 -5.4777E+00 -5.4061E+00  2.0247E-03
 -1.1988E+01 -1.2697E+01  8.0555E-03
 -2.0624E+01 -2.3428E+01  2.2171E-02
 -2.9274E+01 -3.5084E+01  3.2799E-02
 -5.0070E+01 -6.7646E+01  1.3551E-02
 -4.6770E+01 -6.1958E+01  2.0304E-02
 -4.3071E+01 -5.5864E+01  2.6219E-02
 -3.8910E+01 -4.9327E+01  3.0558E-02
 -3.4305E+01 -4.2363E+01  3.2891E-02
 -1.7708E+01 -1.9703E+01 -2.1780E-02
 -1.5538E+01  1.7025E+01  3.1647E-02
 -7.8103E+00  8.0296E+00  2.6873E-02
 -2.1593E+00  1.9423E+00  1.3310E-02
 -1.0609E+01  1.1180E+01 -1.0244E-02
 -4.6841E+01 -6.2070E+01  7.6467E-03
 -4.3463E+01 -5.6509E+01  1.4653E-02
 -3.9736E+01 -5.0608E+01  2.0422E-02
 -3.5536E+01 -4.4166E+01  2.5248E-02
 -3.0891E+01 -3.7374E+01  2.7613E-02
 -2.5885E+01 -3.0414E+01  2.6555E-02
 -1.6629E+00 -1.4768E+00 -6.6197E-03
 -1.8657E+01  2.0896E+01  2.9183E-03
 -2.2786E+01  2.6274E+01 -1.3937E-02
 -2.7106E+01  3.2134E+01 -2.7148E-02
 -3.1506E+01  3.8307E+01 -3.5923E-02
 -3.5841E+01  4.4641E+01 -4.0558E-02
 -3.9934E+01  5.0940E+01 -4.1652E-02
 -4.3728E+01  5.6964E+01 -4.0521E-02
 -4.7210E+01  6.2693E+01 -3.7933E-02
 -5.0374E+01  6.8185E+01 -3.4359E-02
 -5.3282E+01  7.3364E+01 -2.9549E-02
 -5.5879E+01  7.8180E+01 -2.3793E-02
 -5.8143E+01  8.2571E+01 -1.7139E-02
 -6.0101E+01  8.6440E+01 -9.6594E-03
 -1.0857E+01  1.1454E+01  1.7114E-02
 -6.2998E+01  8.5882E+01  1.9047E-02
 -5.7823E+01  5.0185E+01  1.3708E-02
 -6.7970E+00 -6.8917E+00  2.3696E-02
 -1.5641E+01 -1.7123E+01  1.4545E-02
 -1.6834E+00 -1.4963E+00 -5.0873E-03
 -6.8046E+00 -6.8889E+00  1.5325E-03
 -1.1139E+01 -1.1743E+01 -6.3654E-04
 -1.7666E+01 -1.9613E+01  1.5896E-02
 -1.4662E+00 -1.2845E+00 -3.4156E-03
 -1.4769E+00 -1.2948E+00 -3.1674E-03
 -1.5499E+00 -1.3670E+00 -2.4132E-03
 -1.6340E+00 -1.4515E+00  3.4147E-04
 -1.5089E+00 -1.3209E+00  6.5848E-03
 -1.4429E+00 -1.2557E+00 -4.6615E-03
 -2.7540E+01 -3.2702E+01  2.2516E-02
 -1.9473E+01 -2.1943E+01  1.6706E-02
 -1.1710E+01 -1.2393E+01  7.3344E-03
 -5.3405E+00 -5.2652E+00  4.0065E-03
 -5.7968E+01  8.2226E+01 -9.2881E-04
 -5.5469E+01  7.7416E+01  7.2459E-03
 -5.2638E+01  7.2155E+01  1.4876E-02
 -4.9504E+01  6.6659E+01  2.1785E-02
 -4.6265E+01  6.1128E+01  2.7533E-02
 -4.2354E+01  5.4678E+01  3.1750E-02
 -3.7129E+01  4.6556E+01  3.4440E-02
 -3.0463E+01  3.6738E+01  3.4064E-02
 -2.8544E+01  3.4074E+01  3.8354E-02
 -2.2137E+01  2.5394E+01  3.5190E-02
 -2.0306E+01  2.3018E+01  3.7403E-02
 -3.7421E+00  3.5241E+00 -1.7394E-02
 -6.2028E+01  8.0906E+01  7.4247E-02
 -5.7320E+00 -5.6939E+00  1.1862E-02
 -2.3853E+01 -2.7624E+01  2.9339E-02
 -4.3090E+01 -5.5886E+01  2.1649E-03
 -3.9754E+01 -5.0631E+01  9.5748E-03
 -3.6464E+01 -4.5527E+01  1.5568E-02
 -3.2239E+01 -3.9345E+01  2.0494E-02
 -1.2546E+01  1.3346E+01  3.4711E-02
 -6.1727E+00  6.1905E+00  2.2898E-02
 -1.7566E+00  1.5726E+00  8.9823E-03
 -3.8199E+00  3.6101E+00  1.3752E-02
 -5.6991E+01  4.1466E+01  6.2553E-03
 -2.0264E+01 -2.2959E+01  3.0232E-02
 -9.5465E+00 -9.9435E+00  6.0425E-03
 -3.9281E+01 -4.9890E+01 -3.4072E-03
 -3.4355E+01 -4.2428E+01  5.1690E-03
 -2.7336E+01 -3.2413E+01  1.1724E-02
 -2.1783E+01 -2.4942E+01  1.5355E-02
 -1.6591E+01 -1.8303E+01  1.4640E-02
 -1.4628E+01 -1.5900E+01  9.7442E-03
 -5.5499E+00  5.4913E+00  3.1186E-02
 -1.8901E+00 -1.6983E+00  6.8860E-03
 -5.8843E+00 -5.8600E+00 -1.1163E-03
 -9.3066E+00 -9.6849E+00  1.4513E-03
 -4.3656E+00 -4.1755E+00 -1.6862E-03
 -2.4462E+01 -2.8459E+01  1.9081E-02
 -1.4015E+01  1.5175E+01  1.1677E-03
 -6.3124E+00  6.3826E+00  6.0722E-03
 -1.2057E+00  1.0247E+00  4.3262E-03
 -2.1069E+01  2.4006E+01  2.9258E-02
 -1.2783E+01  1.3642E+01  1.6402E-02
 -6.0475E+00  6.0545E+00  7.6933E-03
 -1.6452E+00  1.4641E+00 -4.8981E-04
 -1.7530E+00  1.5596E+00  1.3555E-02
 -6.2846E+01  8.5157E+01  6.9834E-02
 -1.5887E+00 -1.4017E+00  2.6681E-03
 -2.2501E+01  2.5912E+01 -2.5640E-02
 -1.3719E+01  1.4814E+01 -1.9289E-02
 -6.1235E+00  6.1712E+00 -1.7714E-02
 -1.1650E+00  9.8640E-01 -2.7605E-03
 -5.5642E+01  7.7736E+01 -8.3179E-03
 -5.2997E+01  7.2826E+01 -1.4934E-02
 -5.0042E+01  6.7597E+01 -2.0760E-02
 -4.6860E+01  6.2105E+01 -2.5484E-02
 -4.3417E+01  5.6435E+01 -2.9461E-02
 -3.9785E+01  5.0691E+01 -3.2730E-02
 -3.5967E+01  4.4808E+01 -3.4907E-02
 -3.1682E+01  3.8553E+01 -3.5576E-02
 -2.7061E+01  3.2072E+01 -3.2729E-02
 -2.0599E+00  1.8578E+00 -1.3908E-02
 -6.4627E+00  6.5293E+00 -3.5963E-02
 -1.3326E+01  1.4314E+01 -3.3693E-02
 -2.2885E+01  2.6396E+01 -3.3600E-02
 -6.2627E+00  6.2944E+00  1.4211E-02
 -6.1254E+01  7.6175E+01  5.7169E-02
 -2.2595E+01 -2.6000E+01  2.1572E-02
 -1.7996E+01  2.0054E+01 -2.7826E-02
 -1.7277E+00  1.5461E+00  3.9764E-03
 -6.4320E+01  9.2501E+01  4.2217E-02
 -6.1995E+01  8.0606E+01  5.5694E-02
 -1.2061E+01 -1.2784E+01  1.5774E-02
 -1.3958E+01 -1.5077E+01  1.0325E-02
 -6.2446E+00 -6.2719E+00  7.7012E-04
 -3.1521E+00  2.9348E+00 -2.6659E-03
 -5.2751E+01  7.2364E+01 -7.0717E-05
 -4.9700E+01  6.6997E+01 -6.7154E-03
 -4.6428E+01  6.1389E+01 -1.2486E-02
 -4.2961E+01  5.5675E+01 -1.7445E-02
 -3.9316E+01  4.9950E+01 -2.1884E-02
 -3.5473E+01  4.4071E+01 -2.5712E-02
 -3.1822E+01  3.8733E+01 -2.9805E-02
 -2.7877E+01  3.3173E+01 -3.3205E-02
 -1.6959E+00  1.5111E+00 -5.2745E-03
 -6.0686E+00  6.0720E+00 -1.8673E-02
 -1.2427E+01  1.3204E+01 -2.5989E-02
 -1.9907E+01  2.2503E+01 -3.2796E-02
 -6.4689E+01  9.4392E+01  5.4430E-02
 -5.9805E+01  6.6747E+01  3.4345E-02
 -1.7502E+00 -1.5627E+00  1.3435E-03
 -1.0324E+01  1.0867E+01  1.8874E-02
 -2.7818E+01  3.3077E+01  2.6261E-02
 -1.8744E+01  2.0992E+01  1.5114E-02
 -1.0906E+01  1.1493E+01 -1.2972E-03
 -5.1016E+00  5.0046E+00 -3.6951E-03
 -1.4932E+00  1.3082E+00 -5.5190E-03
 -6.3949E+00  6.4409E+00 -2.5905E-02
 -3.3647E+00  3.1423E+00 -2.1762E-02
 -6.0979E+01  7.4494E+01  4.7379E-02
 -3.3499E+01 -4.1182E+01  1.1817E-02
 -2.9330E+01 -3.5167E+01  1.6985E-02
 -3.4470E+01  4.2605E+01  2.7041E-02
 -3.9888E+01  5.0848E+01  2.5534E-02
 -4.2386E+01  5.4732E+01  2.0627E-02
 -4.5939E+01  6.0588E+01  1.4544E-02
 -4.9473E+01  6.6602E+01  7.5287E-03
 -2.5622E+01  3.0055E+01  1.9407E-02
 -3.3241E+01  4.0809E+01  1.9394E-02
 -3.7867E+01  4.7708E+01  1.3662E-02
 -4.2136E+01  5.4329E+01  7.6984E-03
 -4.6069E+01  6.0799E+01  8.1487E-04
 -1.9910E+00  1.7786E+00  1.0715E-03
 -7.1225E+00  7.2651E+00 -2.0450E-03
 -1.4095E+01  1.5250E+01  1.9037E-03
 -2.2875E+01  2.6365E+01  1.2590E-02
 -4.2479E+01  5.4879E+01 -4.8988E-03
 -3.8210E+01  4.8236E+01  1.8000E-03
 -3.3667E+01  4.1430E+01  7.6969E-03
 -2.8678E+01  3.4270E+01  1.2332E-02
 -9.6640E+00  1.0116E+01 -2.7383E-02
 -6.3725E+01  8.9664E+01  2.9955E-02
 -5.8733E+01  5.8636E+01  2.3430E-02
 -3.6106E+00  3.3854E+00  1.9990E-02
 -3.8675E+01  4.8955E+01 -9.9768E-03
 -3.4198E+01  4.2202E+01 -3.2005E-03
 -2.9655E+01  3.5612E+01  3.0103E-03
 -2.4807E+01  2.8931E+01  7.7786E-03
 -1.9406E+01  2.1855E+01  8.2572E-03
 -5.6164E+00  5.5756E+00  2.7456E-03
 -1.8002E+00  1.6112E+00 -8.6123E-03
 -1.9588E+01 -2.2083E+01  1.0427E-02
 -1.2008E+01 -1.2725E+01  4.1194E-03
 -5.6685E+00 -5.6252E+00  1.8771E-03
 -9.7113E+00  1.0178E+01 -7.1739E-03
 -1.6718E+01  1.8459E+01  7.8306E-03
 -1.5826E+00  1.4001E+00  2.8415E-03
 -5.3033E+00  5.2200E+00  1.8216E-03
 -1.0637E+01  1.1184E+01  2.6259E-03
 -1.6210E+00  1.4389E+00 -2.2938E-03
 -1.5374E+00  1.3572E+00  8.7011E-04
 -1.4297E+00  1.2467E+00  3.4153E-03
 -1.5013E+00  1.3154E+00 -3.9281E-03
 -2.1200E+01  2.4179E+01  4.7967E-03
 -1.3516E+01  1.4529E+01  3.2982E-03
 -6.1166E+00  6.1274E+00  9.2367E-04
 -1.5266E+00  1.3465E+00 -3.7509E-03
 -1.3086E+01  1.4012E+01  2.5052E-02
 -6.4847E+01  9.5385E+01  6.5235E-02
 -6.0557E+01  7.1980E+01  4.5920E-02
 -1.6412E+01  1.8075E+01  4.8369E-03
 -9.3886E+00  9.7865E+00 -6.4814E-03
 -3.4897E+01  4.3222E+01 -1.4284E-02
 -3.0007E+01  3.6094E+01 -6.8884E-03
 -2.5478E+01  2.9846E+01 -9.9077E-04
 -1.8115E+01  2.0215E+01 -1.4168E-02
 -4.8689E+00  4.7420E+00  1.1677E-02
 -3.1194E+01  3.7804E+01 -1.9011E-02
 -2.6430E+01  3.1156E+01 -1.1567E-02
 -1.9912E+01  2.2499E+01 -5.0453E-03
 -1.8044E+01  2.0070E+01  5.7209E-03
 -1.0092E+01  1.0567E+01 -2.2929E-03
 -2.0296E+01  2.3006E+01  2.2237E-02
 -4.6318E+00  4.4807E+00 -1.4328E-02
 -1.2017E+01  1.2745E+01  6.9580E-03
 -1.5420E+00  1.3547E+00  5.4586E-03
 -3.5885E+01 -4.4662E+01 -8.4431E-03
 -3.1170E+01 -3.7767E+01 -1.0440E-03
 -2.5561E+01 -2.9960E+01  5.4992E-03
 -1.7778E+01 -1.9745E+01  4.8724E-03
 -1.0847E+01 -1.1415E+01 -2.1533E-03
 -5.2668E+00 -5.1785E+00 -1.2987E-03
 -1.0796E+01  1.1358E+01  5.4890E-03
 -5.3150E+00  5.2383E+00 -2.3368E-03
 -5.8259E+00  5.8020E+00 -1.2427E-02
 -5.6429E+00  5.6014E+00 -7.0956E-03
 -1.1863E+01  1.2564E+01 -1.8582E-02
 -1.1617E+01  1.2287E+01 -1.2588E-02
 -1.1552E+01  1.2219E+01 -5.4356E-03
 -1.8524E+01  2.0693E+01 -1.2257E-02
 -5.1664E+00 -5.0672E+00 -1.1133E-02
 -5.0834E+00 -4.9745E+00 -5.7393E-03
 -2.3337E+01 -2.6946E+01 -5.4859E-04
 -1.6299E+01 -1.7925E+01 -2.4465E-03
 -1.0145E+01 -1.0624E+01 -6.7648E-03
 -4.5408E+00  4.3705E+00  3.7112E-03
 -1.0449E+01 -1.0968E+01 -1.4330E-02
 -9.9782E+00 -1.0436E+01 -1.0309E-02
 -3.2479E+01 -3.9682E+01 -1.3843E-02
 -2.8266E+01 -3.3682E+01 -7.3110E-03
 -2.1331E+01 -2.4331E+01 -7.8062E-03
 -1.5380E+01 -1.6793E+01 -9.7503E-03
 -2.8768E+01 -3.4383E+01 -1.9344E-02
 -2.5388E+01 -2.9712E+01 -1.3715E-02
 -1.8842E+01  2.1113E+01 -2.8507E-02
 -1.8412E+01  2.0551E+01 -1.9267E-02
 -2.4169E+01  2.8038E+01 -1.6991E-02
 -2.4379E+01 -2.8338E+01 -2.4137E-02
 -2.6384E+01  3.1097E+01 -2.4322E-02
 -1.6959E+01 -1.8742E+01 -2.2968E-02
 -2.1740E+01 -2.4869E+01 -1.9267E-02
 -1.9824E+01 -2.2370E+01 -1.3977E-02
 -1.5577E+01 -1.7036E+01 -1.6173E-02
 -2.4951E+01  2.9124E+01 -3.1104E-02
