Scalar STRAINXZ under NLStatic for nodeset
189
   0.0000E+00
  2.7258E+00
 -3.2609E+00
  2.7258E+00
 -7.4945E-10
  5.6383E-10
 -7.5028E-10
 -2.7258E+00
  3.2609E+00
 -2.7258E+00
 -3.2488E-01
 -1.8371E+00
 -3.2488E-01
 -1.2275E-09
 -6.8529E-10
 -1.2275E-09
  3.2488E-01
  1.8371E+00
  3.2488E-01
  6.2331E-01
  5.1357E+00
  6.2331E-01
  4.2032E-09
 -1.3018E-09
  4.2048E-09
 -6.2331E-01
 -5.1357E+00
 -6.2331E-01
  2.2314E+00
 -5.7351E+00
  2.2314E+00
  3.6337E-09
  6.2857E-10
  3.6362E-09
 -2.2314E+00
  5.7351E+00
 -2.2314E+00
  1.1835E+01
  4.2490E+00
  1.1835E+01
 -1.0560E-09
 -3.9978E-09
 -1.0572E-09
 -1.1835E+01
 -4.2490E+00
 -1.1835E+01
 -1.6858E+01
 -2.0129E-01
 -1.6858E+01
  5.6796E-09
  6.3549E-11
  5.6783E-09
  1.6858E+01
  2.0129E-01
  1.6858E+01
  3.3208E+00
 -5.2820E-01
  3.3208E+00
 -5.6727E-09
  2.3167E-10
 -5.6799E-09
 -3.3208E+00
  5.2820E-01
 -3.3208E+00
  7.8806E+00
 -1.9099E+00
  7.8806E+00
 -1.9392E-09
  1.5336E-09
 -1.9419E-09
 -7.8806E+00
  1.9099E+00
 -7.8806E+00
 -2.8296E+00
  3.2475E+00
 -2.8296E+00
 -3.0866E-09
  1.3159E-10
 -3.0864E-09
  2.8296E+00
 -3.2475E+00
  2.8296E+00
 -6.0376E+00
 -1.4069E+00
 -6.0376E+00
 -1.6445E-09
  3.9215E-10
 -1.6424E-09
  6.0376E+00
  1.4069E+00
  6.0376E+00
  5.2307E+00
 -1.3458E+01
  5.2307E+00
  3.3991E-09
 -3.4508E-10
  3.4086E-09
 -5.2307E+00
  1.3458E+01
 -5.2307E+00
  2.4168E+01
 -9.2295E+00
  2.4168E+01
  5.1330E-10
 -7.0827E-09
  5.1228E-10
 -2.4168E+01
  9.2295E+00
 -2.4168E+01
  5.7790E-01
  1.3150E+01
  5.7790E-01
 -2.0274E-09
 -8.4724E-10
 -2.0276E-09
 -5.7790E-01
 -1.3150E+01
 -5.7790E-01
  2.8883E-01
  8.5630E-01
  2.8883E-01
 -1.6640E-10
 -6.4077E-11
 -1.6629E-10
 -2.8883E-01
 -8.5630E-01
 -2.8883E-01
  1.7585E-01
  8.2406E-01
  1.7585E-01
 -3.0516E-11
 -9.0178E-11
 -3.0431E-11
 -1.7585E-01
 -8.2406E-01
 -1.7585E-01
  1.4079E-02
  1.8702E-01
  1.4079E-02
 -5.2059E-12
 -6.4317E-12
 -5.1604E-12
 -1.4079E-02
 -1.8702E-01
 -1.4079E-02
 -1.1338E-01
 -1.7413E-01
 -1.1338E-01
  1.0013E-11
 -4.8458E-12
  9.9799E-12
  1.1338E-01
  1.7413E-01
  1.1338E-01
 -1.2516E-01
  9.8231E-02
 -1.2516E-01
 -6.9608E-12
  9.8391E-14
 -6.9643E-12
  1.2516E-01
 -9.8231E-02
  1.2516E-01
 -9.0269E-02
  1.6483E-01
 -9.0269E-02
 -6.4724E-12
  2.0253E-12
 -6.4750E-12
  9.0269E-02
 -1.6483E-01
  9.0269E-02
 -2.1760E-02
 -4.6359E-02
 -2.1760E-02
  1.9755E-12
 -8.2802E-13
  1.9652E-12
  2.1760E-02
  4.6359E-02
  2.1760E-02
 -6.3007E-01
 -3.4050E-01
 -6.3007E-01
  5.7138E-13
 -8.9077E-12
  5.2647E-13
  6.3007E-01
  3.4050E-01
  6.3007E-01
