Scalar MT under NLStatic for nodeset
189
   0.0000E+00
  0.0000E+00
  0.0000E+00
  0.0000E+00
  0.0000E+00
  0.0000E+00
  0.0000E+00
  0.0000E+00
  0.0000E+00
  0.0000E+00
  5.5431E-01
  9.5546E-01
  6.5075E-01
  9.7188E-01
  1.1317E+00
  9.9085E-01
  4.8268E-01
  9.7498E-01
  5.6625E-01
  1.6581E+00
  1.7682E+00
  1.5767E+00
  1.7210E+00
  1.7681E+00
  1.6718E+00
  1.5561E+00
  1.5894E+00
  1.4774E+00
  1.7442E+00
  1.8223E+00
  1.7534E+00
  1.6605E+00
  1.8011E+00
  1.7547E+00
  1.5066E+00
  1.6052E+00
  1.6195E+00
  1.6197E+00
  1.8704E+00
  1.6756E+00
  1.6439E+00
  1.9533E+00
  1.8494E+00
  9.1008E-01
  1.6256E+00
  1.5675E+00
  3.5135E+00
  2.9882E+00
  3.0199E+00
  4.0214E+00
  3.1707E+00
  3.1381E+00
  4.7116E+00
  4.0019E+00
  3.5109E+00
  3.5988E+00
  3.9572E+00
  4.1142E+00
  3.4162E+00
  3.6626E+00
  3.7538E+00
  3.6101E+00
  3.2827E+00
  3.2619E+00
  4.6968E+00
  4.8450E+00
  4.9531E+00
  4.6007E+00
  4.6534E+00
  4.6915E+00
  4.4996E+00
  4.4687E+00
  4.4540E+00
  4.8583E+00
  4.9061E+00
  4.9519E+00
  4.7719E+00
  4.7790E+00
  4.8112E+00
  4.7214E+00
  4.6824E+00
  4.6644E+00
  5.9166E+00
  5.9313E+00
  5.9153E+00
  5.8753E+00
  5.9207E+00
  5.8588E+00
  5.8284E+00
  5.8112E+00
  5.7796E+00
  7.0452E+00
  7.0077E+00
  6.9522E+00
  6.9313E+00
  7.0428E+00
  6.9723E+00
  7.0202E+00
  6.9029E+00
  6.9037E+00
  7.3504E+00
  7.2509E+00
  7.3312E+00
  7.2703E+00
  6.9653E+00
  7.2469E+00
  7.3650E+00
  7.2669E+00
  7.3478E+00
  8.8785E+00
  8.9554E+00
  8.8758E+00
  8.9624E+00
  9.0047E+00
  8.9596E+00
  8.8875E+00
  8.9671E+00
  8.8853E+00
  9.0639E+00
  9.0297E+00
  9.0261E+00
  9.1272E+00
  9.0449E+00
  9.0507E+00
  9.1483E+00
  9.1493E+00
  9.0931E+00
  1.0158E+01
  1.0164E+01
  1.0170E+01
  1.0183E+01
  1.0162E+01
  1.0179E+01
  1.0196E+01
  1.0202E+01
  1.0183E+01
  1.1330E+01
  1.1269E+01
  1.1472E+01
  1.1250E+01
  1.1218E+01
  1.1315E+01
  1.1338E+01
  1.1253E+01
  1.1422E+01
  1.1321E+01
  1.1271E+01
  1.1095E+01
  1.1321E+01
  1.1146E+01
  1.1251E+01
  1.1483E+01
  1.1309E+01
  1.1166E+01
  1.0439E+01
  1.0722E+01
  1.0174E+01
  1.0937E+01
  1.0939E+01
  1.0694E+01
  1.0516E+01
  1.0901E+01
  1.0331E+01
  1.0748E+01
  1.0532E+01
  1.1045E+01
  1.0353E+01
  1.0080E+01
  1.0616E+01
  1.0786E+01
  1.0421E+01
  1.0899E+01
  1.0204E+01
  1.0249E+01
  1.0293E+01
  1.0126E+01
  1.0517E+01
  1.0284E+01
  1.0099E+01
  1.0188E+01
  1.0294E+01
  1.1410E+01
  1.3219E+01
  1.1721E+01
  1.2897E+01
  1.4050E+01
  1.3363E+01
  1.1245E+01
  1.3030E+01
  1.1611E+01
