Scalar MT under NLStatic for nodeset
189
   0.0000E+00
  0.0000E+00
  0.0000E+00
  0.0000E+00
  0.0000E+00
  0.0000E+00
  0.0000E+00
  0.0000E+00
  0.0000E+00
  0.0000E+00
  1.1522E+00
  1.1435E+00
  1.1522E+00
  1.1435E+00
  1.1347E+00
  1.1435E+00
  1.1522E+00
  1.1435E+00
  1.1522E+00
  2.3039E+00
  2.3019E+00
  2.3039E+00
  2.3019E+00
  2.2998E+00
  2.3019E+00
  2.3039E+00
  2.3019E+00
  2.3039E+00
  3.4619E+00
  3.4612E+00
  3.4619E+00
  3.4612E+00
  3.4608E+00
  3.4612E+00
  3.4619E+00
  3.4612E+00
  3.4619E+00
  4.6210E+00
  4.6207E+00
  4.6210E+00
  4.6207E+00
  4.6203E+00
  4.6207E+00
  4.6210E+00
  4.6207E+00
  4.6210E+00
  5.7804E+00
  5.7801E+00
  5.7804E+00
  5.7801E+00
  5.7798E+00
  5.7801E+00
  5.7804E+00
  5.7801E+00
  5.7804E+00
  6.9398E+00
  6.9395E+00
  6.9398E+00
  6.9395E+00
  6.9393E+00
  6.9395E+00
  6.9398E+00
  6.9395E+00
  6.9398E+00
  8.0992E+00
  8.0990E+00
  8.0992E+00
  8.0990E+00
  8.0987E+00
  8.0990E+00
  8.0992E+00
  8.0990E+00
  8.0992E+00
  9.2586E+00
  9.2584E+00
  9.2586E+00
  9.2584E+00
  9.2582E+00
  9.2584E+00
  9.2586E+00
  9.2584E+00
  9.2586E+00
  1.0418E+01
  1.0418E+01
  1.0418E+01
  1.0418E+01
  1.0418E+01
  1.0418E+01
  1.0418E+01
  1.0418E+01
  1.0418E+01
  1.1577E+01
  1.1577E+01
  1.1577E+01
  1.1577E+01
  1.1577E+01
  1.1577E+01
  1.1577E+01
  1.1577E+01
  1.1577E+01
  1.2737E+01
  1.2737E+01
  1.2737E+01
  1.2737E+01
  1.2737E+01
  1.2737E+01
  1.2737E+01
  1.2737E+01
  1.2737E+01
  1.3896E+01
  1.3896E+01
  1.3896E+01
  1.3896E+01
  1.3896E+01
  1.3896E+01
  1.3896E+01
  1.3896E+01
  1.3896E+01
  1.5056E+01
  1.5056E+01
  1.5056E+01
  1.5056E+01
  1.5056E+01
  1.5056E+01
  1.5056E+01
  1.5056E+01
  1.5056E+01
  1.6215E+01
  1.6215E+01
  1.6215E+01
  1.6215E+01
  1.6215E+01
  1.6215E+01
  1.6215E+01
  1.6215E+01
  1.6215E+01
  1.7375E+01
  1.7375E+01
  1.7375E+01
  1.7375E+01
  1.7375E+01
  1.7375E+01
  1.7375E+01
  1.7375E+01
  1.7375E+01
  1.8534E+01
  1.8534E+01
  1.8534E+01
  1.8534E+01
  1.8534E+01
  1.8534E+01
  1.8534E+01
  1.8534E+01
  1.8534E+01
  1.9694E+01
  1.9694E+01
  1.9694E+01
  1.9694E+01
  1.9694E+01
  1.9694E+01
  1.9694E+01
  1.9694E+01
  1.9694E+01
  2.0853E+01
  2.0853E+01
  2.0853E+01
  2.0853E+01
  2.0853E+01
  2.0853E+01
  2.0853E+01
  2.0853E+01
  2.0853E+01
  2.2013E+01
  2.2013E+01
  2.2013E+01
  2.2013E+01
  2.2013E+01
  2.2013E+01
  2.2013E+01
  2.2013E+01
  2.2013E+01
  2.3172E+01
  2.3172E+01
  2.3172E+01
  2.3172E+01
  2.3172E+01
  2.3172E+01
  2.3172E+01
  2.3172E+01
  2.3172E+01
