Scalar STRAINXY under NLStatic for nodeset
189
   0.0000E+00
  0.0000E+00
  0.0000E+00
  0.0000E+00
  0.0000E+00
  0.0000E+00
  0.0000E+00
  0.0000E+00
  0.0000E+00
  0.0000E+00
  3.6316E-03
 -4.5726E-08
 -3.6317E-03
  1.8227E-08
 -7.7143E-10
 -3.4252E-08
 -3.6316E-03
  5.1651E-08
  3.6317E-03
 -3.8588E-03
 -8.8231E-09
  3.8587E-03
 -1.3702E-09
 -3.4726E-09
 -3.6615E-08
  3.8588E-03
  3.5040E-08
 -3.8587E-03
 -1.7519E-04
 -1.2579E-08
  1.7518E-04
  5.3252E-09
  4.9217E-10
 -2.3093E-08
  1.7520E-04
  3.3646E-08
 -1.7519E-04
  1.8610E-05
  6.7294E-09
 -1.8605E-05
 -9.7958E-11
  3.9760E-09
 -2.9968E-09
 -1.8606E-05
  1.1624E-08
  1.8616E-05
  4.2768E-06
  1.3857E-08
 -4.2820E-06
 -2.8281E-09
  2.5386E-09
  6.5476E-09
 -4.2618E-06
 -4.8353E-09
  4.2823E-06
  6.8561E-07
 -1.8135E-09
 -7.0492E-07
  2.2571E-09
  1.5575E-09
  7.6229E-09
 -6.6122E-07
  1.2198E-09
  6.9287E-07
  1.6838E-08
  2.6559E-10
 -4.0830E-09
  1.0137E-08
  5.1002E-09
  4.8923E-09
 -1.7855E-08
  1.4274E-09
  1.8142E-08
 -1.6135E-09
 -8.5874E-09
  1.8827E-08
  1.3689E-08
  4.4376E-10
  1.1558E-08
  1.1178E-08
 -6.8543E-09
 -1.0556E-08
  3.2593E-09
 -7.4151E-09
 -1.0613E-08
  8.4518E-09
 -2.3411E-09
  1.6053E-08
  1.8209E-08
 -2.0419E-08
 -8.1498E-09
 -2.4044E-09
 -9.9267E-09
  2.5561E-09
  1.0551E-08
  1.3090E-09
  9.7074E-09
 -4.5638E-09
 -6.5464E-09
  6.7463E-09
 -6.5666E-10
 -4.5791E-09
 -2.4840E-08
  1.2210E-08
  1.4306E-09
  1.6373E-08
  3.7287E-08
 -1.1653E-08
  7.1891E-09
 -3.5245E-09
  1.3514E-08
  3.5608E-08
 -1.2737E-08
  1.5580E-09
 -5.8385E-09
 -4.1156E-08
  4.3559E-09
  1.4281E-09
  3.3350E-09
  5.2443E-09
 -1.0185E-08
 -5.9134E-10
  3.0572E-09
  1.1144E-08
  1.8759E-08
 -6.6394E-09
 -5.8237E-09
 -5.2698E-09
 -1.4269E-08
  1.2792E-08
  8.9291E-09
 -3.7114E-09
  4.0147E-09
  6.2465E-09
  2.0880E-10
 -1.1558E-09
 -4.4449E-09
 -4.2629E-09
  9.8072E-09
  1.3397E-08
  1.2295E-09
  1.3463E-08
  7.3445E-09
 -1.5756E-08
 -3.9416E-09
 -4.5819E-10
 -1.0623E-08
 -1.2975E-08
  1.3894E-08
  2.4150E-09
  1.7880E-08
  1.2913E-08
 -1.5628E-08
  1.9056E-09
  5.4808E-10
 -1.4893E-09
 -1.1160E-08
  2.4984E-09
 -1.4835E-09
  1.3659E-08
 -1.1349E-08
 -2.3267E-08
  1.0697E-08
 -4.8765E-09
 -5.5281E-09
  2.6702E-09
  6.9486E-09
  6.0929E-10
  1.2092E-08
  8.3759E-09
 -1.1899E-08
 -5.3783E-09
  1.4797E-08
 -1.2242E-09
  1.7597E-08
  6.6140E-10
 -1.0438E-12
  8.4534E-09
 -2.6690E-08
 -5.4327E-09
 -7.8393E-10
 -6.6262E-08
 -5.6937E-08
 -1.9562E-07
  4.4000E-08
  2.4427E-09
  3.5601E-08
  2.1210E-07
 -1.8402E-08
  4.8535E-08
