Scalar STRAINXZ under NLStatic for nodeset
189
   0.0000E+00
  6.5229E-02
 -4.8268E-02
  6.7188E-02
  6.6081E-02
  5.6587E-02
  6.5737E-02
  2.0796E-02
  2.0651E-01
  1.8968E-02
  3.3196E-01
  1.9762E-01
  3.1559E-01
  3.1788E-03
  2.7556E-02
  3.2672E-03
 -3.1954E-01
 -9.4149E-02
 -3.0329E-01
  1.7682E-01
 -2.0932E-01
  1.8921E-01
 -2.4367E-02
 -2.4773E-02
 -2.4347E-02
 -2.1907E-01
  3.2860E-02
 -2.3073E-01
 -7.5019E-01
 -9.9240E-01
 -7.4244E-01
 -4.0158E-02
 -7.6667E-02
 -3.9155E-02
  6.8710E-01
  9.2101E-01
  6.7964E-01
  3.7765E-01
  6.6345E-01
  3.6711E-01
 -3.2725E-03
  3.6029E-02
 -4.5920E-03
 -4.0925E-01
 -6.3361E-01
 -3.9905E-01
 -2.8208E-01
 -4.1194E-01
 -2.7988E-01
 -5.1685E-02
 -5.7673E-02
 -5.1282E-02
  1.9735E-01
  3.1972E-01
  1.9365E-01
 -5.9826E-02
 -1.8941E-02
 -5.0815E-02
 -1.9002E-02
 -8.6493E-03
 -1.3152E-02
  1.0141E-02
 -2.4844E-02
  1.0845E-02
  4.0951E-02
  8.7966E-02
  6.2271E-02
  2.2221E-02
  3.7835E-02
  3.3486E-02
  1.2347E-02
  3.5225E-03
  1.5614E-02
  4.3333E-02
  3.0508E-02
  5.1047E-02
  7.0431E-03
  6.3026E-03
  1.0580E-02
 -2.3011E-02
 -1.2462E-02
 -2.2833E-02
 -1.6702E-02
 -3.2047E-02
 -1.7102E-02
 -1.2004E-02
 -1.2415E-02
 -9.2591E-03
 -7.8263E-03
  2.9725E-03
 -1.3932E-03
 -2.3109E-02
 -1.2564E-02
 -1.9059E-02
 -1.5043E-02
 -2.3386E-02
 -1.5505E-02
 -1.2211E-02
 -3.1770E-02
 -1.4161E-02
 -2.3734E-02
 -2.1218E-01
 -2.8049E-02
 -2.5982E-02
 -2.2122E-02
 -2.5661E-02
 -3.0547E-02
  1.6832E-01
 -2.3330E-02
  3.8016E-02
 -1.6150E-02
  7.3409E-02
 -8.7456E-03
 -4.7235E-03
  3.1767E-04
 -3.9981E-02
  7.0883E-03
 -6.0996E-02
  5.1058E-01
  3.5722E-01
  3.2593E-01
  8.7534E-02
  1.6242E-01
  7.7421E-03
 -7.7406E-01
 -1.2452E-01
 -5.8791E-01
 -3.8707E-01
 -2.5917E-01
  2.1768E-01
  4.1698E-01
  4.0081E-01
  3.5355E-01
  1.2487E+00
  9.5696E-01
  5.6420E-01
  4.7498E-02
  1.3157E-01
  1.4339E-01
  6.9827E-02
  3.0635E-02
  5.9632E-02
  4.9243E-01
  1.9000E-01
  1.2868E-01
 -1.1920E-01
 -1.1621E-01
 -7.0476E-02
 -4.3573E-02
 -5.1142E-02
 -4.7671E-02
  2.2136E-02
 -2.7354E-02
  3.6981E-02
  3.0119E-01
  5.7572E-01
  1.7757E-01
  5.2560E-03
 -1.1873E-01
 -1.7435E-01
 -4.2793E-01
 -9.1807E-01
 -7.1554E-01
 -6.2386E-02
 -7.8347E-01
 -3.0267E-01
  1.2683E-01
 -7.7026E-02
  1.1483E-01
  4.8784E-01
  9.5171E-01
  7.2169E-01
 -4.3185E-02
 -1.4475E+00
 -4.8762E-02
 -1.0048E+00
 -2.4015E+00
 -1.1765E+00
 -4.6806E-01
 -1.9646E+00
 -4.5266E-01
  1.7857E+01
  3.6061E+01
  1.3549E+01
  3.2741E+00
  4.8507E+00
  2.6190E+00
 -2.3423E+01
 -3.5017E+01
 -1.9704E+01
