Scalar STRAINXY under NLStatic for nodeset
189
   0.0000E+00
  0.0000E+00
  0.0000E+00
  0.0000E+00
  0.0000E+00
  0.0000E+00
  0.0000E+00
  0.0000E+00
  0.0000E+00
  0.0000E+00
 -2.1232E+01
  5.4894E-10
  2.1232E+01
  5.5411E-10
  6.6266E-15
 -5.5100E-10
  2.1232E+01
 -5.5007E-10
 -2.1232E+01
  1.2143E+00
  2.5256E-10
 -1.2143E+00
  2.5359E-10
  1.0023E-13
 -2.5317E-10
 -1.2143E+00
 -2.5199E-10
  1.2143E+00
 -2.8649E+01
 -3.8785E-09
  2.8649E+01
 -4.0458E-09
 -2.6420E-13
  4.0445E-09
  2.8649E+01
  3.8785E-09
 -2.8649E+01
 -8.6406E-01
 -8.1036E-10
  8.6406E-01
 -8.4160E-10
 -7.2170E-13
  8.4041E-10
  8.6406E-01
  8.0962E-10
 -8.6406E-01
 -3.1021E+01
 -4.2156E-09
  3.1021E+01
 -4.4170E-09
  2.4036E-14
  4.4142E-09
  3.1021E+01
  4.2166E-09
 -3.1021E+01
 -3.5275E+01
 -1.5470E-09
  3.5275E+01
 -1.6220E-09
 -4.2655E-14
  1.6219E-09
  3.5275E+01
  1.5465E-09
 -3.5275E+01
 -2.5401E+00
  2.4219E-10
  2.5401E+00
  2.2881E-10
 -3.9715E-14
 -2.2536E-10
  2.5401E+00
 -2.4281E-10
 -2.5401E+00
 -3.7944E+00
 -1.3151E-09
  3.7944E+00
 -1.3980E-09
  1.1975E-12
  1.3978E-09
  3.7944E+00
  1.3174E-09
 -3.7944E+00
 -5.2032E+00
  2.4288E-10
  5.2032E+00
  2.5525E-10
 -1.3874E-13
 -2.5484E-10
  5.2032E+00
 -2.4299E-10
 -5.2032E+00
 -4.0083E+01
  3.8453E-10
  4.0083E+01
  3.9562E-10
  4.6158E-14
 -3.9553E-10
  4.0083E+01
 -3.8596E-10
 -4.0083E+01
 -1.9466E+01
 -4.5148E-09
  1.9466E+01
 -4.7313E-09
  7.8222E-12
  4.7272E-09
  1.9466E+01
  4.5205E-09
 -1.9466E+01
  1.5783E-01
 -4.0820E-10
 -1.5783E-01
 -4.2956E-10
  6.6259E-13
  4.2917E-10
 -1.5783E-01
  4.0871E-10
  1.5783E-01
  2.0313E-01
 -6.8688E-11
 -2.0313E-01
 -7.2817E-11
  1.6598E-13
  7.2802E-11
 -2.0313E-01
  6.8828E-11
  2.0313E-01
  7.2641E-01
 -6.8217E-12
 -7.2641E-01
 -6.1150E-12
  1.6764E-14
  6.1472E-12
 -7.2641E-01
  6.9143E-12
  7.2641E-01
  9.8228E-02
 -2.5852E-12
 -9.8228E-02
 -2.8900E-12
  1.6181E-14
  2.8859E-12
 -9.8228E-02
  2.6111E-12
  9.8228E-02
 -2.0294E-01
 -3.3320E-12
  2.0294E-01
 -3.8963E-12
  3.3055E-14
  3.8231E-12
  2.0294E-01
  3.3438E-12
 -2.0294E-01
 -2.4970E-01
 -1.4715E-11
  2.4970E-01
 -1.7179E-11
  3.4044E-13
  1.6654E-11
  2.4970E-01
  1.4648E-11
 -2.4970E-01
 -2.4545E-01
 -1.1067E-12
  2.4545E-01
 -1.3061E-12
  1.3930E-14
  1.2272E-12
  2.4545E-01
  1.0971E-12
 -2.4545E-01
 -2.3463E-01
  1.3924E-13
  2.3463E-01
 -7.7610E-13
 -2.6901E-15
  7.5316E-13
  2.3463E-01
 -1.2566E-13
 -2.3463E-01
 -8.6352E-01
  1.6136E-12
  8.6352E-01
 -2.2616E-12
 -5.9033E-15
  2.2006E-12
  8.6352E-01
 -1.6045E-12
 -8.6352E-01
