Scalar STRAINXX under NLStatic for nodeset
189
   0.0000E+00
  0.0000E+00
  0.0000E+00
  0.0000E+00
  0.0000E+00
  0.0000E+00
  0.0000E+00
  0.0000E+00
  0.0000E+00
  0.0000E+00
 -1.0441E-01
 -1.0695E-01
 -1.1209E-01
 -9.8835E-02
 -1.1099E-01
 -1.2489E-01
 -9.3259E-02
 -1.1503E-01
 -1.3769E-01
 -9.8294E-02
 -2.2627E-01
 -2.7784E-01
 -1.0003E-01
 -2.1011E-01
 -2.4963E-01
 -1.0176E-01
 -1.9395E-01
 -2.2142E-01
 -1.5778E-01
 -3.1293E-01
 -3.2799E-01
 -1.6779E-01
 -2.0765E-01
 -1.9021E-01
 -1.7780E-01
 -1.0238E-01
 -5.2444E-02
 -2.0937E-01
 -1.0201E-01
 -1.5172E-01
 -1.4954E-01
 -8.8053E-02
 -1.1079E-01
 -8.9711E-02
 -7.4097E-02
 -6.9854E-02
 -8.5570E-02
 -1.0258E-01
 -9.6001E-02
 -8.7592E-02
 -1.0180E-01
 -8.8047E-02
 -8.9614E-02
 -1.0102E-01
 -8.0093E-02
 -6.4326E-02
 -1.3063E-01
 -1.0569E-01
 -7.3917E-02
 -1.3227E-01
 -1.0668E-01
 -8.3508E-02
 -1.3391E-01
 -1.0768E-01
 -8.5117E-02
 -1.1719E-01
 -8.5941E-02
 -9.8992E-02
 -1.0678E-01
 -1.0106E-01
 -1.1287E-01
 -9.6375E-02
 -1.1618E-01
 -3.0054E-02
 -1.6276E-01
 -5.0291E-02
 -9.4608E-02
 -1.1415E-01
 -8.2930E-02
 -1.5916E-01
 -6.5536E-02
 -1.1557E-01
 -6.0676E-03
 -2.4195E-01
 -6.3216E-02
 -1.6007E-01
 -1.6097E-01
 -3.1352E-02
 -3.1406E-01
 -7.9980E-02
  5.1086E-04
 -2.0102E-01
 -2.0541E-01
 -1.3233E-01
 -3.3424E-02
 -2.1557E-01
 -1.1181E-01
  1.3417E-01
 -2.2573E-01
 -9.1283E-02
 -1.2439E-01
 -1.3756E-01
 -9.9582E-02
 -1.0538E-01
 -1.2919E-01
 -9.1126E-02
 -8.6375E-02
 -1.2081E-01
 -8.2670E-02
 -1.2067E-01
 -9.3215E-02
 -1.0041E-01
 -1.1908E-01
 -9.2918E-02
 -1.0199E-01
 -1.1749E-01
 -9.2622E-02
 -1.0358E-01
 -1.1833E-01
 -5.2649E-02
 -4.9265E-02
 -1.1631E-01
 -6.9649E-02
 -7.0838E-02
 -1.1429E-01
 -8.6650E-02
 -9.2411E-02
 -1.4253E-01
 -6.1892E-02
 -3.5587E-03
 -1.4222E-01
 -2.1296E-02
  1.0452E-01
 -1.4191E-01
  1.9299E-02
  2.1260E-01
 -1.1236E-01
 -1.0551E-01
 -9.7699E-02
 -1.1855E-01
 -9.1948E-02
 -7.8521E-02
 -1.2474E-01
 -7.8389E-02
 -5.9344E-02
 -1.0621E-01
 -1.0776E-01
 -1.0459E-01
 -1.0580E-01
 -1.0766E-01
 -1.0586E-01
 -1.0540E-01
 -1.0757E-01
 -1.0713E-01
 -1.0781E-01
 -1.0664E-01
 -1.1010E-01
 -1.0323E-01
 -1.0769E-01
 -1.1149E-01
 -9.8658E-02
 -1.0875E-01
 -1.1288E-01
 -8.5948E-02
 -1.1131E-01
 -1.0957E-01
 -1.0944E-01
 -1.1094E-01
 -1.0975E-01
 -1.3294E-01
 -1.1056E-01
 -1.0993E-01
 -2.2749E-01
 -1.3601E-02
 -1.4561E-01
 -1.7484E-01
 -6.5814E-02
 -1.2591E-01
 -1.2218E-01
 -1.1803E-01
 -1.0620E-01
  2.8236E-02
 -1.1794E-02
 -1.3928E-01
 -2.6500E-02
 -6.0423E-02
 -1.2739E-01
 -8.1237E-02
 -1.0905E-01
 -1.1550E-01
