Scalar MD under NLStatic for nodeset
189
   0.0000E+00
  0.0000E+00
  0.0000E+00
  0.0000E+00
  0.0000E+00
  0.0000E+00
  0.0000E+00
  0.0000E+00
  0.0000E+00
  0.0000E+00
  1.9293E+00
  1.6564E+00
  1.9293E+00
  1.6564E+00
  7.0684E-02
  1.6564E+00
  1.9293E+00
  1.6564E+00
  1.9293E+00
  4.0775E-01
  4.5161E-01
  4.0775E-01
  4.5161E-01
  4.5049E-01
  4.5161E-01
  4.0775E-01
  4.5161E-01
  4.0775E-01
  1.3223E+00
  1.9387E+00
  1.3223E+00
  1.9387E+00
  9.0645E-01
  1.9387E+00
  1.3223E+00
  1.9387E+00
  1.3223E+00
  1.0319E+00
  2.3145E+00
  1.0319E+00
  2.3145E+00
  6.9601E-01
  2.3145E+00
  1.0319E+00
  2.3145E+00
  1.0319E+00
  3.3614E+00
  8.8443E-01
  3.3614E+00
  8.8443E-01
  5.4192E-01
  8.8443E-01
  3.3614E+00
  8.8443E-01
  3.3614E+00
  4.3342E+00
  2.0299E+00
  4.3342E+00
  2.0299E+00
  2.0065E+00
  2.0299E+00
  4.3342E+00
  2.0299E+00
  4.3342E+00
  3.2296E+00
  2.4246E+00
  3.2296E+00
  2.4246E+00
  1.6974E+00
  2.4246E+00
  3.2296E+00
  2.4246E+00
  3.2296E+00
  2.4012E+00
  2.1547E+00
  2.4012E+00
  2.1547E+00
  1.8631E+00
  2.1547E+00
  2.4012E+00
  2.1547E+00
  2.4012E+00
  3.5764E+00
  3.1767E+00
  3.5764E+00
  3.1767E+00
  3.2330E+00
  3.1767E+00
  3.5764E+00
  3.1767E+00
  3.5764E+00
  4.2224E+00
  2.9764E+00
  4.2224E+00
  2.9764E+00
  2.6312E+00
  2.9764E+00
  4.2224E+00
  2.9764E+00
  4.2224E+00
  4.0891E+00
  7.5278E+00
  4.0891E+00
  7.5278E+00
  3.5504E+00
  7.5278E+00
  4.0891E+00
  7.5278E+00
  4.0891E+00
  5.5114E+00
  5.6433E+00
  5.5114E+00
  5.6433E+00
  5.5060E+00
  5.6433E+00
  5.5114E+00
  5.6433E+00
  5.5114E+00
  5.3053E+00
  5.0948E+00
  5.3053E+00
  5.0948E+00
  5.0534E+00
  5.0948E+00
  5.3053E+00
  5.0948E+00
  5.3053E+00
  6.6415E+00
  6.7082E+00
  6.6415E+00
  6.7082E+00
  6.8166E+00
  6.7082E+00
  6.6415E+00
  6.7082E+00
  6.6415E+00
  7.8486E+00
  7.9138E+00
  7.8486E+00
  7.9138E+00
  7.9591E+00
  7.9138E+00
  7.8486E+00
  7.9138E+00
  7.8486E+00
  7.5769E+00
  7.4477E+00
  7.5769E+00
  7.4477E+00
  7.4306E+00
  7.4477E+00
  7.5769E+00
  7.4477E+00
  7.5769E+00
  8.7350E+00
  8.6709E+00
  8.7350E+00
  8.6709E+00
  8.6798E+00
  8.6709E+00
  8.7350E+00
  8.6709E+00
  8.7350E+00
  9.8556E+00
  9.8941E+00
  9.8556E+00
  9.8941E+00
  9.9339E+00
  9.8941E+00
  9.8556E+00
  9.8941E+00
  9.8556E+00
  9.5064E+00
  9.4066E+00
  9.5064E+00
  9.4066E+00
  9.3792E+00
  9.4066E+00
  9.5064E+00
  9.4066E+00
  9.5064E+00
  1.0767E+01
  1.0551E+01
  1.0767E+01
  1.0551E+01
  1.0674E+01
  1.0551E+01
  1.0767E+01
  1.0551E+01
  1.0767E+01
