Scalar STRAINXY under NLStatic for nodeset
189
   0.0000E+00
  0.0000E+00
  0.0000E+00
  0.0000E+00
  0.0000E+00
  0.0000E+00
  0.0000E+00
  0.0000E+00
  0.0000E+00
  0.0000E+00
 -2.1232E+01
  1.6198E-09
  2.1232E+01
  9.2234E-11
  2.1193E-12
 -9.7764E-11
  2.1232E+01
 -1.6153E-09
 -2.1232E+01
  1.2143E+00
  7.4344E-10
 -1.2143E+00
  2.5620E-11
  2.9444E-13
 -2.5568E-11
 -1.2143E+00
 -7.4138E-10
  1.2143E+00
 -2.8649E+01
 -1.1521E-08
  2.8649E+01
 -9.1120E-10
  4.1516E-13
  9.1079E-10
  2.8649E+01
  1.1514E-08
 -2.8649E+01
 -8.6406E-01
 -2.4174E-09
  8.6406E-01
 -1.8944E-10
 -4.6632E-14
  1.8643E-10
  8.6406E-01
  2.4148E-09
 -8.6406E-01
 -3.1021E+01
 -1.2506E-08
  3.1021E+01
 -9.6540E-10
  7.3004E-14
  9.6626E-10
  3.1021E+01
  1.2499E-08
 -3.1021E+01
 -3.5275E+01
 -4.5800E-09
  3.5275E+01
 -2.5901E-10
 -1.6360E-13
  2.6211E-10
  3.5275E+01
  4.5743E-09
 -3.5275E+01
 -2.5401E+00
  7.4717E-10
  2.5401E+00
  9.1732E-11
  2.7263E-13
 -8.6829E-11
  2.5401E+00
 -7.4634E-10
 -2.5401E+00
 -3.7944E+00
 -3.9155E-09
  3.7944E+00
 -3.9778E-10
  2.7147E-12
  3.9835E-10
  3.7944E+00
  3.9170E-09
 -3.7944E+00
 -5.2032E+00
  7.2156E-10
  5.2032E+00
  4.5985E-11
 -2.9772E-13
 -4.6015E-11
  5.2032E+00
 -7.1991E-10
 -5.2032E+00
 -4.0083E+01
  1.1336E-09
  4.0083E+01
  7.2623E-11
  2.2567E-13
 -7.4379E-11
  4.0083E+01
 -1.1306E-09
 -4.0083E+01
 -1.9466E+01
 -1.3340E-08
  1.9466E+01
 -1.3093E-09
  1.5599E-11
  1.3126E-09
  1.9466E+01
  1.3351E-08
 -1.9466E+01
  1.5783E-01
 -1.2139E-09
 -1.5783E-01
 -1.1362E-10
  1.6722E-12
  1.1413E-10
 -1.5783E-01
  1.2148E-09
  1.5783E-01
  2.0313E-01
 -2.0334E-10
 -2.0313E-01
 -2.1045E-11
  4.7405E-13
  2.1884E-11
 -2.0313E-01
  2.0343E-10
  2.0313E-01
  7.2641E-01
 -1.8354E-11
 -7.2641E-01
 -3.4962E-12
  5.8273E-14
  3.9210E-12
 -7.2641E-01
  1.8442E-11
  7.2641E-01
  9.8228E-02
 -7.7951E-12
 -9.8228E-02
 -9.8336E-13
  2.3012E-14
  1.0139E-12
 -9.8228E-02
  7.8322E-12
  9.8228E-02
 -2.0294E-01
 -1.0168E-11
  2.0294E-01
 -1.3984E-12
  1.4597E-14
  1.4003E-12
  2.0294E-01
  1.0206E-11
 -2.0294E-01
 -2.4970E-01
 -4.4775E-11
  2.4970E-01
 -7.5825E-12
  3.2550E-15
  7.5434E-12
  2.4970E-01
  4.4939E-11
 -2.4970E-01
 -2.4545E-01
 -3.3607E-12
  2.4545E-01
 -5.5142E-13
  1.8718E-15
  5.5216E-13
  2.4545E-01
  3.3738E-12
 -2.4545E-01
 -2.3463E-01
  1.9964E-13
  2.3463E-01
 -5.9397E-15
  5.8883E-16
  2.4911E-15
  2.3463E-01
 -1.9433E-13
 -2.3463E-01
 -8.6352E-01
  3.9717E-12
  8.6352E-01
  5.3357E-13
  9.7491E-16
 -5.4068E-13
  8.6352E-01
 -3.9659E-12
 -8.6352E-01
