Scalar STRAINXY under NLStatic for nodeset
189
   0.0000E+00
  0.0000E+00
  0.0000E+00
  0.0000E+00
  0.0000E+00
  0.0000E+00
  0.0000E+00
  0.0000E+00
  0.0000E+00
  0.0000E+00
 -6.5892E-01
 -4.3516E-02
  3.3805E-01
 -1.4630E-01
 -1.3988E-02
 -4.6270E-02
  7.3082E-01
 -2.0552E-01
 -1.0443E-01
  1.4064E-01
 -9.8223E-02
  1.8775E-02
  1.0840E-01
 -7.1645E-02
  9.2958E-02
  9.1052E-02
 -5.8729E-02
 -1.0696E-01
 -2.8771E-01
  3.7533E-01
  7.5446E-01
  2.6963E-01
  8.7669E-02
 -2.1100E-01
  1.2322E+00
  6.5721E-02
 -9.0543E-01
 -1.8153E+00
  7.7473E-01
  9.3023E-02
  1.2302E+00
 -6.5921E-02
 -1.9880E-01
  5.9231E+00
  1.0321E+00
 -4.9787E+00
 -1.5602E+00
 -3.2540E-02
  1.2239E+00
 -1.1531E-01
 -5.2788E-02
 -6.8197E-03
 -9.0562E-02
  4.1722E-02
 -2.5188E-01
  6.9090E-01
 -5.9479E-02
 -5.3270E-01
  2.9886E-02
  1.2579E-01
 -2.9219E-01
 -2.7787E-01
 -3.7355E-01
 -1.4166E-01
 -2.0988E-01
  2.8658E-01
 -4.2540E-01
  3.8050E-01
 -1.5710E-01
 -8.8885E-02
  5.9119E-01
  1.7831E-02
 -4.3359E-02
 -3.1311E-01
 -1.8803E-01
  8.5424E-02
  1.3036E-01
  8.8143E-03
 -2.2581E-02
  1.0008E-01
 -8.0785E-02
 -1.1212E-01
 -3.1326E-01
  1.4346E-01
  4.6898E-01
 -3.9483E-02
  5.3244E-02
 -6.2509E-02
  3.6619E-02
 -9.4456E-02
 -1.8967E-01
  1.8309E-01
  5.1168E-02
 -1.0379E-01
  1.9234E-01
  5.7381E-03
 -1.7606E-01
  7.5081E-01
  1.0275E-01
 -7.1154E-01
 -2.4373E-01
 -1.0243E-01
 -3.4330E-02
  2.5015E-01
  4.4150E-02
 -2.7644E-01
 -1.3179E-01
 -1.5850E-01
  5.5414E-02
 -4.4915E-01
  4.2591E-01
  2.2584E-01
  1.0375E-01
  5.7355E-02
  5.2635E-01
  6.1430E-01
  2.3870E-01
 -1.9370E+00
 -6.2676E-01
  3.7929E-01
  5.5661E+00
  1.1644E-01
 -1.9637E-01
 -2.6072E+00
  1.1321E+00
 -8.7290E-01
 -1.8607E+00
 -2.0444E+02
 -4.4911E+01
  6.9086E+02
  2.5864E+01
 -2.9568E+00
 -1.1815E+02
 -2.4216E+00
 -7.9966E+01
 -1.3184E+02
 -1.2336E+02
  5.2257E+00
  8.5791E+01
  2.4557E+01
 -1.0487E+01
 -1.3104E+01
 -3.2847E+01
 -3.4154E+01
 -5.3046E+01
  6.5936E+00
 -7.8018E+00
  5.9706E+01
  2.2309E+01
 -6.5090E+00
  1.2414E+01
  5.8166E+00
  4.4792E+00
 -3.5627E+01
 -3.5013E+01
  1.4633E+02
  1.7757E+02
  6.9068E+01
  1.7674E+02
  5.4764E+01
 -1.9463E+01
  7.4466E+01
 -1.0438E+02
 -7.9120E+02
  4.2355E+02
 -2.3142E+01
 -3.4095E+01
  2.0475E+02
  1.3290E+02
  2.3023E+02
  6.7015E+01
  9.3379E+01
 -2.6307E+03
  1.6616E+03
 -1.4191E+02
 -5.0826E+02
  5.4666E+02
  1.7822E+02
 -7.3046E+01
  1.0352E+02
  1.1318E+02
 -4.0192E+02
  1.6632E+03
 -2.1936E+02
 -8.6908E+02
  8.3992E+02
  1.2079E+02
 -5.4218E+02
  1.5136E+02
  1.3030E+02
