Scalar STRAINXZ under NLStatic for nodeset
189
   0.0000E+00
  4.9904E-01
  1.8564E-02
  6.9148E-01
  1.4381E-01
  1.5284E-01
  1.3826E-01
 -1.1838E-01
  2.4970E-01
 -3.5901E-01
  7.1689E-01
  3.8299E-01
  6.5521E-01
  1.2605E-01
  2.0774E-01
  7.0104E-02
 -3.9549E-01
  7.3591E-02
 -4.1299E-01
 -1.2913E-01
  5.7863E-02
 -2.7894E-01
  7.8710E-02
  6.0224E-02
  4.0929E-02
  1.0664E-01
  6.4215E-02
  2.1133E-01
  2.6399E-01
  1.2909E-02
  2.2313E-02
  2.2924E-02
  1.5349E-03
 -6.6251E-02
  1.3913E-01
 -1.3645E-01
 -8.7332E-02
  2.1310E-02
  3.2395E-02
  1.9017E-02
 -1.0656E+00
 -1.6192E-01
 -1.0388E-01
 -3.1371E+00
 -1.0371E+00
 -6.4610E-01
  6.8390E-01
  1.5543E-01
  1.0269E-01
  8.7862E-01
  5.2581E-01
  2.6263E-01
  2.5034E+00
  1.1805E+00
  4.6719E-01
 -1.9897E-01
 -5.3850E-01
 -5.7492E-01
 -1.2904E-01
 -3.1110E-01
 -4.2185E-01
 -8.2842E-01
  3.8552E-01
  1.4722E-01
 -1.2222E-01
  1.1294E-02
  4.4677E-02
 -1.1950E-01
 -7.8870E-02
 -4.5959E-02
 -3.5829E-02
 -1.4023E-01
 -2.3621E-01
 -1.3234E-01
 -1.5472E-01
 -1.9491E-01
 -1.7192E-01
 -2.2578E-01
 -2.3288E-01
 -2.5473E-01
 -2.9106E-01
 -2.6563E-01
  1.2465E-01
 -5.0395E-02
 -2.0810E-01
  2.9601E-02
 -1.5401E-01
 -4.6375E-02
 -1.5166E-01
 -1.9561E-01
  9.9967E-02
  5.3797E-02
  1.7159E-01
  1.3265E-01
  3.4971E-03
 -4.4285E-03
 -4.3562E-02
 -8.0894E-03
 -2.5597E-01
 -2.5169E-01
 -1.5382E-01
 -3.5984E-01
  6.4241E-02
 -5.6748E-02
  5.6519E-02
 -5.7331E-02
  6.5403E-02
  4.7297E-01
 -1.4567E-01
  1.4844E-01
  1.0628E-01
  1.4450E-01
  1.3273E-01
  1.4656E-01
  1.2915E-01
  7.1557E-02
  1.5675E-01
  7.6954E-02
  1.0122E-01
  3.7919E-02
  7.0164E-02
  2.2369E-01
  2.1659E-01
  2.1832E-01
  3.9287E-01
  4.4374E-01
  4.0964E-01
  8.8715E-02
  6.9190E-03
  5.6015E-02
  2.0031E-02
  6.0996E-03
  2.4748E-04
 -7.6632E-03
  1.1196E-02
 -1.2876E-02
 -1.2169E-01
 -5.1955E-02
 -6.7533E-03
  1.1260E-02
  9.5448E-03
 -3.9431E-03
  1.9202E-01
  5.9475E-02
  3.8407E-02
  1.6533E-01
  5.1774E-01
 -5.6287E-01
 -1.6220E-01
 -7.9558E-03
 -7.0184E-02
 -6.4566E-01
 -4.7700E-01
  3.0144E-01
 -1.4848E+00
 -7.1186E-01
 -1.1300E+00
 -1.2730E-01
 -3.4517E-01
 -2.4113E-01
  1.3332E+00
  1.1287E-01
  9.4747E-01
  5.7734E-01
  9.0918E-01
  1.7341E-01
 -1.1859E-01
  9.6385E-02
  1.0628E-01
 -9.7303E-01
 -8.9914E-01
 -2.6891E-01
 -3.0582E-01
  9.1413E-03
 -2.0018E-01
 -3.5588E-01
 -3.9142E-01
 -1.7240E-01
  4.4887E-02
 -5.4851E-01
 -5.9124E-02
  4.0746E+00
  7.3774E+00
  6.2458E+00
 -9.3249E-01
 -1.3720E+00
 -6.9596E-01
 -4.4290E+00
 -9.2351E+00
 -6.1530E+00
