Vector REACTIONS under Static for NODALGROUP 1: NODENUMBER X0  Y0  Z0  RESULT-1 RESULT-2 ... RESULT-N
9
   0.0000E+00
 166  0.0000E+00  1.0000E+01  0.0000E+00 -2.1365E+01  6.3859E+01 -2.1365E+01
 167  5.0000E-01  1.0000E+01  0.0000E+00  1.0315E-13  1.1270E+02 -4.1449E+01
 168  0.0000E+00  1.0000E+01  5.0000E-01 -4.1449E+01  1.1270E+02  2.9310E-14
 169  5.0000E-01  1.0000E+01  5.0000E-01  2.1050E-13  1.9546E+02  1.6875E-14
 170  0.0000E+00  1.0000E+01  1.0000E+00 -2.1365E+01  6.3859E+01  2.1365E+01
 171  5.0000E-01  1.0000E+01  1.0000E+00  1.5521E-13  1.1270E+02  4.1449E+01
 187  1.0000E+00  1.0000E+01  0.0000E+00  2.1365E+01  6.3859E+01 -2.1365E+01
 188  1.0000E+00  1.0000E+01  5.0000E-01  4.1449E+01  1.1270E+02 -1.3056E-13
 189  1.0000E+00  1.0000E+01  1.0000E+00  2.1365E+01  6.3859E+01  2.1365E+01
