Vector REACTIONS under Static for NODALGROUP 1: NODENUMBER X0  Y0  Z0  RESULT-1 RESULT-2 ... RESULT-N
9
   0.0000E+00
 166  0.0000E+00  1.0000E+01  0.0000E+00 -2.1365E+01  6.3859E+01 -2.1365E+01
 167  5.0000E-01  1.0000E+01  0.0000E+00  3.1419E-11  1.1270E+02 -4.1449E+01
 168  0.0000E+00  1.0000E+01  5.0000E-01 -4.1449E+01  1.1270E+02 -5.6738E-11
 169  5.0000E-01  1.0000E+01  5.0000E-01  1.4409E-10  1.9546E+02 -2.6055E-10
 170  0.0000E+00  1.0000E+01  1.0000E+00 -2.1365E+01  6.3859E+01  2.1365E+01
 171  5.0000E-01  1.0000E+01  1.0000E+00  3.1428E-11  1.1270E+02  4.1449E+01
 187  1.0000E+00  1.0000E+01  0.0000E+00  2.1365E+01  6.3859E+01 -2.1365E+01
 188  1.0000E+00  1.0000E+01  5.0000E-01  4.1449E+01  1.1270E+02 -5.6795E-11
 189  1.0000E+00  1.0000E+01  1.0000E+00  2.1365E+01  6.3859E+01  2.1365E+01
